0,0.0,0.0,0.20078740157480315,-0.051181102362204724,0.3661417322834646,-0.18110236220472442,0.484251968503937,-0.30708661417322836,0.594488188976378,-0.38188976377952755,0.2637795275590551,-0.46062992125984253,0.3425196850393701,-0.65748031496063,0.3937007874015748,-0.7834645669291339,0.42913385826771655,-0.9015748031496063,0.14960629921259844,-0.5,0.1968503937007874,-0.7244094488188977,0.23228346456692914,-0.8740157480314961,0.2559055118110236,-1.0,0.03543307086614173,-0.4881889763779528,0.031496062992125984,-0.7047244094488189,0.03543307086614173,-0.8503937007874016,0.03937007874015748,-0.9763779527559056,-0.07480314960629922,-0.42913385826771655,-0.14566929133858267,-0.5787401574803149,-0.18503937007874016,-0.6850393700787402,-0.2204724409448819,-0.7874015748031497
1,0.0,0.0,-0.3,-0.18666666666666668,-0.44666666666666666,-0.48,-0.4666666666666667,-0.76,-0.4666666666666667,-1.0,-0.3,-0.6733333333333333,-0.29333333333333333,-0.9066666666666666,-0.31333333333333335,-0.6666666666666666,-0.31333333333333335,-0.58,-0.13333333333333333,-0.6466666666666666,-0.11333333333333333,-0.8533333333333334,-0.16666666666666666,-0.5666666666666667,-0.16,-0.54,0.04,-0.58,0.05333333333333334,-0.7666666666666667,-0.02666666666666667,-0.5,-0.02666666666666667,-0.4533333333333333,0.22,-0.5133333333333333,0.21333333333333335,-0.6866666666666666,0.12666666666666668,-0.5133333333333333,0.11333333333333333,-0.44666666666666666
2,0.0,0.0,-0.17714285714285713,-0.06857142857142857,-0.26857142857142857,-0.22857142857142856,-0.25142857142857145,-0.38285714285714284,-0.19428571428571428,-0.52,-0.29714285714285715,-0.4742857142857143,-0.3657142857142857,-0.7028571428571428,-0.4,-0.8571428571428571,-0.4114285714285714,-1.0,-0.16,-0.4685714285714286,-0.12571428571428572,-0.5885714285714285,-0.12571428571428572,-0.38857142857142857,-0.14857142857142858,-0.29714285714285715,-0.02857142857142857,-0.44,-0.005714285714285714,-0.5085714285714286,-0.03428571428571429,-0.32571428571428573,-0.06857142857142857,-0.2571428571428571,0.08571428571428572,-0.3942857142857143,0.09142857142857143,-0.4514285714285714,0.045714285714285714,-0.3142857142857143,0.005714285714285714,-0.26285714285714284
3,0.0,0.0,-0.23867069486404835,-0.06042296072507553,-0.4199395770392749,-0.1782477341389728,-0.552870090634441,-0.31722054380664655,-0.56797583081571,-0.4471299093655589,-0.2719033232628399,-0.41389728096676737,-0.41389728096676737,-0.540785498489426,-0.5075528700906344,-0.525679758308157,-0.5558912386706949,-0.4652567975830816,-0.16314199395770393,-0.5075528700906344,-0.24471299093655588,-0.7099697885196374,-0.338368580060423,-0.8429003021148036,-0.4199395770392749,-0.9335347432024169,-0.04229607250755287,-0.5377643504531722,-0.03323262839879154,-0.7462235649546828,-0.054380664652567974,-0.8912386706948641,-0.09063444108761329,-1.0,0.06646525679758308,-0.5226586102719033,0.1299093655589124,-0.6948640483383686,0.15709969788519637,-0.8066465256797583,0.16314199395770393,-0.9003021148036254
4,0.0,0.0,-0.06666666666666667,-0.25925925925925924,-0.2074074074074074,-0.5703703703703704,-0.26666666666666666,-0.8074074074074075,-0.25925925925925924,-1.0,-0.22962962962962963,-0.5407407407407407,-0.5925925925925926,-0.5407407407407407,-0.4962962962962963,-0.4666666666666667,-0.37777777777777777,-0.4740740740740741,-0.24444444444444444,-0.37037037037037035,-0.6222222222222222,-0.37037037037037035,-0.5185185185185185,-0.32592592592592595,-0.4,-0.32592592592592595,-0.26666666666666666,-0.1925925925925926,-0.6148148148148148,-0.21481481481481482,-0.5185185185185185,-0.17037037037037037,-0.4,-0.16296296296296298,-0.3037037037037037,-0.022222222222222223,-0.5925925925925926,-0.05185185185185185,-0.5037037037037037,-0.037037037037037035,-0.3925925925925926,-0.022222222222222223
4,0.0,0.0,-0.07575757575757576,-0.25,-0.2196969696969697,-0.5606060606060606,-0.2727272727272727,-0.803030303030303,-0.26515151515151514,-1.0,-0.22727272727272727,-0.5454545454545454,-0.5984848484848485,-0.553030303030303,-0.5227272727272727,-0.4772727272727273,-0.3939393939393939,-0.4772727272727273,-0.24242424242424243,-0.3712121212121212,-0.6287878787878788,-0.38636363636363635,-0.5454545454545454,-0.3333333333333333,-0.42424242424242425,-0.32575757575757575,-0.26515151515151514,-0.19696969696969696,-0.6212121212121212,-0.22727272727272727,-0.5378787878787878,-0.18181818181818182,-0.4166666666666667,-0.1590909090909091,-0.3106060606060606,-0.015151515151515152,-0.5984848484848485,-0.06060606060606061,-0.5303030303030303,-0.045454545454545456,-0.4166666666666667,-0.030303030303030304
4,0.0,0.0,-0.06060606060606061,-0.25,-0.20454545454545456,-0.5606060606060606,-0.26515151515151514,-0.803030303030303,-0.2727272727272727,-1.0,-0.24242424242424243,-0.553030303030303,-0.6136363636363636,-0.5454545454545454,-0.5227272727272727,-0.4696969696969697,-0.3939393939393939,-0.4696969696969697,-0.25757575757575757,-0.38636363636363635,-0.6439393939393939,-0.3787878787878788,-0.5303030303030303,-0.32575757575757575,-0.4090909090909091,-0.3181818181818182,-0.2878787878787879,-0.20454545454545456,-0.6439393939393939,-0.22727272727272727,-0.5303030303030303,-0.17424242424242425,-0.4015151515151515,-0.1590909090909091,-0.3181818181818182,-0.030303030303030304,-0.5909090909090909,-0.05303030303030303,-0.5,-0.030303030303030304,-0.3939393939393939,-0.022727272727272728
4,0.0,0.0,-0.06766917293233082,-0.2556390977443609,-0.21052631578947367,-0.5639097744360902,-0.2706766917293233,-0.8045112781954887,-0.2781954887218045,-1.0,-0.24060150375939848,-0.5488721804511278,-0.6090225563909775,-0.5488721804511278,-0.518796992481203,-0.47368421052631576,-0.39849624060150374,-0.48120300751879697,-0.2556390977443609,-0.38345864661654133,-0.631578947368421,-0.37593984962406013,-0.5338345864661654,-0.3308270676691729,-0.41353383458646614,-0.3233082706766917,-0.2781954887218045,-0.20300751879699247,-0.6240601503759399,-0.22556390977443608,-0.5338345864661654,-0.17293233082706766,-0.41353383458646614,-0.16541353383458646,-0.3157894736842105,-0.03007518796992481,-0.5939849624060151,-0.05263157894736842,-0.518796992481203,-0.03759398496240601,-0.40601503759398494,-0.03007518796992481
4,0.0,0.0,-0.07518796992481203,-0.2556390977443609,-0.21804511278195488,-0.556390977443609,-0.2781954887218045,-0.8045112781954887,-0.2706766917293233,-1.0,-0.2631578947368421,-0.556390977443609,-0.6165413533834586,-0.5338345864661654,-0.5338345864661654,-0.46616541353383456,-0.41353383458646614,-0.47368421052631576,-0.2706766917293233,-0.39849624060150374,-0.6390977443609023,-0.37593984962406013,-0.556390977443609,-0.3233082706766917,-0.43609022556390975,-0.3233082706766917,-0.2932330827067669,-0.21804511278195488,-0.631578947368421,-0.22556390977443608,-0.5488721804511278,-0.17293233082706766,-0.43609022556390975,-0.16541353383458646,-0.3308270676691729,-0.045112781954887216,-0.6015037593984962,-0.06766917293233082,-0.5263157894736842,-0.045112781954887216,-0.42105263157894735,-0.03007518796992481
4,0.0,0.0,-0.06818181818181818,-0.25757575757575757,-0.21212121212121213,-0.5681818181818182,-0.26515151515151514,-0.8106060606060606,-0.2727272727272727,-1.0,-0.2878787878787879,-0.5833333333333334,-0.6287878787878788,-0.5454545454545454,-0.553030303030303,-0.4696969696969697,-0.4393939393939394,-0.4772727272727273,-0.30303030303030304,-0.4166666666666667,-0.6666666666666666,-0.3787878787878788,-0.5833333333333334,-0.32575757575757575,-0.4621212121212121,-0.32575757575757575,-0.32575757575757575,-0.23484848484848486,-0.6590909090909091,-0.23484848484848486,-0.5833333333333334,-0.18181818181818182,-0.4621212121212121,-0.17424242424242425,-0.3560606060606061,-0.06060606060606061,-0.6060606060606061,-0.07575757575757576,-0.5378787878787878,-0.05303030303030303,-0.4318181818181818,-0.045454545454545456
4,0.0,0.0,-0.0859375,-0.2734375,-0.2265625,-0.578125,-0.296875,-0.8125,-0.3203125,-1.0,-0.34375,-0.6015625,-0.6953125,-0.546875,-0.65625,-0.4453125,-0.5625,-0.4296875,-0.359375,-0.4375,-0.71875,-0.3671875,-0.65625,-0.296875,-0.546875,-0.2890625,-0.3828125,-0.25,-0.71875,-0.2109375,-0.640625,-0.15625,-0.53125,-0.140625,-0.40625,-0.0625,-0.6796875,-0.046875,-0.609375,-0.015625,-0.5078125,-0.015625
4,0.0,0.0,-0.10655737704918032,-0.28688524590163933,-0.27049180327868855,-0.5655737704918032,-0.38524590163934425,-0.7950819672131147,-0.4180327868852459,-1.0,-0.4672131147540984,-0.5491803278688525,-0.8278688524590164,-0.48360655737704916,-0.7786885245901639,-0.4016393442622951,-0.6721311475409836,-0.38524590163934425,-0.5,-0.36065573770491804,-0.8524590163934426,-0.29508196721311475,-0.7868852459016393,-0.23770491803278687,-0.6639344262295082,-0.23770491803278687,-0.5245901639344263,-0.1557377049180328,-0.8360655737704918,-0.13114754098360656,-0.7704918032786885,-0.07377049180327869,-0.6475409836065574,-0.07377049180327869,-0.5409836065573771,0.040983606557377046,-0.8032786885245902,0.04918032786885246,-0.7295081967213115,0.08196721311475409,-0.6311475409836066,0.09016393442622951
4,0.0,0.0,-0.16842105263157894,-0.4,-0.42105263157894735,-0.6421052631578947,-0.6526315789473685,-0.7263157894736842,-0.8,-0.6947368421052632,-0.8210526315789474,-0.7052631578947368,-0.9789473684210527,-0.631578947368421,-0.8,-0.5789473684210527,-0.6526315789473685,-0.5368421052631579,-0.9157894736842105,-0.4631578947368421,-0.9894736842105263,-0.4105263157894737,-0.8315789473684211,-0.3684210526315789,-0.6947368421052632,-0.3263157894736842,-0.9368421052631579,-0.2,-0.9894736842105263,-0.17894736842105263,-0.8526315789473684,-0.15789473684210525,-0.7263157894736842,-0.12631578947368421,-0.9157894736842105,0.05263157894736842,-1.0,0.031578947368421054,-0.8631578947368421,0.042105263157894736,-0.7473684210526316,0.06315789473684211
4,0.0,0.0,-0.1206896551724138,-0.31896551724137934,-0.3017241379310345,-0.5948275862068966,-0.4482758620689655,-0.8103448275862069,-0.5172413793103449,-1.0,-0.6810344827586207,-0.49137931034482757,-0.6896551724137931,-0.4482758620689655,-0.5603448275862069,-0.39655172413793105,-0.47413793103448276,-0.3793103448275862,-0.7327586206896551,-0.28448275862068967,-0.6982758620689655,-0.25,-0.5775862068965517,-0.22413793103448276,-0.49137931034482757,-0.19827586206896552,-0.7327586206896551,-0.06896551724137931,-0.6896551724137931,-0.06896551724137931,-0.5862068965517241,-0.0603448275862069,-0.49137931034482757,-0.04310344827586207,-0.7068965517241379,0.1206896551724138,-0.6896551724137931,0.10344827586206896,-0.5775862068965517,0.10344827586206896,-0.5,0.10344827586206896
4,0.0,0.0,-0.07692307692307693,-0.3162393162393162,-0.2905982905982906,-0.5982905982905983,-0.4700854700854701,-0.811965811965812,-0.5726495726495726,-1.0,-0.7094017094017094,-0.5299145299145299,-0.6410256410256411,-0.46153846153846156,-0.5042735042735043,-0.41025641025641024,-0.4358974358974359,-0.37606837606837606,-0.7948717948717948,-0.3333333333333333,-0.6837606837606838,-0.28205128205128205,-0.5641025641025641,-0.24786324786324787,-0.49572649572649574,-0.2222222222222222,-0.8034188034188035,-0.1282051282051282,-0.7094017094017094,-0.10256410256410256,-0.5897435897435898,-0.08547008547008547,-0.5213675213675214,-0.06837606837606838,-0.7948717948717948,0.07692307692307693,-0.717948717948718,0.07692307692307693,-0.5982905982905983,0.06837606837606838,-0.5299145299145299,0.07692307692307693
4,0.0,0.0,-0.06306306306306306,-0.32432432432432434,-0.26126126126126126,-0.6036036036036037,-0.44144144144144143,-0.8108108108108109,-0.5315315315315315,-1.0,-0.7297297297297297,-0.5135135135135135,-0.6486486486486487,-0.46846846846846846,-0.4954954954954955,-0.4144144144144144,-0.42342342342342343,-0.3783783783783784,-0.8108108108108109,-0.3063063063063063,-0.6846846846846847,-0.2702702702702703,-0.5585585585585585,-0.24324324324324326,-0.4864864864864865,-0.21621621621621623,-0.8108108108108109,-0.09009009009009009,-0.7027027027027027,-0.07207207207207207,-0.5855855855855856,-0.07207207207207207,-0.5045045045045045,-0.06306306306306306,-0.7837837837837838,0.10810810810810811,-0.6936936936936937,0.10810810810810811,-0.5765765765765766,0.09009009009009009,-0.4954954954954955,0.09009009009009009
4,0.0,0.0,-0.07207207207207207,-0.34234234234234234,-0.26126126126126126,-0.6126126126126126,-0.43243243243243246,-0.8198198198198198,-0.5135135135135135,-1.0,-0.7297297297297297,-0.5045045045045045,-0.6486486486486487,-0.4774774774774775,-0.4954954954954955,-0.43243243243243246,-0.4144144144144144,-0.3963963963963964,-0.8018018018018018,-0.2882882882882883,-0.6936936936936937,-0.2702702702702703,-0.5585585585585585,-0.25225225225225223,-0.4774774774774775,-0.21621621621621623,-0.8108108108108109,-0.08108108108108109,-0.7117117117117117,-0.08108108108108109,-0.5855855855855856,-0.08108108108108109,-0.5045045045045045,-0.06306306306306306,-0.7837837837837838,0.10810810810810811,-0.7027027027027027,0.08108108108108109,-0.5855855855855856,0.06306306306306306,-0.5045045045045045,0.08108108108108109
4,0.0,0.0,-0.06481481481481481,-0.3333333333333333,-0.25925925925925924,-0.6018518518518519,-0.4351851851851852,-0.8148148148148148,-0.5092592592592593,-1.0,-0.7314814814814815,-0.5092592592592593,-0.6666666666666666,-0.4722222222222222,-0.5092592592592593,-0.4166666666666667,-0.42592592592592593,-0.37962962962962965,-0.8055555555555556,-0.2962962962962963,-0.7129629629629629,-0.26851851851851855,-0.5740740740740741,-0.24074074074074073,-0.49074074074074076,-0.2037037037037037,-0.8055555555555556,-0.08333333333333333,-0.7222222222222222,-0.07407407407407407,-0.6018518518518519,-0.07407407407407407,-0.5092592592592593,-0.046296296296296294,-0.7777777777777778,0.12037037037037036,-0.7129629629629629,0.1111111111111111,-0.5925925925925926,0.09259259259259259,-0.5185185185185185,0.10185185185185185
4,0.0,0.0,-0.08411214953271028,-0.32710280373831774,-0.2897196261682243,-0.6074766355140186,-0.4766355140186916,-0.8130841121495327,-0.5607476635514018,-1.0,-0.7850467289719626,-0.514018691588785,-0.7289719626168224,-0.4672897196261682,-0.5700934579439252,-0.411214953271028,-0.48598130841121495,-0.37383177570093457,-0.8598130841121495,-0.29906542056074764,-0.7570093457943925,-0.2523364485981308,-0.6074766355140186,-0.22429906542056074,-0.5327102803738317,-0.19626168224299065,-0.8598130841121495,-0.07476635514018691,-0.7570093457943925,-0.056074766355140186,-0.6261682242990654,-0.056074766355140186,-0.5420560747663551,-0.037383177570093455,-0.8317757009345794,0.14018691588785046,-0.7383177570093458,0.1308411214953271,-0.6074766355140186,0.11214953271028037,-0.5327102803738317,0.11214953271028037
4,0.0,0.0,-0.07407407407407407,-0.3333333333333333,-0.26851851851851855,-0.6018518518518519,-0.4444444444444444,-0.8055555555555556,-0.5277777777777778,-1.0,-0.7592592592592593,-0.5092592592592593,-0.6944444444444444,-0.4537037037037037,-0.5370370370370371,-0.4074074074074074,-0.4537037037037037,-0.37037037037037035,-0.8333333333333334,-0.28703703703703703,-0.7314814814814815,-0.25,-0.5925925925925926,-0.23148148148148148,-0.5092592592592593,-0.2037037037037037,-0.8333333333333334,-0.07407407407407407,-0.7314814814814815,-0.06481481481481481,-0.6111111111111112,-0.06481481481481481,-0.5277777777777778,-0.046296296296296294,-0.7962962962962963,0.12962962962962962,-0.7129629629629629,0.1111111111111111,-0.5925925925925926,0.09259259259259259,-0.5277777777777778,0.10185185185185185
4,0.0,0.0,-0.05555555555555555,-0.32407407407407407,-0.24074074074074073,-0.6111111111111112,-0.39814814814814814,-0.8148148148148148,-0.48148148148148145,-1.0,-0.7129629629629629,-0.5092592592592593,-0.6666666666666666,-0.48148148148148145,-0.5092592592592593,-0.4351851851851852,-0.42592592592592593,-0.39814814814814814,-0.7870370370370371,-0.3055555555555556,-0.6944444444444444,-0.2777777777777778,-0.5648148148148148,-0.25,-0.49074074074074076,-0.23148148148148148,-0.7870370370370371,-0.10185185185185185,-0.7037037037037037,-0.09259259259259259,-0.5833333333333334,-0.08333333333333333,-0.49074074074074076,-0.07407407407407407,-0.7592592592592593,0.09259259259259259,-0.6851851851851852,0.08333333333333333,-0.5740740740740741,0.07407407407407407,-0.5,0.07407407407407407
4,0.0,0.0,-0.037383177570093455,-0.3177570093457944,-0.24299065420560748,-0.5981308411214953,-0.411214953271028,-0.8130841121495327,-0.4766355140186916,-1.0,-0.6915887850467289,-0.5327102803738317,-0.616822429906542,-0.4672897196261682,-0.4766355140186916,-0.411214953271028,-0.40186915887850466,-0.38317757009345793,-0.7850467289719626,-0.3364485981308411,-0.6728971962616822,-0.2803738317757009,-0.5420560747663551,-0.2523364485981308,-0.4672897196261682,-0.22429906542056074,-0.794392523364486,-0.1308411214953271,-0.7009345794392523,-0.102803738317757,-0.5794392523364486,-0.09345794392523364,-0.4953271028037383,-0.07476635514018691,-0.7850467289719626,0.06542056074766354,-0.7009345794392523,0.07476635514018691,-0.5794392523364486,0.06542056074766354,-0.5046728971962616,0.06542056074766354
4,0.0,0.0,-0.05825242718446602,-0.32038834951456313,-0.24271844660194175,-0.5922330097087378,-0.4077669902912621,-0.8155339805825242,-0.4854368932038835,-1.0,-0.7378640776699029,-0.5533980582524272,-0.6699029126213593,-0.4563106796116505,-0.5242718446601942,-0.39805825242718446,-0.4368932038834951,-0.36893203883495146,-0.8155339805825242,-0.34951456310679613,-0.7281553398058253,-0.2524271844660194,-0.5825242718446602,-0.22330097087378642,-0.5048543689320388,-0.20388349514563106,-0.8349514563106796,-0.1262135922330097,-0.7475728155339806,-0.06796116504854369,-0.6213592233009708,-0.05825242718446602,-0.5339805825242718,-0.04854368932038835,-0.8155339805825242,0.07766990291262135,-0.7475728155339806,0.11650485436893204,-0.6213592233009708,0.10679611650485436,-0.5436893203883495,0.0970873786407767
4,0.0,0.0,-0.06666666666666667,-0.3047619047619048,-0.23809523809523808,-0.5904761904761905,-0.37142857142857144,-0.8095238095238095,-0.4380952380952381,-1.0,-0.6571428571428571,-0.5714285714285714,-0.6761904761904762,-0.47619047619047616,-0.5523809523809524,-0.4095238095238095,-0.4666666666666667,-0.3904761904761905,-0.7333333333333333,-0.38095238095238093,-0.7142857142857143,-0.29523809523809524,-0.6,-0.2571428571428571,-0.5047619047619047,-0.24761904761904763,-0.7619047619047619,-0.18095238095238095,-0.7142857142857143,-0.12380952380952381,-0.6095238095238096,-0.09523809523809523,-0.5142857142857142,-0.09523809523809523,-0.7619047619047619,0.01904761904761905,-0.7142857142857143,0.05714285714285714,-0.6,0.05714285714285714,-0.5238095238095238,0.05714285714285714
4,0.0,0.0,-0.06542056074766354,-0.3177570093457944,-0.22429906542056074,-0.5981308411214953,-0.3644859813084112,-0.822429906542056,-0.42990654205607476,-1.0,-0.6261682242990654,-0.5981308411214953,-0.6542056074766355,-0.5607476635514018,-0.5327102803738317,-0.4953271028037383,-0.45794392523364486,-0.45794392523364486,-0.7009345794392523,-0.4205607476635514,-0.6822429906542056,-0.38317757009345793,-0.5607476635514018,-0.3364485981308411,-0.48598130841121495,-0.29906542056074764,-0.7289719626168224,-0.22429906542056074,-0.6915887850467289,-0.19626168224299065,-0.5794392523364486,-0.16822429906542055,-0.4953271028037383,-0.14018691588785046,-0.7289719626168224,-0.028037383177570093,-0.7102803738317757,-0.028037383177570093,-0.5981308411214953,-0.009345794392523364,-0.5233644859813084,0.009345794392523364
4,0.0,0.0,-0.06666666666666667,-0.29523809523809524,-0.23809523809523808,-0.5904761904761905,-0.3523809523809524,-0.819047619047619,-0.4,-1.0,-0.580952380952381,-0.6190476190476191,-0.6666666666666666,-0.4666666666666667,-0.5619047619047619,-0.3904761904761905,-0.45714285714285713,-0.3904761904761905,-0.6571428571428571,-0.45714285714285713,-0.7047619047619048,-0.29523809523809524,-0.5904761904761905,-0.24761904761904763,-0.4857142857142857,-0.24761904761904763,-0.6857142857142857,-0.26666666666666666,-0.7238095238095238,-0.13333333333333333,-0.6190476190476191,-0.09523809523809523,-0.5142857142857142,-0.09523809523809523,-0.6857142857142857,-0.0761904761904762,-0.7238095238095238,0.02857142857142857,-0.6190476190476191,0.05714285714285714,-0.5333333333333333,0.05714285714285714
4,0.0,0.0,-0.09345794392523364,-0.3177570093457944,-0.27102803738317754,-0.5981308411214953,-0.38317757009345793,-0.822429906542056,-0.42990654205607476,-1.0,-0.5607476635514018,-0.6355140186915887,-0.7102803738317757,-0.48598130841121495,-0.5981308411214953,-0.4205607476635514,-0.48598130841121495,-0.4205607476635514,-0.6448598130841121,-0.45794392523364486,-0.7570093457943925,-0.3177570093457944,-0.6448598130841121,-0.2523364485981308,-0.5233644859813084,-0.24299065420560748,-0.6728971962616822,-0.24299065420560748,-0.7850467289719626,-0.14953271028037382,-0.6728971962616822,-0.102803738317757,-0.5607476635514018,-0.09345794392523364,-0.6728971962616822,-0.037383177570093455,-0.7757009345794392,0.028037383177570093,-0.6635514018691588,0.056074766355140186,-0.5700934579439252,0.056074766355140186
4,0.0,0.0,-0.0761904761904762,-0.2571428571428571,-0.26666666666666666,-0.580952380952381,-0.3904761904761905,-0.819047619047619,-0.44761904761904764,-1.0,-0.4380952380952381,-0.6761904761904762,-0.7428571428571429,-0.5238095238095238,-0.6571428571428571,-0.4380952380952381,-0.5333333333333333,-0.44761904761904764,-0.4857142857142857,-0.5333333333333333,-0.7904761904761904,-0.3523809523809524,-0.6952380952380952,-0.2761904761904762,-0.5714285714285714,-0.3047619047619048,-0.5238095238095238,-0.34285714285714286,-0.819047619047619,-0.2,-0.7142857142857143,-0.12380952380952381,-0.5904761904761905,-0.1523809523809524,-0.5619047619047619,-0.14285714285714285,-0.7714285714285715,-0.02857142857142857,-0.6761904761904762,0.01904761904761905,-0.5714285714285714,-0.009523809523809525
4,0.0,0.0,-0.1271186440677966,-0.2542372881355932,-0.3220338983050847,-0.559322033898305,-0.4576271186440678,-0.8050847457627118,-0.5084745762711864,-1.0,-0.423728813559322,-0.6694915254237288,-0.8135593220338984,-0.5338983050847458,-0.7203389830508474,-0.4322033898305085,-0.5932203389830508,-0.4406779661016949,-0.4406779661016949,-0.5423728813559322,-0.847457627118644,-0.3813559322033898,-0.7372881355932204,-0.3050847457627119,-0.6101694915254238,-0.3389830508474576,-0.4576271186440678,-0.3813559322033898,-0.8135593220338984,-0.2288135593220339,-0.7033898305084746,-0.1694915254237288,-0.5847457627118644,-0.211864406779661,-0.4745762711864407,-0.2033898305084746,-0.7288135593220338,-0.06779661016949153,-0.6271186440677966,-0.0423728813559322,-0.5084745762711864,-0.09322033898305085
4,0.0,0.0,-0.1349206349206349,-0.24603174603174602,-0.3492063492063492,-0.5476190476190477,-0.48412698412698413,-0.7857142857142857,-0.5396825396825397,-1.0,-0.3968253968253968,-0.6507936507936508,-0.8174603174603174,-0.48412698412698413,-0.7142857142857143,-0.3888888888888889,-0.5793650793650794,-0.42857142857142855,-0.373015873015873,-0.5158730158730159,-0.8015873015873016,-0.31746031746031744,-0.6825396825396826,-0.2698412698412698,-0.5634920634920635,-0.31746031746031744,-0.35714285714285715,-0.3412698412698413,-0.7619047619047619,-0.1746031746031746,-0.6349206349206349,-0.1349206349206349,-0.5158730158730159,-0.18253968253968253,-0.3492063492063492,-0.15079365079365079,-0.6746031746031746,-0.031746031746031744,-0.5793650793650794,-0.007936507936507936,-0.4523809523809524,-0.047619047619047616
4,0.0,0.0,-0.17647058823529413,-0.2426470588235294,-0.35294117647058826,-0.5441176470588235,-0.4485294117647059,-0.7867647058823529,-0.45588235294117646,-1.0,-0.36764705882352944,-0.6691176470588235,-0.7352941176470589,-0.49264705882352944,-0.6397058823529411,-0.4117647058823529,-0.5220588235294118,-0.4485294117647059,-0.3235294117647059,-0.5294117647058824,-0.7279411764705882,-0.3235294117647059,-0.6176470588235294,-0.29411764705882354,-0.5,-0.33088235294117646,-0.2867647058823529,-0.3602941176470588,-0.6691176470588235,-0.19117647058823528,-0.5588235294117647,-0.16176470588235295,-0.4485294117647059,-0.20588235294117646,-0.27205882352941174,-0.17647058823529413,-0.5808823529411765,-0.0661764705882353,-0.49264705882352944,-0.051470588235294115,-0.38235294117647056,-0.09558823529411764
4,0.0,0.0,-0.112,-0.248,-0.264,-0.552,-0.328,-0.8,-0.328,-1.0,-0.352,-0.632,-0.712,-0.52,-0.632,-0.424,-0.512,-0.448,-0.344,-0.504,-0.72,-0.36,-0.624,-0.304,-0.512,-0.336,-0.336,-0.336,-0.688,-0.232,-0.6,-0.176,-0.488,-0.2,-0.344,-0.168,-0.632,-0.08,-0.56,-0.048,-0.456,-0.08
4,0.0,0.0,-0.104,-0.24,-0.256,-0.544,-0.336,-0.792,-0.344,-1.0,-0.344,-0.632,-0.728,-0.52,-0.656,-0.416,-0.536,-0.432,-0.336,-0.488,-0.736,-0.368,-0.648,-0.296,-0.536,-0.312,-0.336,-0.32,-0.696,-0.224,-0.608,-0.168,-0.496,-0.184,-0.336,-0.144,-0.632,-0.072,-0.552,-0.048,-0.44,-0.064
4,0.0,0.0,-0.09375,-0.25,-0.2421875,-0.5546875,-0.328125,-0.796875,-0.3359375,-1.0,-0.3203125,-0.6328125,-0.671875,-0.5234375,-0.5859375,-0.4375,-0.46875,-0.4609375,-0.3203125,-0.484375,-0.6875,-0.3671875,-0.59375,-0.3203125,-0.484375,-0.3359375,-0.3203125,-0.3203125,-0.65625,-0.2265625,-0.5625,-0.171875,-0.453125,-0.1953125,-0.328125,-0.1484375,-0.6015625,-0.078125,-0.515625,-0.0546875,-0.40625,-0.078125
4,0.0,0.0,-0.09375,-0.2421875,-0.25,-0.546875,-0.3359375,-0.796875,-0.3359375,-1.0,-0.3203125,-0.6328125,-0.6796875,-0.53125,-0.59375,-0.4375,-0.4765625,-0.453125,-0.3203125,-0.4921875,-0.703125,-0.3671875,-0.6015625,-0.3125,-0.484375,-0.3359375,-0.3203125,-0.3203125,-0.671875,-0.234375,-0.5703125,-0.1796875,-0.4453125,-0.1953125,-0.328125,-0.140625,-0.6015625,-0.078125,-0.515625,-0.0625,-0.3984375,-0.0859375
4,0.0,0.0,-0.0859375,-0.25,-0.2265625,-0.5546875,-0.3125,-0.796875,-0.3203125,-1.0,-0.296875,-0.640625,-0.6640625,-0.546875,-0.6015625,-0.4453125,-0.484375,-0.4453125,-0.2890625,-0.5,-0.6796875,-0.3828125,-0.59375,-0.3203125,-0.4765625,-0.3359375,-0.2890625,-0.3359375,-0.6484375,-0.25,-0.5546875,-0.1875,-0.4453125,-0.203125,-0.296875,-0.1640625,-0.5859375,-0.09375,-0.5078125,-0.0625,-0.3984375,-0.0859375
4,0.0,0.0,-0.10077519379844961,-0.24806201550387597,-0.23255813953488372,-0.5503875968992248,-0.3178294573643411,-0.7984496124031008,-0.32558139534883723,-1.0,-0.31007751937984496,-0.6356589147286822,-0.6666666666666666,-0.5348837209302325,-0.5891472868217055,-0.4496124031007752,-0.4806201550387597,-0.46511627906976744,-0.3023255813953488,-0.5038759689922481,-0.6744186046511628,-0.37209302325581395,-0.5813953488372093,-0.32558139534883723,-0.4728682170542636,-0.3488372093023256,-0.3023255813953488,-0.34108527131782945,-0.6434108527131783,-0.24806201550387597,-0.5503875968992248,-0.20155038759689922,-0.4418604651162791,-0.21705426356589147,-0.31007751937984496,-0.17054263565891473,-0.5813953488372093,-0.09302325581395349,-0.5038759689922481,-0.07751937984496124,-0.3953488372093023,-0.10077519379844961
4,0.0,0.0,-0.09375,-0.25,-0.234375,-0.5546875,-0.3125,-0.796875,-0.3203125,-1.0,-0.3046875,-0.6328125,-0.65625,-0.5390625,-0.5703125,-0.453125,-0.453125,-0.4765625,-0.296875,-0.4921875,-0.671875,-0.375,-0.5703125,-0.328125,-0.4609375,-0.3515625,-0.296875,-0.328125,-0.640625,-0.2421875,-0.546875,-0.1875,-0.4375,-0.2109375,-0.3046875,-0.15625,-0.5859375,-0.09375,-0.5,-0.0625,-0.390625,-0.0859375
4,0.0,0.0,-0.10236220472440945,-0.2440944881889764,-0.2440944881889764,-0.5511811023622047,-0.3228346456692913,-0.7952755905511811,-0.3228346456692913,-1.0,-0.31496062992125984,-0.6456692913385826,-0.6692913385826772,-0.5275590551181102,-0.5826771653543307,-0.4409448818897638,-0.4645669291338583,-0.47244094488188976,-0.30708661417322836,-0.5118110236220472,-0.6771653543307087,-0.3700787401574803,-0.5748031496062992,-0.3228346456692913,-0.4566929133858268,-0.3464566929133858,-0.2992125984251969,-0.3464566929133858,-0.6377952755905512,-0.23622047244094488,-0.5433070866141733,-0.1889763779527559,-0.4330708661417323,-0.2125984251968504,-0.30708661417322836,-0.1732283464566929,-0.5826771653543307,-0.08661417322834646,-0.49606299212598426,-0.06299212598425197,-0.3858267716535433,-0.09448818897637795
4,0.0,0.0,-0.14285714285714285,-0.25396825396825395,-0.2857142857142857,-0.5555555555555556,-0.3492063492063492,-0.7936507936507936,-0.3333333333333333,-1.0,-0.29365079365079366,-0.6507936507936508,-0.6349206349206349,-0.5158730158730159,-0.5555555555555556,-0.4365079365079365,-0.4444444444444444,-0.46825396825396826,-0.2698412698412698,-0.5079365079365079,-0.626984126984127,-0.3412698412698413,-0.5238095238095238,-0.30952380952380953,-0.4126984126984127,-0.3492063492063492,-0.25396825396825395,-0.3412698412698413,-0.5793650793650794,-0.21428571428571427,-0.49206349206349204,-0.1746031746031746,-0.3888888888888889,-0.21428571428571427,-0.24603174603174602,-0.1746031746031746,-0.5238095238095238,-0.07936507936507936,-0.4444444444444444,-0.05555555555555555,-0.3412698412698413,-0.0873015873015873
4,0.0,0.0,0.11224489795918367,-0.2755102040816326,0.32653061224489793,-0.5612244897959183,0.45918367346938777,-0.7959183673469388,0.4897959183673469,-1.0,0.5306122448979592,-0.5102040816326531,0.8877551020408163,-0.40816326530612246,0.8469387755102041,-0.336734693877551,0.7244897959183674,-0.32653061224489793,0.5408163265306123,-0.3469387755102041,0.9081632653061225,-0.22448979591836735,0.826530612244898,-0.17346938775510204,0.6836734693877551,-0.1836734693877551,0.5408163265306123,-0.16326530612244897,0.8775510204081632,-0.05102040816326531,0.7959183673469388,-0.02040816326530612,0.673469387755102,-0.04081632653061224,0.5204081632653061,0.030612244897959183,0.7959183673469388,0.10204081632653061,0.7346938775510204,0.12244897959183673,0.6326530612244898,0.10204081632653061
4,0.0,0.0,0.1326530612244898,-0.2857142857142857,0.3673469387755102,-0.5612244897959183,0.5102040816326531,-0.7857142857142857,0.5306122448979592,-1.0,0.6122448979591837,-0.5408163265306123,0.9489795918367347,-0.3469387755102041,0.8469387755102041,-0.29591836734693877,0.7040816326530612,-0.336734693877551,0.6122448979591837,-0.3673469387755102,0.9387755102040817,-0.1836734693877551,0.826530612244898,-0.14285714285714285,0.6938775510204082,-0.1836734693877551,0.5816326530612245,-0.1836734693877551,0.8877551020408163,-0.02040816326530612,0.7653061224489796,0.01020408163265306,0.6530612244897959,-0.030612244897959183,0.5510204081632653,0.01020408163265306,0.8061224489795918,0.1326530612244898,0.6938775510204082,0.14285714285714285,0.5816326530612245,0.10204081632653061
4,0.0,0.0,0.12121212121212122,-0.2828282828282828,0.36363636363636365,-0.5555555555555556,0.494949494949495,-0.7878787878787878,0.494949494949495,-1.0,0.5959595959595959,-0.5454545454545454,0.9191919191919192,-0.3333333333333333,0.8181818181818182,-0.2828282828282828,0.6767676767676768,-0.32323232323232326,0.5858585858585859,-0.3838383838383838,0.898989898989899,-0.18181818181818182,0.7777777777777778,-0.1414141414141414,0.6565656565656566,-0.18181818181818182,0.5656565656565656,-0.1919191919191919,0.8585858585858586,-0.020202020202020204,0.7474747474747475,0.010101010101010102,0.6262626262626263,-0.04040404040404041,0.5252525252525253,0.0,0.7777777777777778,0.12121212121212122,0.6767676767676768,0.13131313131313133,0.5656565656565656,0.10101010101010101
4,0.0,0.0,0.13131313131313133,-0.29292929292929293,0.3434343434343434,-0.5757575757575758,0.48484848484848486,-0.797979797979798,0.494949494949495,-1.0,0.5757575757575758,-0.5555555555555556,0.9191919191919192,-0.3838383838383838,0.8383838383838383,-0.30303030303030304,0.7070707070707071,-0.31313131313131315,0.5757575757575758,-0.3838383838383838,0.9090909090909091,-0.21212121212121213,0.8181818181818182,-0.15151515151515152,0.696969696969697,-0.1717171717171717,0.5555555555555556,-0.20202020202020202,0.8686868686868687,-0.04040404040404041,0.7676767676767676,0.0,0.6464646464646465,-0.04040404040404041,0.5252525252525253,-0.010101010101010102,0.7878787878787878,0.1111111111111111,0.6868686868686869,0.13131313131313133,0.5757575757575758,0.09090909090909091
4,0.0,0.0,0.13861386138613863,-0.27722772277227725,0.37623762376237624,-0.5643564356435643,0.5148514851485149,-0.7920792079207921,0.504950495049505,-1.0,0.5841584158415841,-0.5544554455445545,0.9207920792079208,-0.36633663366336633,0.8415841584158416,-0.297029702970297,0.7326732673267327,-0.31683168316831684,0.5643564356435643,-0.40594059405940597,0.9108910891089109,-0.2079207920792079,0.8118811881188119,-0.15841584158415842,0.6831683168316832,-0.18811881188118812,0.5445544554455446,-0.21782178217821782,0.8712871287128713,-0.04950495049504951,0.7722772277227723,-0.019801980198019802,0.6534653465346535,-0.0594059405940594,0.504950495049505,-0.019801980198019802,0.7623762376237624,0.09900990099009901,0.693069306930693,0.1188118811881188,0.594059405940594,0.0891089108910891
4,0.0,0.0,0.13,-0.27,0.37,-0.56,0.5,-0.79,0.5,-1.0,0.59,-0.56,0.94,-0.33,0.83,-0.28,0.69,-0.33,0.57,-0.41,0.91,-0.17,0.79,-0.13,0.67,-0.19,0.53,-0.22,0.86,-0.02,0.74,0.01,0.62,-0.04,0.49,-0.03,0.76,0.12,0.65,0.14,0.53,0.08
4,0.0,0.0,0.13,-0.27,0.37,-0.55,0.51,-0.79,0.5,-1.0,0.59,-0.55,0.94,-0.33,0.84,-0.27,0.7,-0.32,0.57,-0.39,0.92,-0.17,0.81,-0.13,0.67,-0.18,0.53,-0.2,0.86,-0.02,0.75,0.02,0.62,-0.03,0.49,-0.01,0.76,0.12,0.66,0.14,0.53,0.09
4,0.0,0.0,0.14,-0.27,0.38,-0.56,0.5,-0.79,0.5,-1.0,0.59,-0.54,0.94,-0.35,0.85,-0.28,0.71,-0.31,0.56,-0.38,0.93,-0.18,0.81,-0.13,0.68,-0.18,0.53,-0.2,0.88,-0.01,0.76,0.01,0.64,-0.03,0.49,0.0,0.78,0.12,0.67,0.13,0.55,0.09
4,0.0,0.0,0.12871287128712872,-0.27722772277227725,0.3465346534653465,-0.5643564356435643,0.48514851485148514,-0.7920792079207921,0.504950495049505,-1.0,0.5643564356435643,-0.5247524752475248,0.900990099009901,-0.4158415841584158,0.8118811881188119,-0.3465346534653465,0.6732673267326733,-0.36633663366336633,0.5643564356435643,-0.3465346534653465,0.900990099009901,-0.2376237623762376,0.8118811881188119,-0.18811881188118812,0.6831683168316832,-0.2079207920792079,0.5544554455445545,-0.15841584158415842,0.8613861386138614,-0.0594059405940594,0.7722772277227723,-0.0297029702970297,0.6435643564356436,-0.04950495049504951,0.5346534653465347,0.0297029702970297,0.7920792079207921,0.0891089108910891,0.7029702970297029,0.10891089108910891,0.594059405940594,0.0891089108910891
4,0.0,0.0,0.10416666666666667,-0.3854166666666667,0.3541666666666667,-0.625,0.5625,-0.8020833333333334,0.6666666666666666,-1.0,0.7916666666666666,-0.4270833333333333,0.6875,-0.40625,0.5520833333333334,-0.375,0.4791666666666667,-0.3541666666666667,0.8229166666666666,-0.20833333333333334,0.6979166666666666,-0.19791666666666666,0.5729166666666666,-0.19791666666666666,0.4895833333333333,-0.1875,0.78125,0.0,0.6770833333333334,-0.010416666666666666,0.5625,-0.020833333333333332,0.4791666666666667,-0.03125,0.6979166666666666,0.1875,0.6354166666666666,0.17708333333333334,0.5416666666666666,0.15625,0.46875,0.14583333333333334
4,0.0,0.0,0.0967741935483871,-0.3978494623655914,0.3225806451612903,-0.6344086021505376,0.5376344086021505,-0.8064516129032258,0.6451612903225806,-1.0,0.7526881720430108,-0.43010752688172044,0.6666666666666666,-0.45161290322580644,0.5268817204301075,-0.40860215053763443,0.45161290322580644,-0.3870967741935484,0.7956989247311828,-0.1935483870967742,0.6881720430107527,-0.23655913978494625,0.5591397849462365,-0.22580645161290322,0.4731182795698925,-0.1935483870967742,0.7634408602150538,0.021505376344086023,0.6774193548387096,-0.043010752688172046,0.5591397849462365,-0.043010752688172046,0.4731182795698925,-0.03225806451612903,0.6881720430107527,0.20430107526881722,0.6344086021505376,0.15053763440860216,0.5376344086021505,0.13978494623655913,0.46236559139784944,0.13978494623655913
4,0.0,0.0,0.08695652173913043,-0.3804347826086957,0.31521739130434784,-0.6304347826086957,0.532608695652174,-0.8043478260869565,0.6413043478260869,-1.0,0.75,-0.41304347826086957,0.6304347826086957,-0.41304347826086957,0.4891304347826087,-0.3695652173913043,0.42391304347826086,-0.34782608695652173,0.7934782608695652,-0.17391304347826086,0.6521739130434783,-0.20652173913043478,0.5217391304347826,-0.1956521739130435,0.44565217391304346,-0.17391304347826086,0.7608695652173914,0.043478260869565216,0.6413043478260869,-0.021739130434782608,0.5217391304347826,-0.021739130434782608,0.44565217391304346,-0.021739130434782608,0.6956521739130435,0.21739130434782608,0.6195652173913043,0.16304347826086957,0.5108695652173914,0.16304347826086957,0.44565217391304346,0.16304347826086957
4,0.0,0.0,0.07446808510638298,-0.3829787234042553,0.2978723404255319,-0.6382978723404256,0.5106382978723404,-0.8085106382978723,0.6276595744680851,-1.0,0.7340425531914894,-0.4148936170212766,0.6382978723404256,-0.40425531914893614,0.5106382978723404,-0.3723404255319149,0.43617021276595747,-0.3617021276595745,0.7872340425531915,-0.19148936170212766,0.6595744680851063,-0.20212765957446807,0.5425531914893617,-0.19148936170212766,0.4574468085106383,-0.19148936170212766,0.7553191489361702,0.010638297872340425,0.648936170212766,-0.02127659574468085,0.5319148936170213,-0.031914893617021274,0.44680851063829785,-0.031914893617021274,0.6914893617021277,0.19148936170212766,0.6170212765957447,0.1595744680851064,0.5106382978723404,0.14893617021276595,0.44680851063829785,0.13829787234042554
4,0.0,0.0,0.09375,-0.3958333333333333,0.34375,-0.6458333333333334,0.5729166666666666,-0.8229166666666666,0.6979166666666666,-1.0,0.78125,-0.4270833333333333,0.71875,-0.4791666666666667,0.5729166666666666,-0.4479166666666667,0.4895833333333333,-0.4166666666666667,0.8229166666666666,-0.19791666666666666,0.7291666666666666,-0.28125,0.6145833333333334,-0.2708333333333333,0.53125,-0.22916666666666666,0.7708333333333334,0.010416666666666666,0.71875,-0.09375,0.6145833333333334,-0.09375,0.5208333333333334,-0.0625,0.6979166666666666,0.17708333333333334,0.6666666666666666,0.09375,0.5729166666666666,0.07291666666666667,0.5,0.10416666666666667
4,0.0,0.0,0.10526315789473684,-0.3894736842105263,0.3473684210526316,-0.6421052631578947,0.5894736842105263,-0.8105263157894737,0.7157894736842105,-1.0,0.7894736842105263,-0.4421052631578947,0.7368421052631579,-0.45263157894736844,0.5789473684210527,-0.42105263157894735,0.5052631578947369,-0.4,0.8421052631578947,-0.2,0.7368421052631579,-0.24210526315789474,0.6,-0.23157894736842105,0.5157894736842106,-0.21052631578947367,0.8,0.021052631578947368,0.6947368421052632,-0.05263157894736842,0.5789473684210527,-0.06315789473684211,0.49473684210526314,-0.042105263157894736,0.7263157894736842,0.18947368421052632,0.6526315789473685,0.12631578947368421,0.5473684210526316,0.11578947368421053,0.4842105263157895,0.12631578947368421
4,0.0,0.0,0.10638297872340426,-0.40425531914893614,0.3404255319148936,-0.648936170212766,0.5851063829787234,-0.8191489361702128,0.723404255319149,-1.0,0.7872340425531915,-0.43617021276595747,0.723404255319149,-0.43617021276595747,0.5851063829787234,-0.39361702127659576,0.5,-0.3723404255319149,0.8404255319148937,-0.2127659574468085,0.723404255319149,-0.23404255319148937,0.6063829787234043,-0.22340425531914893,0.5212765957446809,-0.19148936170212766,0.7978723404255319,-0.010638297872340425,0.7021276595744681,-0.05319148936170213,0.5851063829787234,-0.05319148936170213,0.5,-0.0425531914893617,0.7340425531914894,0.1595744680851064,0.6595744680851063,0.11702127659574468,0.5531914893617021,0.10638297872340426,0.48936170212765956,0.10638297872340426
4,0.0,0.0,0.10416666666666667,-0.40625,0.3541666666666667,-0.6666666666666666,0.5833333333333334,-0.8333333333333334,0.7291666666666666,-1.0,0.7708333333333334,-0.4791666666666667,0.7083333333333334,-0.5104166666666666,0.5625,-0.46875,0.4791666666666667,-0.4375,0.8229166666666666,-0.2604166666666667,0.71875,-0.3229166666666667,0.5833333333333334,-0.3020833333333333,0.5,-0.2604166666666667,0.7916666666666666,-0.0625,0.7083333333333334,-0.14583333333333334,0.59375,-0.13541666666666666,0.5,-0.10416666666666667,0.7291666666666666,0.11458333333333333,0.6875,0.03125,0.5833333333333334,0.03125,0.5,0.052083333333333336
4,0.0,0.0,0.0989010989010989,-0.3956043956043956,0.31868131868131866,-0.6483516483516484,0.5494505494505495,-0.8241758241758241,0.7032967032967034,-1.0,0.7582417582417582,-0.46153846153846156,0.6703296703296703,-0.4725274725274725,0.5164835164835165,-0.43956043956043955,0.43956043956043955,-0.4065934065934066,0.8021978021978022,-0.21978021978021978,0.6703296703296703,-0.26373626373626374,0.5384615384615384,-0.24175824175824176,0.45054945054945056,-0.21978021978021978,0.7692307692307693,0.0,0.6483516483516484,-0.07692307692307693,0.5384615384615384,-0.06593406593406594,0.45054945054945056,-0.054945054945054944,0.7142857142857143,0.17582417582417584,0.6373626373626373,0.10989010989010989,0.5384615384615384,0.0989010989010989,0.46153846153846156,0.12087912087912088
4,0.0,0.0,0.09183673469387756,-0.32653061224489793,0.30612244897959184,-0.6122448979591837,0.5,-0.8061224489795918,0.5714285714285714,-1.0,0.6020408163265306,-0.3979591836734694,0.7959183673469388,-0.3979591836734694,0.6122448979591837,-0.37755102040816324,0.4387755102040816,-0.35714285714285715,0.6224489795918368,-0.1836734693877551,0.7755102040816326,-0.20408163265306123,0.6020408163265306,-0.1836734693877551,0.45918367346938777,-0.15306122448979592,0.6122448979591837,0.0,0.7244897959183674,-0.02040816326530612,0.5816326530612245,-0.02040816326530612,0.4489795918367347,0.0,0.5714285714285714,0.17346938775510204,0.673469387755102,0.15306122448979592,0.5510204081632653,0.1326530612244898,0.4387755102040816,0.1326530612244898
4,0.0,0.0,0.12903225806451613,-0.3548387096774194,0.3763440860215054,-0.6236559139784946,0.5806451612903226,-0.8064516129032258,0.6881720430107527,-1.0,0.6451612903225806,-0.40860215053763443,0.946236559139785,-0.5053763440860215,0.8172043010752689,-0.4946236559139785,0.6451612903225806,-0.45161290322580644,0.6666666666666666,-0.1827956989247312,0.956989247311828,-0.27956989247311825,0.8172043010752689,-0.27956989247311825,0.6666666666666666,-0.23655913978494625,0.6559139784946236,0.03225806451612903,0.9139784946236559,-0.053763440860215055,0.8064516129032258,-0.07526881720430108,0.6774193548387096,-0.043010752688172046,0.6236559139784946,0.20430107526881722,0.8387096774193549,0.15053763440860216,0.7634408602150538,0.12903225806451613,0.6451612903225806,0.15053763440860216
4,0.0,0.0,0.1368421052631579,-0.35789473684210527,0.3684210526315789,-0.631578947368421,0.5789473684210527,-0.8105263157894737,0.6947368421052632,-1.0,0.6421052631578947,-0.43157894736842106,0.968421052631579,-0.5052631578947369,0.8315789473684211,-0.5157894736842106,0.6842105263157895,-0.4842105263157895,0.6736842105263158,-0.18947368421052632,0.968421052631579,-0.28421052631578947,0.8421052631578947,-0.29473684210526313,0.7052631578947368,-0.2631578947368421,0.6631578947368421,0.010526315789473684,0.9157894736842105,-0.07368421052631578,0.8105263157894737,-0.08421052631578947,0.6842105263157895,-0.05263157894736842,0.631578947368421,0.17894736842105263,0.8421052631578947,0.11578947368421053,0.7578947368421053,0.09473684210526316,0.6631578947368421,0.11578947368421053
4,0.0,0.0,0.10416666666666667,-0.34375,0.3229166666666667,-0.625,0.53125,-0.8125,0.6458333333333334,-1.0,0.6041666666666666,-0.4479166666666667,0.9166666666666666,-0.5416666666666666,0.8125,-0.53125,0.65625,-0.4895833333333333,0.6354166666666666,-0.21875,0.9166666666666666,-0.3125,0.8020833333333334,-0.3125,0.65625,-0.2708333333333333,0.6354166666666666,-0.010416666666666666,0.8854166666666666,-0.10416666666666667,0.7916666666666666,-0.11458333333333333,0.6666666666666666,-0.09375,0.6041666666666666,0.15625,0.8125,0.08333333333333333,0.7395833333333334,0.07291666666666667,0.6354166666666666,0.09375
4,0.0,0.0,0.10309278350515463,-0.31958762886597936,0.30927835051546393,-0.6082474226804123,0.4742268041237113,-0.8247422680412371,0.5876288659793815,-1.0,0.5670103092783505,-0.4536082474226804,0.8350515463917526,-0.5051546391752577,0.7525773195876289,-0.5051546391752577,0.6391752577319587,-0.4948453608247423,0.5979381443298969,-0.26804123711340205,0.845360824742268,-0.32989690721649484,0.7628865979381443,-0.32989690721649484,0.6391752577319587,-0.30927835051546393,0.5876288659793815,-0.07216494845360824,0.8144329896907216,-0.14432989690721648,0.7319587628865979,-0.15463917525773196,0.6185567010309279,-0.1134020618556701,0.5773195876288659,0.10309278350515463,0.7628865979381443,0.030927835051546393,0.6804123711340206,0.020618556701030927,0.5876288659793815,0.05154639175257732
4,0.0,0.0,0.1111111111111111,-0.30303030303030304,0.30303030303030304,-0.5858585858585859,0.43434343434343436,-0.797979797979798,0.48484848484848486,-1.0,0.5151515151515151,-0.42424242424242425,0.8282828282828283,-0.5050505050505051,0.7878787878787878,-0.5050505050505051,0.7070707070707071,-0.48484848484848486,0.5555555555555556,-0.2222222222222222,0.8787878787878788,-0.31313131313131315,0.8686868686868687,-0.32323232323232326,0.8080808080808081,-0.30303030303030304,0.5656565656565656,-0.030303030303030304,0.8686868686868687,-0.12121212121212122,0.8080808080808081,-0.15151515151515152,0.696969696969697,-0.13131313131313133,0.5555555555555556,0.15151515151515152,0.8181818181818182,0.06060606060606061,0.7878787878787878,0.020202020202020204,0.7070707070707071,0.030303030303030304
4,0.0,0.0,0.10752688172043011,-0.3118279569892473,0.3118279569892473,-0.5806451612903226,0.4731182795698925,-0.7849462365591398,0.5268817204301075,-1.0,0.5483870967741935,-0.44086021505376344,0.9247311827956989,-0.4838709677419355,0.8279569892473119,-0.4731182795698925,0.6881720430107527,-0.45161290322580644,0.5698924731182796,-0.21505376344086022,0.946236559139785,-0.24731182795698925,0.8924731182795699,-0.24731182795698925,0.7849462365591398,-0.23655913978494625,0.5698924731182796,0.0,0.9032258064516129,-0.043010752688172046,0.8602150537634409,-0.06451612903225806,0.7634408602150538,-0.06451612903225806,0.5591397849462365,0.1827956989247312,0.8387096774193549,0.12903225806451613,0.8172043010752689,0.10752688172043011,0.7526881720430108,0.10752688172043011
4,0.0,0.0,0.09375,-0.2916666666666667,0.3020833333333333,-0.5833333333333334,0.4479166666666667,-0.7916666666666666,0.46875,-1.0,0.4895833333333333,-0.4791666666666667,0.875,-0.5208333333333334,0.8020833333333334,-0.4791666666666667,0.6666666666666666,-0.4583333333333333,0.5104166666666666,-0.2604166666666667,0.875,-0.28125,0.8229166666666666,-0.25,0.7291666666666666,-0.25,0.5104166666666666,-0.052083333333333336,0.8541666666666666,-0.0625,0.8125,-0.052083333333333336,0.71875,-0.041666666666666664,0.5,0.15625,0.7916666666666666,0.13541666666666666,0.7604166666666666,0.14583333333333334,0.6770833333333334,0.14583333333333334
4,0.0,0.0,0.06796116504854369,-0.2621359223300971,0.22330097087378642,-0.5339805825242718,0.33980582524271846,-0.7475728155339806,0.34951456310679613,-0.9514563106796117,0.34951456310679613,-0.4077669902912621,0.5631067961165048,-0.46601941747572817,0.6504854368932039,-0.4854368932038835,0.6990291262135923,-0.49514563106796117,0.39805825242718446,-0.2524271844660194,0.6699029126213593,-0.2912621359223301,0.6893203883495146,-0.2912621359223301,0.6601941747572816,-0.2912621359223301,0.42718446601941745,-0.08737864077669903,0.6990291262135923,-0.14563106796116504,0.6990291262135923,-0.14563106796116504,0.6699029126213593,-0.14563106796116504,0.44660194174757284,0.05825242718446602,0.7087378640776699,0.05825242718446602,0.8640776699029126,0.05825242718446602,1.0,0.05825242718446602
4,0.0,0.0,0.12631578947368421,-0.2736842105263158,0.3263157894736842,-0.5578947368421052,0.4631578947368421,-0.7894736842105263,0.4842105263157895,-1.0,0.4631578947368421,-0.4631578947368421,0.8631578947368421,-0.4421052631578947,0.7789473684210526,-0.4,0.631578947368421,-0.4,0.47368421052631576,-0.2736842105263158,0.8736842105263158,-0.25263157894736843,0.7894736842105263,-0.23157894736842105,0.631578947368421,-0.24210526315789474,0.47368421052631576,-0.08421052631578947,0.8315789473684211,-0.07368421052631578,0.7368421052631579,-0.06315789473684211,0.6,-0.06315789473684211,0.4631578947368421,0.09473684210526316,0.7684210526315789,0.08421052631578947,0.6842105263157895,0.09473684210526316,0.5473684210526316,0.09473684210526316
4,0.0,0.0,0.11224489795918367,-0.2755102040816326,0.336734693877551,-0.5612244897959183,0.47959183673469385,-0.7857142857142857,0.5102040816326531,-1.0,0.5306122448979592,-0.5306122448979592,0.9081632653061225,-0.41836734693877553,0.7959183673469388,-0.3673469387755102,0.6428571428571429,-0.3877551020408163,0.5204081632653061,-0.35714285714285715,0.8877551020408163,-0.24489795918367346,0.7653061224489796,-0.21428571428571427,0.6224489795918368,-0.23469387755102042,0.5,-0.17346938775510204,0.8469387755102041,-0.07142857142857142,0.7244897959183674,-0.05102040816326531,0.5816326530612245,-0.061224489795918366,0.47959183673469385,0.02040816326530612,0.7755102040816326,0.08163265306122448,0.6632653061224489,0.09183673469387756,0.5306122448979592,0.07142857142857142
4,0.0,0.0,0.09803921568627451,-0.28431372549019607,0.29411764705882354,-0.5686274509803921,0.4411764705882353,-0.7941176470588235,0.46078431372549017,-1.0,0.49019607843137253,-0.5686274509803921,0.8725490196078431,-0.45098039215686275,0.7549019607843137,-0.4019607843137255,0.6078431372549019,-0.4215686274509804,0.4803921568627451,-0.4019607843137255,0.8529411764705882,-0.29411764705882354,0.7254901960784313,-0.2549019607843137,0.5882352941176471,-0.27450980392156865,0.47058823529411764,-0.21568627450980393,0.8235294117647058,-0.12745098039215685,0.696078431372549,-0.09803921568627451,0.5686274509803921,-0.10784313725490197,0.46078431372549017,-0.029411764705882353,0.7549019607843137,0.029411764705882353,0.6568627450980392,0.049019607843137254,0.5294117647058824,0.029411764705882353
4,0.0,0.0,0.11,-0.28,0.32,-0.57,0.46,-0.79,0.47,-1.0,0.5,-0.55,0.89,-0.43,0.78,-0.37,0.63,-0.39,0.5,-0.38,0.88,-0.27,0.76,-0.23,0.62,-0.25,0.49,-0.19,0.84,-0.11,0.72,-0.07,0.58,-0.09,0.48,0.0,0.76,0.05,0.65,0.07,0.54,0.05
4,0.0,0.0,0.13541666666666666,-0.28125,0.3541666666666667,-0.5625,0.5208333333333334,-0.78125,0.5625,-1.0,0.5729166666666666,-0.5416666666666666,0.9583333333333334,-0.40625,0.8541666666666666,-0.34375,0.6979166666666666,-0.3645833333333333,0.5625,-0.375,0.9375,-0.22916666666666666,0.8229166666666666,-0.1875,0.6770833333333334,-0.21875,0.5416666666666666,-0.19791666666666666,0.8854166666666666,-0.07291666666666667,0.7916666666666666,-0.041666666666666664,0.65625,-0.07291666666666667,0.5,-0.010416666666666666,0.7916666666666666,0.07291666666666667,0.71875,0.09375,0.6041666666666666,0.07291666666666667
4,0.0,0.0,0.12371134020618557,-0.27835051546391754,0.36082474226804123,-0.5567010309278351,0.5051546391752577,-0.7835051546391752,0.5257731958762887,-1.0,0.5773195876288659,-0.5567010309278351,0.9278350515463918,-0.36082474226804123,0.8350515463917526,-0.30927835051546393,0.7010309278350515,-0.3402061855670103,0.5670103092783505,-0.4020618556701031,0.9072164948453608,-0.20618556701030927,0.8041237113402062,-0.16494845360824742,0.6804123711340206,-0.20618556701030927,0.5567010309278351,-0.21649484536082475,0.865979381443299,-0.05154639175257732,0.7628865979381443,-0.020618556701030927,0.6494845360824743,-0.061855670103092786,0.5257731958762887,-0.030927835051546393,0.7938144329896907,0.10309278350515463,0.6907216494845361,0.1134020618556701,0.5876288659793815,0.08247422680412371
4,0.0,0.0,0.1368421052631579,-0.28421052631578947,0.3473684210526316,-0.5894736842105263,0.47368421052631576,-0.8105263157894737,0.5052631578947369,-1.0,0.5157894736842106,-0.4631578947368421,0.8526315789473684,-0.4,0.7894736842105263,-0.3473684210526316,0.6631578947368421,-0.3473684210526316,0.5157894736842106,-0.29473684210526313,0.8526315789473684,-0.23157894736842105,0.7789473684210526,-0.2,0.6421052631578947,-0.21052631578947367,0.49473684210526314,-0.10526315789473684,0.8,-0.06315789473684211,0.7368421052631579,-0.042105263157894736,0.6105263157894737,-0.05263157894736842,0.4631578947368421,0.06315789473684211,0.6947368421052632,0.08421052631578947,0.6526315789473685,0.10526315789473684,0.5578947368421052,0.10526315789473684
4,0.0,0.0,0.13953488372093023,-0.313953488372093,0.36046511627906974,-0.6046511627906976,0.5232558139534884,-0.8023255813953488,0.5930232558139535,-0.9883720930232558,0.686046511627907,-0.5581395348837209,1.0,-0.4186046511627907,0.9069767441860465,-0.37209302325581395,0.7558139534883721,-0.4069767441860465,0.6744186046511628,-0.3488372093023256,1.0,-0.22093023255813954,0.8837209302325582,-0.18604651162790697,0.7325581395348837,-0.22093023255813954,0.6511627906976745,-0.12790697674418605,0.9418604651162791,-0.023255813953488372,0.8255813953488372,0.0,0.686046511627907,-0.011627906976744186,0.5930232558139535,0.10465116279069768,0.8372093023255814,0.1744186046511628,0.7558139534883721,0.18604651162790697,0.6395348837209303,0.1744186046511628
4,0.0,0.0,0.14772727272727273,-0.32954545454545453,0.3409090909090909,-0.6136363636363636,0.48863636363636365,-0.7954545454545454,0.5681818181818182,-0.9318181818181818,0.7045454545454546,-0.5454545454545454,1.0,-0.48863636363636365,0.9204545454545454,-0.42045454545454547,0.7727272727272727,-0.4318181818181818,0.7159090909090909,-0.32954545454545453,0.9886363636363636,-0.26136363636363635,0.8863636363636364,-0.2159090909090909,0.75,-0.2159090909090909,0.6931818181818182,-0.10227272727272728,0.9545454545454546,-0.045454545454545456,0.8522727272727273,-0.011363636363636364,0.7045454545454546,-0.011363636363636364,0.6363636363636364,0.13636363636363635,0.8863636363636364,0.1590909090909091,0.7954545454545454,0.1590909090909091,0.6590909090909091,0.17045454545454544
4,0.0,0.0,0.09090909090909091,-0.3434343434343434,0.29292929292929293,-0.6060606060606061,0.47474747474747475,-0.8080808080808081,0.5454545454545454,-1.0,0.6262626262626263,-0.47474747474747475,0.7676767676767676,-0.4444444444444444,0.6464646464646465,-0.40404040404040403,0.5252525252525253,-0.3939393939393939,0.6666666666666666,-0.25252525252525254,0.7676767676767676,-0.25252525252525254,0.6565656565656566,-0.2222222222222222,0.5454545454545454,-0.20202020202020202,0.6565656565656566,-0.050505050505050504,0.7575757575757576,-0.06060606060606061,0.6666666666666666,-0.050505050505050504,0.5454545454545454,-0.030303030303030304,0.6161616161616161,0.1414141414141414,0.7070707070707071,0.10101010101010101,0.6161616161616161,0.1111111111111111,0.5151515151515151,0.12121212121212122
4,0.0,0.0,0.0970873786407767,-0.32038834951456313,0.3106796116504854,-0.6019417475728155,0.49514563106796117,-0.8058252427184466,0.5533980582524272,-1.0,0.6116504854368932,-0.4854368932038835,0.7864077669902912,-0.4563106796116505,0.6796116504854369,-0.4174757281553398,0.5631067961165048,-0.4174757281553398,0.6601941747572816,-0.2912621359223301,0.7864077669902912,-0.2815533980582524,0.6893203883495146,-0.2524271844660194,0.5728155339805825,-0.23300970873786409,0.6601941747572816,-0.0970873786407767,0.7766990291262136,-0.08737864077669903,0.6893203883495146,-0.07766990291262135,0.5825242718446602,-0.06796116504854369,0.6310679611650486,0.08737864077669903,0.7475728155339806,0.07766990291262135,0.6601941747572816,0.07766990291262135,0.5631067961165048,0.06796116504854369
4,0.0,0.0,0.08571428571428572,-0.34285714285714286,0.29523809523809524,-0.6095238095238096,0.4666666666666667,-0.819047619047619,0.5523809523809524,-1.0,0.6095238095238096,-0.47619047619047616,0.7238095238095238,-0.5333333333333333,0.580952380952381,-0.5047619047619047,0.47619047619047616,-0.4666666666666667,0.6666666666666666,-0.3047619047619048,0.7333333333333333,-0.3904761904761905,0.6190476190476191,-0.3619047619047619,0.5142857142857142,-0.3142857142857143,0.6857142857142857,-0.12380952380952381,0.7428571428571429,-0.22857142857142856,0.638095238095238,-0.20952380952380953,0.5333333333333333,-0.18095238095238095,0.6857142857142857,0.02857142857142857,0.7428571428571429,-0.06666666666666667,0.638095238095238,-0.05714285714285714,0.5619047619047619,-0.01904761904761905
4,0.0,0.0,0.05434782608695652,-0.391304347826087,0.2391304347826087,-0.6847826086956522,0.44565217391304346,-0.8586956521739131,0.5760869565217391,-1.0,0.7065217391304348,-0.5217391304347826,0.6956521739130435,-0.6304347826086957,0.5434782608695652,-0.5869565217391305,0.44565217391304346,-0.5217391304347826,0.7717391304347826,-0.31521739130434784,0.7065217391304348,-0.43478260869565216,0.5869565217391305,-0.40217391304347827,0.5,-0.33695652173913043,0.7608695652173914,-0.11956521739130435,0.717391304347826,-0.2391304347826087,0.6086956521739131,-0.21739130434782608,0.5217391304347826,-0.16304347826086957,0.7282608695652174,0.043478260869565216,0.717391304347826,-0.06521739130434782,0.6086956521739131,-0.05434782608695652,0.5434782608695652,0.0
4,0.0,0.0,0.07608695652173914,-0.3804347826086957,0.2826086956521739,-0.6413043478260869,0.5,-0.8152173913043478,0.6086956521739131,-1.0,0.6956521739130435,-0.4673913043478261,0.5978260869565217,-0.4673913043478261,0.4673913043478261,-0.42391304347826086,0.40217391304347827,-0.3804347826086957,0.7608695652173914,-0.25,0.6304347826086957,-0.2717391304347826,0.5217391304347826,-0.25,0.44565217391304346,-0.20652173913043478,0.75,-0.05434782608695652,0.6413043478260869,-0.09782608695652174,0.532608695652174,-0.08695652173913043,0.45652173913043476,-0.05434782608695652,0.6956521739130435,0.11956521739130435,0.6195652173913043,0.06521739130434782,0.5217391304347826,0.06521739130434782,0.45652173913043476,0.09782608695652174
4,0.0,0.0,0.07368421052631578,-0.4105263157894737,0.2736842105263158,-0.6526315789473685,0.4842105263157895,-0.8210526315789474,0.6,-1.0,0.6736842105263158,-0.45263157894736844,0.6421052631578947,-0.5157894736842106,0.5052631578947369,-0.47368421052631576,0.43157894736842106,-0.42105263157894735,0.7263157894736842,-0.23157894736842105,0.6631578947368421,-0.3263157894736842,0.5578947368421052,-0.3157894736842105,0.4842105263157895,-0.2631578947368421,0.7052631578947368,-0.042105263157894736,0.6736842105263158,-0.14736842105263157,0.5684210526315789,-0.14736842105263157,0.49473684210526314,-0.09473684210526316,0.6421052631578947,0.12631578947368421,0.6210526315789474,0.031578947368421054,0.5368421052631579,0.031578947368421054,0.47368421052631576,0.06315789473684211
4,0.0,0.0,0.05319148936170213,-0.39361702127659576,0.2553191489361702,-0.648936170212766,0.48936170212765956,-0.8191489361702128,0.6170212765957447,-1.0,0.6808510638297872,-0.4787234042553192,0.6170212765957447,-0.48936170212765956,0.48936170212765956,-0.43617021276595747,0.425531914893617,-0.40425531914893614,0.7553191489361702,-0.2553191489361702,0.6382978723404256,-0.2872340425531915,0.5319148936170213,-0.26595744680851063,0.4574468085106383,-0.23404255319148937,0.7553191489361702,-0.05319148936170213,0.648936170212766,-0.10638297872340426,0.5531914893617021,-0.09574468085106383,0.4787234042553192,-0.07446808510638298,0.7127659574468085,0.10638297872340426,0.6276595744680851,0.06382978723404255,0.5319148936170213,0.07446808510638298,0.46808510638297873,0.08510638297872340,0.0,0.0,0.2057142857142857,-0.08571428571428572,0.36,-0.25142857142857145,0.44,-0.41714285714285715,0.5142857142857142,-0.5314285714285715,0.2342857142857143,-0.49714285714285716,0.29714285714285715,-0.7028571428571428,0.32,-0.8285714285714286,0.34285714285714286,-0.9371428571428572,0.10857142857142857,-0.5257142857142857,0.15428571428571428,-0.7485714285714286,0.18285714285714286,-0.8857142857142857,0.2,-1.0,-0.011428571428571429,-0.5028571428571429,0.0,-0.7257142857142858,0.005714285714285714,-0.8571428571428571,0.022857142857142857,-0.9714285714285714,-0.13714285714285715,-0.44571428571428573,-0.18285714285714286,-0.6114285714285714,-0.2057142857142857,-0.72,-0.21714285714285714,-0.8228571428571428
0,0.0,0.0,0.19540229885057472,-0.09195402298850575,0.3505747126436782,-0.2471264367816092,0.42528735632183906,-0.40804597701149425,0.5,-0.5287356321839081,0.21264367816091953,-0.4942528735632184,0.27586206896551724,-0.6954022988505747,0.3045977011494253,-0.8218390804597702,0.3218390804597701,-0.9310344827586207,0.09195402298850575,-0.5172413793103449,0.13218390804597702,-0.7413793103448276,0.16091954022988506,-0.8850574712643678,0.1839080459770115,-1.0,-0.034482758620689655,-0.4942528735632184,-0.022988505747126436,-0.7183908045977011,-0.011494252873563218,-0.8505747126436781,0.0,-0.9597701149425287,-0.16091954022988506,-0.4367816091954023,-0.20689655172413793,-0.603448275862069,-0.22988505747126436,-0.7126436781609196,-0.2413793103448276,-0.8160919540229885
0,0.0,0.0,0.2023121387283237,-0.08670520231213873,0.3583815028901734,-0.2543352601156069,0.4393063583815029,-0.4161849710982659,0.5202312138728323,-0.5317919075144508,0.23121387283236994,-0.5028901734104047,0.28901734104046245,-0.7109826589595376,0.3179190751445087,-0.838150289017341,0.34104046242774566,-0.9421965317919075,0.10982658959537572,-0.5202312138728323,0.15028901734104047,-0.7514450867052023,0.1791907514450867,-0.8901734104046243,0.2023121387283237,-1.0,-0.017341040462427744,-0.5028901734104047,0.0,-0.7225433526011561,0.005780346820809248,-0.861271676300578,0.023121387283236993,-0.9710982658959537,-0.13872832369942195,-0.4393063583815029,-0.18497109826589594,-0.6069364161849711,-0.20809248554913296,-0.7167630057803468,-0.2254335260115607,-0.815028901734104
0,0.0,0.0,0.19642857142857142,-0.09523809523809523,0.3273809523809524,-0.2619047619047619,0.39880952380952384,-0.39880952380952384,0.4523809523809524,-0.49404761904761907,0.22023809523809523,-0.48214285714285715,0.26785714285714285,-0.6964285714285714,0.2916666666666667,-0.8273809523809523,0.30952380952380953,-0.9345238095238095,0.08928571428571429,-0.5,0.11904761904761904,-0.7440476190476191,0.14285714285714285,-0.8869047619047619,0.16666666666666666,-1.0,-0.041666666666666664,-0.48214285714285715,-0.041666666666666664,-0.7142857142857143,-0.041666666666666664,-0.8630952380952381,-0.02976190476190476,-0.9702380952380952,-0.17261904761904762,-0.42857142857142855,-0.22023809523809523,-0.6011904761904762,-0.25595238095238093,-0.7142857142857143,-0.27976190476190477,-0.8154761904761905
0,0.0,0.0,0.18181818181818182,-0.08484848484848485,0.34545454545454546,-0.24848484848484848,0.44242424242424244,-0.3878787878787879,0.5393939393939394,-0.47878787878787876,0.2606060606060606,-0.48484848484848486,0.3333333333333333,-0.6787878787878788,0.3696969696969697,-0.793939393939394,0.40606060606060607,-0.896969696969697,0.14545454545454545,-0.5212121212121212,0.18181818181818182,-0.7515151515151515,0.20606060606060606,-0.8909090909090909,0.21818181818181817,-1.0,0.024242424242424242,-0.503030303030303,0.01818181818181818,-0.7333333333333333,0.012121212121212121,-0.8727272727272727,0.012121212121212121,-0.9878787878787879,-0.09696969696969697,-0.44242424242424244,-0.1696969696969697,-0.6181818181818182,-0.21212121212121213,-0.7272727272727273,-0.24242424242424243,-0.8242424242424242
0,0.0,0.0,0.1686746987951807,-0.12048192771084337,0.29518072289156627,-0.28313253012048195,0.39156626506024095,-0.40963855421686746,0.4879518072289157,-0.4879518072289157,0.20481927710843373,-0.4759036144578313,0.26506024096385544,-0.6626506024096386,0.3072289156626506,-0.7831325301204819,0.3313253012048193,-0.8795180722891566,0.0963855421686747,-0.5060240963855421,0.13253012048192772,-0.7289156626506024,0.16265060240963855,-0.8795180722891566,0.18072289156626506,-1.0,-0.018072289156626505,-0.4939759036144578,-0.030120481927710843,-0.7108433734939759,-0.024096385542168676,-0.8614457831325302,-0.018072289156626505,-0.9698795180722891,-0.14457831325301204,-0.4397590361445783,-0.21686746987951808,-0.5963855421686747,-0.26506024096385544,-0.7108433734939759,-0.29518072289156627,-0.8012048192771084
0,0.0,0.0,0.17721518987341772,-0.0949367088607595,0.31645569620253167,-0.23417721518987342,0.41139240506329117,-0.33544303797468356,0.5,-0.4240506329113924,0.22784810126582278,-0.4936708860759494,0.3037974683544304,-0.689873417721519,0.35443037974683544,-0.810126582278481,0.3924050632911392,-0.9050632911392406,0.11392405063291139,-0.5253164556962026,0.17088607594936708,-0.7468354430379747,0.20253164556962025,-0.8860759493670886,0.22784810126582278,-1.0,0.0,-0.5063291139240507,0.0189873417721519,-0.7215189873417721,0.0379746835443038,-0.8607594936708861,0.06329113924050633,-0.9746835443037974,-0.12025316455696203,-0.45569620253164556,-0.14556962025316456,-0.620253164556962,-0.14556962025316456,-0.740506329113924,-0.13291139240506328,-0.8354430379746836
0,0.0,0.0,0.1986754966887417,-0.06622516556291391,0.3576158940397351,-0.2185430463576159,0.46357615894039733,-0.33774834437086093,0.5629139072847682,-0.41721854304635764,0.304635761589404,-0.4900662251655629,0.40397350993377484,-0.6821192052980133,0.46357615894039733,-0.7947019867549668,0.5099337748344371,-0.9006622516556292,0.2119205298013245,-0.5231788079470199,0.2913907284768212,-0.7417218543046358,0.3509933774834437,-0.8741721854304636,0.3973509933774834,-0.9867549668874173,0.10596026490066225,-0.5099337748344371,0.13245033112582782,-0.7350993377483444,0.152317880794702,-0.8807947019867549,0.17218543046357615,-1.0,-0.006622516556291391,-0.46357615894039733,-0.033112582781456956,-0.6423841059602649,-0.039735099337748346,-0.7615894039735099,-0.039735099337748346,-0.8741721854304636
0,0.0,0.0,0.1891891891891892,-0.06756756756756757,0.34459459459459457,-0.20945945945945946,0.4527027027027027,-0.32432432432432434,0.5472972972972973,-0.41216216216216217,0.2972972972972973,-0.4797297297297297,0.40540540540540543,-0.6756756756756757,0.46621621621621623,-0.7837837837837838,0.5135135135135135,-0.8783783783783784,0.22297297297297297,-0.5202702702702703,0.3108108108108108,-0.7364864864864865,0.3783783783783784,-0.8716216216216216,0.4189189189189189,-0.9864864864864865,0.12162162162162163,-0.5202702702702703,0.17567567567567569,-0.75,0.20945945945945946,-0.8851351351351351,0.23648648648648649,-1.0,0.013513513513513514,-0.4797297297297297,-0.006756756756756757,-0.6554054054054054,-0.013513513513513514,-0.7837837837837838,-0.02702702702702703,-0.8918918918918919
0,0.0,0.0,0.18493150684931506,-0.06164383561643835,0.3356164383561644,-0.2054794520547945,0.4452054794520548,-0.3150684931506849,0.541095890410959,-0.3972602739726027,0.2945205479452055,-0.4794520547945205,0.3972602739726027,-0.6712328767123288,0.4589041095890411,-0.7876712328767124,0.5068493150684932,-0.8835616438356164,0.2054794520547945,-0.5205479452054794,0.3013698630136986,-0.7328767123287672,0.363013698630137,-0.8698630136986302,0.4041095890410959,-0.9794520547945206,0.10273972602739725,-0.5136986301369864,0.15753424657534246,-0.7397260273972602,0.1917808219178082,-0.8835616438356164,0.2191780821917808,-1.0,-0.00684931506849315,-0.4657534246575342,-0.0273972602739726,-0.6438356164383562,-0.03424657534246575,-0.7671232876712328,-0.0410958904109589,-0.8767123287671232
0,0.0,0.0,0.19718309859154928,-0.04225352112676056,0.3591549295774648,-0.19718309859154928,0.4647887323943662,-0.30985915492957744,0.5704225352112676,-0.38028169014084506,0.33098591549295775,-0.4859154929577465,0.4225352112676056,-0.6830985915492958,0.4788732394366197,-0.7887323943661971,0.5211267605633803,-0.8802816901408451,0.24647887323943662,-0.528169014084507,0.33098591549295775,-0.7464788732394366,0.3873239436619718,-0.8732394366197183,0.4295774647887324,-0.9859154929577465,0.15492957746478872,-0.5211267605633803,0.20422535211267606,-0.7464788732394366,0.23943661971830985,-0.8873239436619719,0.2676056338028169,-1.0,0.04225352112676056,-0.4788732394366197,0.035211267605633804,-0.6690140845070423,0.04225352112676056,-0.8028169014084507,0.04929577464788732,-0.9154929577464789
0,0.0,0.0,0.19148936170212766,-0.03546099290780142,0.3546099290780142,-0.18439716312056736,0.46099290780141844,-0.2907801418439716,0.5602836879432624,-0.3546099290780142,0.3262411347517731,-0.48226950354609927,0.41843971631205673,-0.6666666666666666,0.475177304964539,-0.7730496453900709,0.524822695035461,-0.8581560283687943,0.24822695035460993,-0.524822695035461,0.3333333333333333,-0.7375886524822695,0.3900709219858156,-0.8652482269503546,0.425531914893617,-0.9716312056737588,0.16312056737588654,-0.5319148936170213,0.2198581560283688,-0.75177304964539,0.24822695035460993,-0.8865248226950354,0.2765957446808511,-1.0,0.06382978723404255,-0.49645390070921985,0.05673758865248227,-0.6808510638297872,0.05673758865248227,-0.8014184397163121,0.05673758865248227,-0.9148936170212766
0,0.0,0.0,0.19333333333333333,-0.03333333333333333,0.35333333333333333,-0.16666666666666666,0.4866666666666667,-0.28,0.6066666666666667,-0.3466666666666667,0.32,-0.4533333333333333,0.4266666666666667,-0.6333333333333333,0.49333333333333335,-0.7466666666666667,0.54,-0.8466666666666667,0.24,-0.5133333333333333,0.32666666666666666,-0.72,0.38666666666666666,-0.8466666666666667,0.43333333333333335,-0.9533333333333334,0.14,-0.5266666666666666,0.18666666666666668,-0.7466666666666667,0.22,-0.88,0.24666666666666667,-1.0,0.02666666666666667,-0.5,0.006666666666666667,-0.6866666666666666,0.0,-0.8066666666666666,-0.006666666666666667,-0.9133333333333333
0,0.0,0.0,0.1986754966887417,-0.026490066225165563,0.3708609271523179,-0.152317880794702,0.4966887417218543,-0.26490066225165565,0.6158940397350994,-0.33774834437086093,0.33774834437086093,-0.46357615894039733,0.44370860927152317,-0.6423841059602649,0.5033112582781457,-0.7549668874172185,0.5562913907284768,-0.8543046357615894,0.25165562913907286,-0.5165562913907285,0.3443708609271523,-0.7218543046357616,0.40397350993377484,-0.847682119205298,0.4503311258278146,-0.9536423841059603,0.152317880794702,-0.5298013245033113,0.2052980132450331,-0.7483443708609272,0.23178807947019867,-0.8807947019867549,0.2582781456953642,-1.0,0.039735099337748346,-0.5033112582781457,0.013245033112582781,-0.6821192052980133,0.006622516556291391,-0.8013245033112583,0.0,-0.9205298013245033
0,0.0,0.0,0.20394736842105263,-0.013157894736842105,0.3881578947368421,-0.125,0.5263157894736842,-0.23684210526315788,0.6513157894736842,-0.3092105263157895,0.34868421052631576,-0.4473684210526316,0.46710526315789475,-0.625,0.5394736842105263,-0.7368421052631579,0.5986842105263158,-0.8355263157894737,0.2565789473684211,-0.5131578947368421,0.3618421052631579,-0.7105263157894737,0.4342105263157895,-0.8355263157894737,0.4868421052631579,-0.9473684210526315,0.1513157894736842,-0.5328947368421053,0.21052631578947367,-0.743421052631579,0.24342105263157895,-0.881578947368421,0.27631578947368424,-1.0,0.02631578947368421,-0.5131578947368421,0.006578947368421052,-0.6907894736842105,0.0,-0.8157894736842105,0.0,-0.9342105263157895
0,0.0,0.0,0.2064516129032258,-0.01935483870967742,0.4,-0.12903225806451613,0.535483870967742,-0.23870967741935484,0.6645161290322581,-0.3096774193548387,0.36129032258064514,-0.44516129032258067,0.4838709677419355,-0.6258064516129033,0.5612903225806452,-0.7354838709677419,0.6193548387096774,-0.832258064516129,0.2645161290322581,-0.5096774193548387,0.3741935483870968,-0.7032258064516129,0.44516129032258067,-0.8258064516129032,0.4967741935483871,-0.9290322580645162,0.15483870967741936,-0.5225806451612903,0.21935483870967742,-0.7419354838709677,0.25806451612903225,-0.8774193548387097,0.2967741935483871,-1.0,0.03225806451612903,-0.4967741935483871,0.012903225806451613,-0.6838709677419355,0.0064516129032258064,-0.8129032258064516,0.0064516129032258064,-0.9290322580645162
0,0.0,0.0,0.20754716981132076,-0.031446540880503145,0.389937106918239,-0.1509433962264151,0.5220125786163522,-0.2641509433962264,0.6415094339622641,-0.33962264150943394,0.3333333333333333,-0.46540880503144655,0.44654088050314467,-0.6415094339622641,0.5157232704402516,-0.7484276729559748,0.5660377358490566,-0.8427672955974843,0.2389937106918239,-0.5220125786163522,0.33962264150943394,-0.7232704402515723,0.4025157232704403,-0.8427672955974843,0.44654088050314467,-0.949685534591195,0.1320754716981132,-0.5345911949685535,0.18867924528301888,-0.7547169811320755,0.22012578616352202,-0.8867924528301887,0.24528301886792453,-1.0,0.018867924528301886,-0.5157232704402516,-0.012578616352201259,-0.6918238993710691,-0.025157232704402517,-0.8176100628930818,-0.031446540880503145,-0.9308176100628931
0,0.0,0.0,0.20125786163522014,-0.025157232704402517,0.3836477987421384,-0.1509433962264151,0.5094339622641509,-0.27044025157232704,0.6289308176100629,-0.34591194968553457,0.3270440251572327,-0.46540880503144655,0.44025157232704404,-0.6415094339622641,0.5094339622641509,-0.7484276729559748,0.559748427672956,-0.8427672955974843,0.22641509433962265,-0.5157232704402516,0.3270440251572327,-0.7232704402515723,0.389937106918239,-0.8427672955974843,0.4339622641509434,-0.9433962264150944,0.11949685534591195,-0.5283018867924528,0.1761006289308176,-0.7484276729559748,0.20754716981132076,-0.8805031446540881,0.2389937106918239,-1.0,0.0,-0.5094339622641509,-0.018867924528301886,-0.6855345911949685,-0.031446540880503145,-0.8050314465408805,-0.03773584905660377,-0.9182389937106918
0,0.0,0.0,0.19745222929936307,-0.03821656050955414,0.37579617834394907,-0.17834394904458598,0.5159235668789809,-0.28662420382165604,0.6369426751592356,-0.3630573248407643,0.3248407643312102,-0.4713375796178344,0.43312101910828027,-0.6496815286624203,0.4968152866242038,-0.7707006369426752,0.5477707006369427,-0.8789808917197452,0.2229299363057325,-0.5286624203821656,0.3057324840764331,-0.732484076433121,0.36942675159235666,-0.8598726114649682,0.42038216560509556,-0.9681528662420382,0.10191082802547771,-0.5286624203821656,0.14012738853503184,-0.7515923566878981,0.17197452229299362,-0.89171974522293,0.20382165605095542,-1.0,-0.025477707006369428,-0.49044585987261147,-0.050955414012738856,-0.6751592356687898,-0.05732484076433121,-0.7961783439490446,-0.050955414012738856,-0.910828025477707
0,0.0,0.0,0.19047619047619047,-0.07142857142857142,0.38095238095238093,-0.2261904761904762,0.5238095238095238,-0.3630952380952381,0.625,-0.4642857142857143,0.30952380952380953,-0.5,0.4166666666666667,-0.6964285714285714,0.47023809523809523,-0.8273809523809523,0.5059523809523809,-0.9404761904761905,0.20238095238095238,-0.5416666666666666,0.30357142857142855,-0.75,0.3630952380952381,-0.8809523809523809,0.40476190476190477,-0.9880952380952381,0.08928571428571429,-0.5535714285714286,0.16071428571428573,-0.7738095238095238,0.20833333333333334,-0.8988095238095238,0.24404761904761904,-1.0,-0.041666666666666664,-0.5238095238095238,-0.08928571428571429,-0.6964285714285714,-0.125,-0.8095238095238095,-0.1488095238095238,-0.9107142857142857
0,0.0,0.0,0.1871345029239766,-0.06432748538011696,0.3684210526315789,-0.21637426900584794,0.5087719298245614,-0.3508771929824561,0.6198830409356725,-0.4444444444444444,0.29239766081871343,-0.47953216374269003,0.39766081871345027,-0.6783625730994152,0.45614035087719296,-0.8011695906432749,0.49707602339181284,-0.9064327485380117,0.1871345029239766,-0.5263157894736842,0.2807017543859649,-0.7426900584795322,0.3391812865497076,-0.8654970760233918,0.38596491228070173,-0.9649122807017544,0.07017543859649122,-0.5380116959064327,0.11695906432748537,-0.7602339181286549,0.15204678362573099,-0.8947368421052632,0.1871345029239766,-1.0,-0.05847953216374269,-0.5087719298245614,-0.10526315789473684,-0.6900584795321637,-0.13450292397660818,-0.8128654970760234,-0.15789473684210525,-0.9181286549707602
0,0.0,0.0,0.22413793103448276,-0.06896551724137931,0.39655172413793105,-0.21839080459770116,0.47701149425287354,-0.3735632183908046,0.5689655172413793,-0.47701149425287354,0.28160919540229884,-0.5,0.3448275862068966,-0.7241379310344828,0.3793103448275862,-0.8563218390804598,0.40229885057471265,-0.9712643678160919,0.14367816091954022,-0.5402298850574713,0.1896551724137931,-0.7701149425287356,0.22413793103448276,-0.896551724137931,0.25862068965517243,-1.0,0.017241379310344827,-0.5344827586206896,0.028735632183908046,-0.7528735632183908,0.040229885057471264,-0.8850574712643678,0.05172413793103448,-0.9885057471264368,-0.11494252873563218,-0.4942528735632184,-0.16091954022988506,-0.6609195402298851,-0.1896551724137931,-0.764367816091954,-0.20689655172413793,-0.8563218390804598
0,0.0,0.0,0.2159090909090909,-0.07386363636363637,0.375,-0.24431818181818182,0.4659090909090909,-0.4034090909090909,0.5625,-0.5,0.24431818181818182,-0.5113636363636364,0.32386363636363635,-0.7102272727272727,0.36363636363636365,-0.8295454545454546,0.3977272727272727,-0.9261363636363636,0.11931818181818182,-0.5511363636363636,0.17613636363636365,-0.7727272727272727,0.2215909090909091,-0.9034090909090909,0.25,-1.0,-0.005681818181818182,-0.5454545454545454,0.011363636363636364,-0.7613636363636364,0.022727272727272728,-0.8863636363636364,0.03409090909090909,-0.9829545454545454,-0.125,-0.4943181818181818,-0.17613636363636365,-0.6534090909090909,-0.20454545454545456,-0.7556818181818182,-0.2215909090909091,-0.8465909090909091
0,0.0,0.0,0.21714285714285714,-0.07428571428571429,0.38285714285714284,-0.24,0.4685714285714286,-0.4057142857142857,0.5657142857142857,-0.5085714285714286,0.2342857142857143,-0.5142857142857142,0.30857142857142855,-0.72,0.34285714285714286,-0.8457142857142858,0.37142857142857144,-0.9485714285714286,0.11428571428571428,-0.5428571428571428,0.1657142857142857,-0.7657142857142857,0.2,-0.8971428571428571,0.22857142857142856,-1.0,-0.005714285714285714,-0.5314285714285715,0.005714285714285714,-0.7485714285714286,0.017142857142857144,-0.8742857142857143,0.02857142857142857,-0.9828571428571429,-0.13142857142857142,-0.4857142857142857,-0.18285714285714286,-0.64,-0.21714285714285714,-0.7428571428571429,-0.2342857142857143,-0.84
0,0.0,0.0,0.2122905027932961,-0.07262569832402235,0.3743016759776536,-0.24022346368715083,0.4692737430167598,-0.40782122905027934,0.5586592178770949,-0.5195530726256983,0.24022346368715083,-0.5195530726256983,0.3128491620111732,-0.7206703910614525,0.3463687150837989,-0.8491620111731844,0.3687150837988827,-0.9553072625698324,0.12290502793296089,-0.547486033519553,0.17318435754189945,-0.7653631284916201,0.20670391061452514,-0.8938547486033519,0.2346368715083799,-1.0,0.0,-0.5363128491620112,0.0111731843575419,-0.7486033519553073,0.0223463687150838,-0.8770949720670391,0.03910614525139665,-0.9832402234636871,-0.12290502793296089,-0.4860335195530726,-0.17318435754189945,-0.6424581005586593,-0.20670391061452514,-0.7430167597765364,-0.22346368715083798,-0.8435754189944135
0,0.0,0.0,0.2122905027932961,-0.07262569832402235,0.37988826815642457,-0.2346368715083799,0.4748603351955307,-0.4022346368715084,0.5586592178770949,-0.5195530726256983,0.25139664804469275,-0.5139664804469274,0.31843575418994413,-0.7206703910614525,0.35195530726256985,-0.8435754189944135,0.3743016759776536,-0.9497206703910615,0.12290502793296089,-0.547486033519553,0.18435754189944134,-0.7653631284916201,0.2122905027932961,-0.8938547486033519,0.24022346368715083,-1.0,0.0,-0.5363128491620112,0.01675977653631285,-0.7430167597765364,0.027932960893854747,-0.8659217877094972,0.0446927374301676,-0.9664804469273743,-0.12849162011173185,-0.4860335195530726,-0.17318435754189945,-0.6424581005586593,-0.2011173184357542,-0.7430167597765364,-0.21787709497206703,-0.8324022346368715
0,0.0,0.0,0.20994475138121546,-0.07734806629834254,0.3812154696132597,-0.2430939226519337,0.4696132596685083,-0.40331491712707185,0.5469613259668509,-0.5193370165745856,0.23756906077348067,-0.5082872928176796,0.2983425414364641,-0.7182320441988951,0.3314917127071823,-0.8453038674033149,0.34806629834254144,-0.9502762430939227,0.11602209944751381,-0.5359116022099447,0.16022099447513813,-0.7569060773480663,0.19337016574585636,-0.8950276243093923,0.2154696132596685,-1.0,-0.0055248618784530384,-0.5248618784530387,0.0055248618784530384,-0.7403314917127072,0.016574585635359115,-0.8674033149171271,0.03314917127071823,-0.9723756906077348,-0.1270718232044199,-0.47513812154696133,-0.17679558011049723,-0.6243093922651933,-0.20441988950276244,-0.7237569060773481,-0.22099447513812154,-0.8121546961325967
0,0.0,0.0,0.21468926553672316,-0.0847457627118644,0.3785310734463277,-0.24293785310734464,0.4632768361581921,-0.4124293785310734,0.536723163841808,-0.536723163841808,0.22598870056497175,-0.5141242937853108,0.288135593220339,-0.7231638418079096,0.3163841807909605,-0.847457627118644,0.3389830508474576,-0.9548022598870056,0.1016949152542373,-0.5423728813559322,0.15819209039548024,-0.7627118644067796,0.1864406779661017,-0.8926553672316384,0.21468926553672316,-1.0,-0.022598870056497175,-0.519774011299435,-0.005649717514124294,-0.7344632768361582,0.005649717514124294,-0.8587570621468926,0.02824858757062147,-0.96045197740113,-0.14689265536723164,-0.4632768361581921,-0.192090395480226,-0.615819209039548,-0.22033898305084745,-0.7175141242937854,-0.23728813559322035,-0.8022598870056498
0,0.0,0.0,0.20903954802259886,-0.0847457627118644,0.3728813559322034,-0.24293785310734464,0.4519774011299435,-0.4124293785310734,0.536723163841808,-0.5310734463276836,0.22598870056497175,-0.5084745762711864,0.288135593220339,-0.7175141242937854,0.3163841807909605,-0.847457627118644,0.3333333333333333,-0.9548022598870056,0.1016949152542373,-0.536723163841808,0.15254237288135594,-0.7570621468926554,0.1807909604519774,-0.8926553672316384,0.20903954802259886,-1.0,-0.01694915254237288,-0.5141242937853108,-0.005649717514124294,-0.7231638418079096,0.005649717514124294,-0.8531073446327684,0.022598870056497175,-0.9548022598870056,-0.14689265536723164,-0.4576271186440678,-0.192090395480226,-0.6101694915254238,-0.22033898305084745,-0.7062146892655368,-0.23728813559322035,-0.8022598870056498
0,0.0,0.0,0.19886363636363635,-0.09090909090909091,0.3693181818181818,-0.25,0.4431818181818182,-0.4147727272727273,0.5227272727272727,-0.5340909090909091,0.2159090909090909,-0.5056818181818182,0.2784090909090909,-0.7159090909090909,0.3068181818181818,-0.8465909090909091,0.32386363636363635,-0.9545454545454546,0.09659090909090909,-0.5284090909090909,0.14204545454545456,-0.7443181818181818,0.17045454545454544,-0.8863636363636364,0.19318181818181818,-1.0,-0.022727272727272728,-0.5056818181818182,-0.011363636363636364,-0.7215909090909091,-0.005681818181818182,-0.8522727272727273,0.011363636363636364,-0.9545454545454546,-0.14204545454545456,-0.44886363636363635,-0.19318181818181818,-0.6022727272727273,-0.2215909090909091,-0.6988636363636364,-0.23863636363636365,-0.7954545454545454
0,0.0,0.0,0.2,-0.08571428571428572,0.35428571428571426,-0.2571428571428571,0.44,-0.42857142857142855,0.5314285714285715,-0.5485714285714286,0.21714285714285714,-0.49714285714285716,0.2742857142857143,-0.7142857142857143,0.29714285714285715,-0.8457142857142858,0.3142857142857143,-0.9542857142857143,0.09142857142857143,-0.52,0.13714285714285715,-0.7485714285714286,0.1657142857142857,-0.8914285714285715,0.2,-1.0,-0.02857142857142857,-0.5028571428571429,-0.017142857142857144,-0.7257142857142858,-0.005714285714285714,-0.8571428571428571,0.011428571428571429,-0.96,-0.15428571428571428,-0.44,-0.2,-0.6,-0.22857142857142856,-0.7028571428571428,-0.24571428571428572,-0.7942857142857143
0,0.0,0.0,0.192090395480226,-0.096045197740113,0.3502824858757062,-0.2598870056497175,0.4293785310734463,-0.423728813559322,0.5084745762711864,-0.5423728813559322,0.21468926553672316,-0.5028248587570622,0.2711864406779661,-0.711864406779661,0.288135593220339,-0.8418079096045198,0.3050847457627119,-0.9491525423728814,0.0903954802259887,-0.519774011299435,0.13559322033898305,-0.7457627118644068,0.15819209039548024,-0.8870056497175142,0.1864406779661017,-1.0,-0.02824858757062147,-0.5028248587570622,-0.01694915254237288,-0.7175141242937854,-0.005649717514124294,-0.8531073446327684,0.005649717514124294,-0.96045197740113,-0.15254237288135594,-0.4406779661016949,-0.1977401129943503,-0.5932203389830508,-0.22598870056497175,-0.6949152542372882,-0.24293785310734464,-0.7853107344632768
0,0.0,0.0,0.1896551724137931,-0.09770114942528736,0.3333333333333333,-0.2471264367816092,0.40804597701149425,-0.39655172413793105,0.47126436781609193,-0.5057471264367817,0.19540229885057472,-0.4885057471264368,0.2413793103448276,-0.7011494252873564,0.26436781609195403,-0.8333333333333334,0.28160919540229884,-0.9482758620689655,0.06896551724137931,-0.5057471264367817,0.10919540229885058,-0.735632183908046,0.12643678160919541,-0.8850574712643678,0.13793103448275862,-1.0,-0.05172413793103448,-0.4827586206896552,-0.04597701149425287,-0.7068965517241379,-0.05172413793103448,-0.8448275862068966,-0.040229885057471264,-0.9540229885057471,-0.1724137931034483,-0.41954022988505746,-0.22988505747126436,-0.5747126436781609,-0.26436781609195403,-0.6781609195402298,-0.28735632183908044,-0.7758620689655172
0,0.0,0.0,0.1896551724137931,-0.09770114942528736,0.3275862068965517,-0.25862068965517243,0.40229885057471265,-0.40804597701149425,0.46551724137931033,-0.5172413793103449,0.1896551724137931,-0.4942528735632184,0.22988505747126436,-0.7011494252873564,0.25287356321839083,-0.8275862068965517,0.27011494252873564,-0.9367816091954023,0.06321839080459771,-0.5114942528735632,0.09195402298850575,-0.7413793103448276,0.11494252873563218,-0.8850574712643678,0.13793103448275862,-1.0,-0.05747126436781609,-0.4827586206896552,-0.05747126436781609,-0.7011494252873564,-0.05747126436781609,-0.8390804597701149,-0.04597701149425287,-0.9425287356321839,-0.1781609195402299,-0.41954022988505746,-0.2413793103448276,-0.5747126436781609,-0.28160919540229884,-0.6781609195402298,-0.3045977011494253,-0.7701149425287356
0,0.0,0.0,0.1896551724137931,-0.10919540229885058,0.3275862068965517,-0.27011494252873564,0.40804597701149425,-0.42528735632183906,0.4827586206896552,-0.5344827586206896,0.1781609195402299,-0.4942528735632184,0.22413793103448276,-0.7068965517241379,0.2413793103448276,-0.8333333333333334,0.25862068965517243,-0.9425287356321839,0.05172413793103448,-0.5057471264367817,0.08620689655172414,-0.735632183908046,0.10919540229885058,-0.8793103448275862,0.12643678160919541,-1.0,-0.06896551724137931,-0.47701149425287354,-0.07471264367816093,-0.7011494252873564,-0.07471264367816093,-0.8390804597701149,-0.06321839080459771,-0.9482758620689655,-0.1896551724137931,-0.41379310344827586,-0.25287356321839083,-0.5689655172413793,-0.28735632183908044,-0.6724137931034483,-0.3160919540229885,-0.7701149425287356
0,0.0,0.0,0.18857142857142858,-0.10285714285714286,0.33714285714285713,-0.26857142857142857,0.4228571428571429,-0.4228571428571429,0.5028571428571429,-0.5371428571428571,0.2,-0.4857142857142857,0.24,-0.7028571428571428,0.26285714285714284,-0.8342857142857143,0.28,-0.9428571428571428,0.07428571428571429,-0.49714285714285716,0.10857142857142857,-0.7314285714285714,0.12571428571428572,-0.88,0.14285714285714285,-1.0,-0.05142857142857143,-0.4685714285714286,-0.05142857142857143,-0.6971428571428572,-0.05714285714285714,-0.84,-0.05142857142857143,-0.9542857142857143,-0.17142857142857143,-0.4057142857142857,-0.2342857142857143,-0.56,-0.2742857142857143,-0.6685714285714286,-0.3028571428571429,-0.7714285714285715
0,0.0,0.0,0.18181818181818182,-0.10795454545454546,0.3181818181818182,-0.2727272727272727,0.4034090909090909,-0.42613636363636365,0.48863636363636365,-0.5340909090909091,0.17613636363636365,-0.48863636363636365,0.2159090909090909,-0.6988636363636364,0.23863636363636365,-0.8295454545454546,0.25,-0.9375,0.05113636363636364,-0.5,0.07954545454545454,-0.7329545454545454,0.09659090909090909,-0.875,0.10795454545454546,-1.0,-0.07386363636363637,-0.4715909090909091,-0.07954545454545454,-0.6931818181818182,-0.08522727272727272,-0.8352272727272727,-0.07954545454545454,-0.9488636363636364,-0.1875,-0.4034090909090909,-0.2556818181818182,-0.5568181818181818,-0.29545454545454547,-0.6590909090909091,-0.32386363636363635,-0.7613636363636364
0,0.0,0.0,0.17341040462427745,-0.10982658959537572,0.3063583815028902,-0.2832369942196532,0.37572254335260113,-0.4393063583815029,0.4624277456647399,-0.5433526011560693,0.1676300578034682,-0.48554913294797686,0.2138728323699422,-0.7052023121387283,0.23121387283236994,-0.8323699421965318,0.24277456647398843,-0.9421965317919075,0.04046242774566474,-0.49710982658959535,0.06358381502890173,-0.7398843930635838,0.08092485549132948,-0.8901734104046243,0.09248554913294797,-1.0,-0.08670520231213873,-0.4682080924855491,-0.09826589595375723,-0.6994219653179191,-0.10404624277456648,-0.838150289017341,-0.10404624277456648,-0.9479768786127167,-0.2023121387283237,-0.4046242774566474,-0.27167630057803466,-0.5606936416184971,-0.3236994219653179,-0.6647398843930635,-0.35260115606936415,-0.7572254335260116
0,0.0,0.0,0.17365269461077845,-0.10778443113772455,0.32335329341317365,-0.2694610778443114,0.4251497005988024,-0.40119760479041916,0.5269461077844312,-0.49700598802395207,0.17365269461077845,-0.46107784431137727,0.25149700598802394,-0.6706586826347305,0.2994011976047904,-0.7844311377245509,0.33532934131736525,-0.8802395209580839,0.05389221556886228,-0.47904191616766467,0.09580838323353294,-0.7305389221556886,0.11976047904191617,-0.8862275449101796,0.1377245508982036,-1.0,-0.0718562874251497,-0.4550898203592814,-0.07784431137724551,-0.6946107784431138,-0.07784431137724551,-0.844311377245509,-0.0718562874251497,-0.9640718562874252,-0.19161676646706588,-0.38922155688622756,-0.2634730538922156,-0.5568862275449101,-0.31137724550898205,-0.6706586826347305,-0.3473053892215569,-0.7724550898203593
0,0.0,0.0,0.16766467065868262,-0.09580838323353294,0.2994011976047904,-0.25748502994011974,0.39520958083832336,-0.38323353293413176,0.5089820359281437,-0.46107784431137727,0.20958083832335328,-0.5029940119760479,0.25748502994011974,-0.7125748502994012,0.281437125748503,-0.844311377245509,0.2934131736526946,-0.9520958083832335,0.07784431137724551,-0.5269461077844312,0.11976047904191617,-0.7485029940119761,0.1377245508982036,-0.8862275449101796,0.1437125748502994,-1.0,-0.05389221556886228,-0.49700598802395207,-0.059880239520958084,-0.7245508982035929,-0.0718562874251497,-0.8682634730538922,-0.08383233532934131,-0.9820359281437125,-0.19161676646706588,-0.4311377245508982,-0.24550898203592814,-0.592814371257485,-0.2874251497005988,-0.6946107784431138,-0.31137724550898205,-0.7844311377245509
0,0.0,0.0,0.1875,-0.09375,0.33125,-0.24375,0.43125,-0.375,0.55,-0.46875,0.19375,-0.49375,0.25,-0.69375,0.29375,-0.8125,0.34375,-0.90625,0.06875,-0.50625,0.1125,-0.7375,0.15,-0.88125,0.18125,-1.0,-0.05625,-0.48125,-0.05,-0.68125,-0.0375,-0.8125,-0.0125,-0.9125,-0.19375,-0.4125,-0.25,-0.575,-0.29375,-0.6875,-0.33125,-0.7875
0,0.0,0.0,0.19411764705882353,-0.1,0.3411764705882353,-0.25882352941176473,0.45294117647058824,-0.38235294117647056,0.5647058823529412,-0.47058823529411764,0.2529411764705882,-0.47058823529411764,0.32941176470588235,-0.6823529411764706,0.3764705882352941,-0.8058823529411765,0.40588235294117647,-0.9176470588235294,0.1411764705882353,-0.49411764705882355,0.20588235294117646,-0.7294117647058823,0.24705882352941178,-0.8764705882352941,0.27058823529411763,-1.0,0.023529411764705882,-0.47058823529411764,0.041176470588235294,-0.7058823529411765,0.047058823529411764,-0.8529411764705882,0.058823529411764705,-0.9823529411764705,-0.10588235294117647,-0.4117647058823529,-0.1588235294117647,-0.5764705882352941,-0.19411764705882353,-0.6941176470588235,-0.21764705882352942,-0.8
0,0.0,0.0,0.1871345029239766,-0.0935672514619883,0.3391812865497076,-0.24561403508771928,0.4444444444444444,-0.3742690058479532,0.5555555555555556,-0.4678362573099415,0.25146198830409355,-0.45614035087719296,0.3333333333333333,-0.6666666666666666,0.38011695906432746,-0.7894736842105263,0.4093567251461988,-0.9005847953216374,0.14035087719298245,-0.47953216374269003,0.2046783625730994,-0.7192982456140351,0.23976608187134502,-0.8713450292397661,0.2631578947368421,-1.0,0.023391812865497075,-0.45614035087719296,0.029239766081871343,-0.6842105263157895,0.03508771929824561,-0.8421052631578947,0.04093567251461988,-0.9707602339181286,-0.10526315789473684,-0.38596491228070173,-0.16374269005847952,-0.5497076023391813,-0.19883040935672514,-0.6666666666666666,-0.2222222222222222,-0.7660818713450293
0,0.0,0.0,-0.17714285714285713,-0.10857142857142857,-0.30857142857142855,-0.2857142857142857,-0.3942857142857143,-0.42857142857142855,-0.48,-0.5257142857142857,-0.1657142857142857,-0.5085714285714286,-0.22285714285714286,-0.7142857142857143,-0.2571428571428571,-0.8342857142857143,-0.2742857142857143,-0.9428571428571428,-0.045714285714285714,-0.5257142857142857,-0.06857142857142857,-0.7485714285714286,-0.07428571428571429,-0.8857142857142857,-0.08,-1.0,0.06857142857142857,-0.49714285714285716,0.09142857142857143,-0.7028571428571428,0.10285714285714286,-0.8228571428571428,0.10857142857142857,-0.9314285714285714,0.17714285714285713,-0.4342857142857143,0.22285714285714286,-0.5771428571428572,0.24571428571428572,-0.6685714285714286,0.26285714285714284,-0.76
0,0.0,0.0,-0.1781609195402299,-0.10344827586206896,-0.3160919540229885,-0.28160919540229884,-0.40229885057471265,-0.43103448275862066,-0.4885057471264368,-0.5287356321839081,-0.1781609195402299,-0.5114942528735632,-0.23563218390804597,-0.7126436781609196,-0.27011494252873564,-0.8390804597701149,-0.28735632183908044,-0.9425287356321839,-0.05747126436781609,-0.5344827586206896,-0.08045977011494253,-0.7528735632183908,-0.09195402298850575,-0.8850574712643678,-0.09770114942528736,-1.0,0.05747126436781609,-0.5057471264367817,0.08620689655172414,-0.7011494252873564,0.09770114942528736,-0.8218390804597702,0.09770114942528736,-0.9310344827586207,0.16666666666666666,-0.4425287356321839,0.21264367816091953,-0.5804597701149425,0.23563218390804597,-0.6781609195402298,0.25287356321839083,-0.764367816091954
0,0.0,0.0,-0.1791907514450867,-0.10982658959537572,-0.3063583815028902,-0.28901734104046245,-0.3930635838150289,-0.4277456647398844,-0.4797687861271676,-0.5260115606936416,-0.17341040462427745,-0.5144508670520231,-0.2254335260115607,-0.7167630057803468,-0.2543352601156069,-0.838150289017341,-0.27167630057803466,-0.9421965317919075,-0.046242774566473986,-0.5260115606936416,-0.06358381502890173,-0.7514450867052023,-0.06936416184971098,-0.884393063583815,-0.07514450867052024,-1.0,0.06936416184971098,-0.49710982658959535,0.09826589595375723,-0.6994219653179191,0.10982658959537572,-0.8208092485549133,0.11560693641618497,-0.930635838150289,0.18497109826589594,-0.4277456647398844,0.23121387283236994,-0.5780346820809249,0.26011560693641617,-0.6763005780346821,0.2774566473988439,-0.7687861271676301
0,0.0,0.0,-0.1791907514450867,-0.10982658959537572,-0.3179190751445087,-0.2947976878612717,-0.41040462427745666,-0.43352601156069365,-0.49710982658959535,-0.5260115606936416,-0.1676300578034682,-0.5202312138728323,-0.23121387283236994,-0.7167630057803468,-0.2658959537572254,-0.838150289017341,-0.2774566473988439,-0.9421965317919075,-0.05202312138728324,-0.5375722543352601,-0.06936416184971098,-0.7572254335260116,-0.08092485549132948,-0.8959537572254336,-0.08670520231213873,-1.0,0.06358381502890173,-0.5144508670520231,0.09248554913294797,-0.7167630057803468,0.10404624277456648,-0.838150289017341,0.10982658959537572,-0.9364161849710982,0.17341040462427745,-0.45664739884393063,0.2254335260115607,-0.6011560693641619,0.2543352601156069,-0.6936416184971098,0.2774566473988439,-0.7745664739884393
0,0.0,0.0,-0.1791907514450867,-0.10982658959537572,-0.3179190751445087,-0.2947976878612717,-0.41040462427745666,-0.4277456647398844,-0.5028901734104047,-0.5144508670520231,-0.1676300578034682,-0.5144508670520231,-0.23121387283236994,-0.7167630057803468,-0.2658959537572254,-0.838150289017341,-0.28901734104046245,-0.9421965317919075,-0.046242774566473986,-0.5317919075144508,-0.07514450867052024,-0.7514450867052023,-0.09248554913294797,-0.884393063583815,-0.09826589595375723,-1.0,0.07514450867052024,-0.5028901734104047,0.09248554913294797,-0.7052023121387283,0.09826589595375723,-0.8323699421965318,0.09826589595375723,-0.9364161849710982,0.18497109826589594,-0.4393063583815029,0.2254335260115607,-0.5895953757225434,0.2543352601156069,-0.6820809248554913,0.27167630057803466,-0.7630057803468208
0,0.0,0.0,-0.1952662721893491,-0.11834319526627218,-0.3431952662721893,-0.28402366863905326,-0.4437869822485207,-0.4319526627218935,-0.5443786982248521,-0.5266272189349113,-0.22485207100591717,-0.5088757396449705,-0.2958579881656805,-0.7159763313609467,-0.33136094674556216,-0.8402366863905325,-0.35502958579881655,-0.9526627218934911,-0.10650887573964497,-0.5325443786982249,-0.13609467455621302,-0.757396449704142,-0.14792899408284024,-0.893491124260355,-0.15976331360946747,-1.0,0.011834319526627219,-0.5088757396449705,0.029585798816568046,-0.7100591715976331,0.03550295857988166,-0.834319526627219,0.04142011834319527,-0.9349112426035503,0.1301775147928994,-0.44970414201183434,0.17751479289940827,-0.6035502958579881,0.20118343195266272,-0.6982248520710059,0.21893491124260356,-0.7869822485207101
0,0.0,0.0,-0.1893491124260355,-0.11834319526627218,-0.33727810650887574,-0.30177514792899407,-0.4378698224852071,-0.44970414201183434,-0.5325443786982249,-0.5443786982248521,-0.22485207100591717,-0.5088757396449705,-0.2958579881656805,-0.7159763313609467,-0.33136094674556216,-0.8461538461538461,-0.35502958579881655,-0.9526627218934911,-0.10059171597633136,-0.5325443786982249,-0.13609467455621302,-0.7514792899408284,-0.15976331360946747,-0.8875739644970414,-0.17751479289940827,-1.0,0.01775147928994083,-0.514792899408284,0.029585798816568046,-0.7159763313609467,0.029585798816568046,-0.8402366863905325,0.01775147928994083,-0.9467455621301775,0.13609467455621302,-0.46153846153846156,0.17751479289940827,-0.6035502958579881,0.1952662721893491,-0.6982248520710059,0.20710059171597633,-0.7751479289940828
0,0.0,0.0,-0.1927710843373494,-0.12048192771084337,-0.3373493975903614,-0.29518072289156627,-0.4397590361445783,-0.4457831325301205,-0.5240963855421686,-0.5602409638554217,-0.23493975903614459,-0.5,-0.3132530120481928,-0.7168674698795181,-0.3493975903614458,-0.8433734939759037,-0.37349397590361444,-0.9518072289156626,-0.12048192771084337,-0.5301204819277109,-0.1566265060240964,-0.7530120481927711,-0.1746987951807229,-0.891566265060241,-0.18674698795180722,-1.0,0.0,-0.5180722891566265,0.012048192771084338,-0.7289156626506024,0.012048192771084338,-0.8433734939759037,0.012048192771084338,-0.9397590361445783,0.12048192771084337,-0.463855421686747,0.16265060240963855,-0.6024096385542169,0.18674698795180722,-0.6927710843373494,0.20481927710843373,-0.7771084337349398
0,0.0,0.0,-0.19642857142857142,-0.1130952380952381,-0.3392857142857143,-0.2916666666666667,-0.42857142857142855,-0.44047619047619047,-0.5,-0.5654761904761905,-0.25,-0.5059523809523809,-0.3273809523809524,-0.7202380952380952,-0.35714285714285715,-0.8452380952380952,-0.375,-0.9523809523809523,-0.13095238095238096,-0.5357142857142857,-0.17261904761904762,-0.7559523809523809,-0.19047619047619047,-0.8869047619047619,-0.20238095238095238,-1.0,-0.017857142857142856,-0.5178571428571429,-0.011904761904761904,-0.7202380952380952,-0.011904761904761904,-0.8392857142857143,-0.011904761904761904,-0.9404761904761905,0.10119047619047619,-0.4583333333333333,0.13095238095238096,-0.6011904761904762,0.14285714285714285,-0.6904761904761905,0.1488095238095238,-0.7619047619047619
0,0.0,0.0,-0.19047619047619047,-0.10714285714285714,-0.3392857142857143,-0.2857142857142857,-0.43452380952380953,-0.44047619047619047,-0.5119047619047619,-0.5535714285714286,-0.23214285714285715,-0.5059523809523809,-0.2976190476190476,-0.7142857142857143,-0.3333333333333333,-0.8392857142857143,-0.35119047619047616,-0.9523809523809523,-0.11904761904761904,-0.5297619047619048,-0.14285714285714285,-0.7559523809523809,-0.15476190476190477,-0.8928571428571429,-0.17261904761904762,-1.0,0.0,-0.5059523809523809,0.0,-0.7142857142857143,0.0,-0.8333333333333334,-0.005952380952380952,-0.9404761904761905,0.1130952380952381,-0.4523809523809524,0.14285714285714285,-0.5892857142857143,0.15476190476190477,-0.6785714285714286,0.16071428571428573,-0.7559523809523809
0,0.0,0.0,-0.19047619047619047,-0.10714285714285714,-0.3333333333333333,-0.2916666666666667,-0.4226190476190476,-0.44047619047619047,-0.5059523809523809,-0.5535714285714286,-0.21428571428571427,-0.5059523809523809,-0.27976190476190477,-0.7142857142857143,-0.30952380952380953,-0.8392857142857143,-0.3333333333333333,-0.9523809523809523,-0.09523809523809523,-0.5297619047619048,-0.11904761904761904,-0.75,-0.13095238095238096,-0.8869047619047619,-0.14285714285714285,-1.0,0.023809523809523808,-0.5,0.023809523809523808,-0.6964285714285714,0.023809523809523808,-0.8214285714285714,0.023809523809523808,-0.9285714285714286,0.13690476190476192,-0.44047619047619047,0.16666666666666666,-0.5833333333333334,0.18452380952380953,-0.6785714285714286,0.19642857142857142,-0.7678571428571429
0,0.0,0.0,-0.19047619047619047,-0.1130952380952381,-0.3273809523809524,-0.2916666666666667,-0.42857142857142855,-0.43452380952380953,-0.5119047619047619,-0.5357142857142857,-0.21428571428571427,-0.5,-0.2857142857142857,-0.7142857142857143,-0.31547619047619047,-0.8392857142857143,-0.3333333333333333,-0.9523809523809523,-0.09523809523809523,-0.5238095238095238,-0.11904761904761904,-0.7440476190476191,-0.13095238095238096,-0.8809523809523809,-0.13095238095238096,-1.0,0.023809523809523808,-0.5,0.02976190476190476,-0.7023809523809523,0.03571428571428571,-0.8273809523809523,0.03571428571428571,-0.9404761904761905,0.14285714285714285,-0.44047619047619047,0.17261904761904762,-0.5952380952380952,0.19047619047619047,-0.6904761904761905,0.20833333333333334,-0.7797619047619048
0,0.0,0.0,-0.19753086419753085,-0.10493827160493827,-0.345679012345679,-0.25925925925925924,-0.4444444444444444,-0.3950617283950617,-0.5123456790123457,-0.5123456790123457,-0.25308641975308643,-0.4876543209876543,-0.3148148148148148,-0.7037037037037037,-0.3395061728395062,-0.8333333333333334,-0.35185185185185186,-0.9506172839506173,-0.12345679012345678,-0.5123456790123457,-0.1419753086419753,-0.7469135802469136,-0.1419753086419753,-0.8827160493827161,-0.1419753086419753,-1.0,0.0,-0.5,0.024691358024691357,-0.7037037037037037,0.037037037037037035,-0.8333333333333334,0.043209876543209874,-0.9382716049382716,0.11728395061728394,-0.4382716049382716,0.16049382716049382,-0.5987654320987654,0.19135802469135801,-0.691358024691358,0.20987654320987653,-0.7777777777777778
0,0.0,0.0,-0.19135802469135801,-0.10493827160493827,-0.32098765432098764,-0.2654320987654321,-0.3888888888888889,-0.41358024691358025,-0.4506172839506173,-0.5308641975308642,-0.20987654320987653,-0.5061728395061729,-0.25308641975308643,-0.7098765432098766,-0.2777777777777778,-0.8333333333333334,-0.2839506172839506,-0.9444444444444444,-0.09259259259259259,-0.5246913580246914,-0.1111111111111111,-0.7469135802469136,-0.12345679012345678,-0.8827160493827161,-0.12962962962962962,-1.0,0.024691358024691357,-0.5061728395061729,0.024691358024691357,-0.7160493827160493,0.018518518518518517,-0.845679012345679,0.006172839506172839,-0.9506172839506173,0.1419753086419753,-0.4444444444444444,0.16666666666666666,-0.6049382716049383,0.17901234567901234,-0.7160493827160493,0.17901234567901234,-0.808641975308642
0,0.0,0.0,-0.17058823529411765,-0.12941176470588237,-0.2647058823529412,-0.3235294117647059,-0.27647058823529413,-0.48823529411764705,-0.3,-0.6235294117647059,-0.18235294117647058,-0.5235294117647059,-0.19411764705882353,-0.7235294117647059,-0.19411764705882353,-0.8411764705882353,-0.18823529411764706,-0.9470588235294117,-0.07647058823529412,-0.5411764705882353,-0.1,-0.7529411764705882,-0.10588235294117647,-0.8823529411764706,-0.11176470588235295,-1.0,0.023529411764705882,-0.5235294117647059,0.0058823529411764705,-0.7235294117647059,0.0,-0.8470588235294118,-0.011764705882352941,-0.9470588235294117,0.13529411764705881,-0.47058823529411764,0.12941176470588237,-0.6235294117647059,0.11176470588235295,-0.7294117647058823,0.09411764705882353,-0.8117647058823529
0,0.0,0.0,-0.18235294117647058,-0.10588235294117647,-0.27058823529411763,-0.31176470588235294,-0.28823529411764703,-0.4764705882352941,-0.3176470588235294,-0.611764705882353,-0.17647058823529413,-0.5411764705882353,-0.18235294117647058,-0.7411764705882353,-0.17647058823529413,-0.8588235294117647,-0.17058823529411765,-0.9588235294117647,-0.07647058823529412,-0.5529411764705883,-0.08235294117647059,-0.7647058823529411,-0.08823529411764706,-0.8941176470588236,-0.08823529411764706,-1.0,0.01764705882352941,-0.5352941176470588,0.0058823529411764705,-0.7352941176470589,0.0,-0.8529411764705882,-0.0058823529411764705,-0.9529411764705882,0.11764705882352941,-0.4823529411764706,0.10588235294117647,-0.6411764705882353,0.10588235294117647,-0.7411764705882353,0.1,-0.8235294117647058
0,0.0,0.0,-0.18562874251497005,-0.11377245508982035,-0.2934131736526946,-0.32335329341317365,-0.3413173652694611,-0.49700598802395207,-0.40119760479041916,-0.6287425149700598,-0.2155688622754491,-0.5329341317365269,-0.23952095808383234,-0.7365269461077845,-0.23952095808383234,-0.8562874251497006,-0.2275449101796407,-0.9640718562874252,-0.10778443113772455,-0.5449101796407185,-0.1317365269461078,-0.7544910179640718,-0.12574850299401197,-0.8862275449101796,-0.11976047904191617,-1.0,-0.005988023952095809,-0.5209580838323353,-0.023952095808383235,-0.718562874251497,-0.03592814371257485,-0.844311377245509,-0.041916167664670656,-0.9520958083832335,0.10179640718562874,-0.47305389221556887,0.07784431137724551,-0.6287425149700598,0.0658682634730539,-0.7305389221556886,0.04790419161676647,-0.8143712574850299
0,0.0,0.0,-0.1746987951807229,-0.10843373493975904,-0.27710843373493976,-0.29518072289156627,-0.3132530120481928,-0.4578313253012048,-0.3493975903614458,-0.5843373493975904,-0.18674698795180722,-0.5602409638554217,-0.20481927710843373,-0.7409638554216867,-0.21084337349397592,-0.8554216867469879,-0.20481927710843373,-0.9578313253012049,-0.08433734939759036,-0.5662650602409639,-0.10240963855421686,-0.7710843373493976,-0.10843373493975904,-0.891566265060241,-0.1144578313253012,-1.0,0.012048192771084338,-0.5421686746987951,-0.006024096385542169,-0.7228915662650602,-0.018072289156626505,-0.8373493975903614,-0.030120481927710843,-0.9337349397590361,0.10843373493975904,-0.4759036144578313,0.09036144578313253,-0.6204819277108434,0.06626506024096386,-0.7048192771084337,0.03614457831325301,-0.7831325301204819
0,0.0,0.0,-0.19540229885057472,-0.08620689655172414,-0.3218390804597701,-0.27586206896551724,-0.3793103448275862,-0.4367816091954023,-0.4425287356321839,-0.5632183908045977,-0.27586206896551724,-0.4942528735632184,-0.3218390804597701,-0.7068965517241379,-0.3275862068965517,-0.8390804597701149,-0.3275862068965517,-0.9482758620689655,-0.1781609195402299,-0.5172413793103449,-0.21839080459770116,-0.7413793103448276,-0.22988505747126436,-0.8850574712643678,-0.2413793103448276,-1.0,-0.07471264367816093,-0.5,-0.11494252873563218,-0.7126436781609196,-0.13793103448275862,-0.8448275862068966,-0.14942528735632185,-0.9597701149425287,0.034482758620689655,-0.45977011494252873,0.005747126436781609,-0.6206896551724138,-0.011494252873563218,-0.7241379310344828,-0.022988505747126436,-0.8160919540229885
0,0.0,0.0,-0.21022727272727273,-0.07386363636363637,-0.3465909090909091,-0.24431818181818182,-0.4147727272727273,-0.4034090909090909,-0.5,-0.5113636363636364,-0.29545454545454547,-0.4659090909090909,-0.3352272727272727,-0.6761363636363636,-0.3522727272727273,-0.8011363636363636,-0.35795454545454547,-0.9147727272727273,-0.19318181818181818,-0.5,-0.23863636363636365,-0.7329545454545454,-0.2556818181818182,-0.875,-0.2727272727272727,-1.0,-0.08522727272727272,-0.4943181818181818,-0.13068181818181818,-0.7102272727272727,-0.1534090909090909,-0.8465909090909091,-0.17613636363636365,-0.9602272727272727,0.028409090909090908,-0.4602272727272727,-0.005681818181818182,-0.6306818181818182,-0.022727272727272728,-0.7329545454545454,-0.03409090909090909,-0.8295454545454546
0,0.0,0.0,-0.20588235294117646,-0.058823529411764705,-0.35294117647058826,-0.21176470588235294,-0.43529411764705883,-0.35294117647058826,-0.5294117647058824,-0.45294117647058824,-0.3176470588235294,-0.4411764705882353,-0.3764705882352941,-0.6588235294117647,-0.40588235294117647,-0.788235294117647,-0.4235294117647059,-0.9058823529411765,-0.20588235294117646,-0.4823529411764706,-0.27058823529411763,-0.7235294117647059,-0.31176470588235294,-0.8705882352941177,-0.34705882352941175,-1.0,-0.08823529411764706,-0.4823529411764706,-0.15294117647058825,-0.7058823529411765,-0.18823529411764706,-0.8411764705882353,-0.21764705882352942,-0.9529411764705882,0.03529411764705882,-0.4588235294117647,-0.023529411764705882,-0.6294117647058823,-0.058823529411764705,-0.7352941176470589,-0.08823529411764706,-0.8352941176470589
0,0.0,0.0,-0.21739130434782608,-0.049689440993788817,-0.38509316770186336,-0.18012422360248448,-0.4906832298136646,-0.3167701863354037,-0.577639751552795,-0.43478260869565216,-0.36024844720496896,-0.42857142857142855,-0.422360248447205,-0.6521739130434783,-0.453416149068323,-0.7888198757763976,-0.484472049689441,-0.906832298136646,-0.2484472049689441,-0.4782608695652174,-0.3167701863354037,-0.7204968944099379,-0.36024844720496896,-0.8757763975155279,-0.39751552795031053,-1.0,-0.13043478260869565,-0.4906832298136646,-0.19875776397515527,-0.7204968944099379,-0.2422360248447205,-0.8571428571428571,-0.2795031055900621,-0.968944099378882,-0.006211180124223602,-0.4720496894409938,-0.049689440993788817,-0.6521739130434783,-0.07453416149068323,-0.7701863354037267,-0.09937888198757763,-0.8695652173913043
0,0.0,0.0,-0.21656050955414013,-0.044585987261146494,-0.39490445859872614,-0.19745222929936307,-0.5031847133757962,-0.3375796178343949,-0.6178343949044586,-0.43312101910828027,-0.3630573248407643,-0.45222929936305734,-0.445859872611465,-0.6624203821656051,-0.4713375796178344,-0.7898089171974523,-0.4968152866242038,-0.9044585987261147,-0.25477707006369427,-0.5031847133757962,-0.34394904458598724,-0.732484076433121,-0.3821656050955414,-0.8726114649681529,-0.4140127388535032,-1.0,-0.14012738853503184,-0.5159235668789809,-0.22929936305732485,-0.7388535031847133,-0.2802547770700637,-0.8726114649681529,-0.3248407643312102,-0.9936305732484076,-0.006369426751592357,-0.4968152866242038,-0.08280254777070063,-0.6751592356687898,-0.12101910828025478,-0.7898089171974523,-0.15286624203821655,-0.8980891719745223
0,0.0,0.0,-0.2125,-0.0375,-0.38125,-0.1875,-0.4875,-0.33125,-0.6,-0.43125,-0.35,-0.45625,-0.41875,-0.6625,-0.45,-0.79375,-0.475,-0.90625,-0.25,-0.5125,-0.325,-0.7375,-0.3625,-0.875,-0.39375,-1.0,-0.1375,-0.525,-0.21875,-0.7375,-0.25625,-0.8625,-0.29375,-0.98125,-0.01875,-0.50625,-0.075,-0.68125,-0.1125,-0.7875,-0.14375,-0.88125
0,0.0,0.0,-0.225,-0.04375,-0.40625,-0.2,-0.5,-0.35625,-0.6,-0.4625,-0.35625,-0.46875,-0.41875,-0.6875,-0.43125,-0.81875,-0.4375,-0.925,-0.25,-0.5125,-0.31875,-0.74375,-0.34375,-0.88125,-0.3625,-1.0,-0.1375,-0.51875,-0.2125,-0.7375,-0.24375,-0.8625,-0.26875,-0.96875,-0.0125,-0.50625,-0.075,-0.6875,-0.10625,-0.79375,-0.1375,-0.88125
0,0.0,0.0,-0.20481927710843373,-0.05421686746987952,-0.37349397590361444,-0.21686746987951808,-0.4879518072289157,-0.3674698795180723,-0.5903614457831325,-0.463855421686747,-0.3253012048192771,-0.4759036144578313,-0.42168674698795183,-0.6686746987951807,-0.46987951807228917,-0.7831325301204819,-0.5060240963855421,-0.891566265060241,-0.21686746987951808,-0.5301204819277109,-0.2891566265060241,-0.7530120481927711,-0.3253012048192771,-0.891566265060241,-0.35542168674698793,-1.0,-0.10240963855421686,-0.5481927710843374,-0.14457831325301204,-0.7530120481927711,-0.1746987951807229,-0.8734939759036144,-0.19879518072289157,-0.9759036144578314,0.018072289156626505,-0.5240963855421686,0.006024096385542169,-0.6867469879518072,0.0,-0.7891566265060241,-0.006024096385542169,-0.8734939759036144
0,0.0,0.0,-0.2345679012345679,-0.06790123456790123,-0.42592592592592593,-0.21604938271604937,-0.5555555555555556,-0.35185185185185186,-0.6790123456790124,-0.41975308641975306,-0.345679012345679,-0.47530864197530864,-0.4506172839506173,-0.6666666666666666,-0.5123456790123457,-0.7839506172839507,-0.5617283950617284,-0.8888888888888888,-0.21604938271604937,-0.5246913580246914,-0.2777777777777778,-0.7530864197530864,-0.3148148148148148,-0.8827160493827161,-0.35185185185185186,-1.0,-0.08641975308641975,-0.5308641975308642,-0.10493827160493827,-0.7407407407407407,-0.12345679012345678,-0.8765432098765432,-0.1419753086419753,-0.9938271604938271,0.043209876543209874,-0.49382716049382713,0.07407407407407407,-0.6604938271604939,0.08641975308641975,-0.7654320987654321,0.09876543209876543,-0.8641975308641975
0,0.0,0.0,-0.22289156626506024,-0.06626506024096386,-0.40963855421686746,-0.24096385542168675,-0.5421686746987951,-0.3795180722891566,-0.6686746987951807,-0.4397590361445783,-0.30120481927710846,-0.4759036144578313,-0.4036144578313253,-0.6686746987951807,-0.463855421686747,-0.7891566265060241,-0.5060240963855421,-0.891566265060241,-0.1686746987951807,-0.5180722891566265,-0.22289156626506024,-0.7469879518072289,-0.25903614457831325,-0.8855421686746988,-0.2891566265060241,-1.0,-0.04216867469879518,-0.5180722891566265,-0.04216867469879518,-0.7349397590361446,-0.06626506024096386,-0.8674698795180723,-0.09036144578313253,-0.9819277108433735,0.08433734939759036,-0.4819277108433735,0.1144578313253012,-0.6445783132530121,0.12650602409638553,-0.7530120481927711,0.13855421686746988,-0.8493975903614458
0,0.0,0.0,-0.21951219512195122,-0.06707317073170732,-0.4024390243902439,-0.21951219512195122,-0.524390243902439,-0.3597560975609756,-0.6463414634146342,-0.4451219512195122,-0.3048780487804878,-0.4817073170731707,-0.39634146341463417,-0.6829268292682927,-0.4451219512195122,-0.8109756097560976,-0.4878048780487805,-0.9146341463414634,-0.16463414634146342,-0.524390243902439,-0.21951219512195122,-0.75,-0.24390243902439024,-0.8841463414634146,-0.2682926829268293,-1.0,-0.03048780487804878,-0.5182926829268293,-0.042682926829268296,-0.7378048780487805,-0.054878048780487805,-0.8658536585365854,-0.07317073170731707,-0.9817073170731707,0.10365853658536585,-0.47560975609756095,0.13414634146341464,-0.6463414634146342,0.14634146341463414,-0.75,0.1524390243902439,-0.8536585365853658
0,0.0,0.0,-0.20710059171597633,-0.07692307692307693,-0.378698224852071,-0.24260355029585798,-0.4911242603550296,-0.378698224852071,-0.6035502958579881,-0.46153846153846156,-0.27218934911242604,-0.47928994082840237,-0.3668639053254438,-0.6863905325443787,-0.42011834319526625,-0.8106508875739645,-0.4556213017751479,-0.9171597633136095,-0.14201183431952663,-0.5207100591715976,-0.1952662721893491,-0.7455621301775148,-0.22485207100591717,-0.8875739644970414,-0.2485207100591716,-1.0,-0.011834319526627219,-0.5088757396449705,-0.01775147928994083,-0.7218934911242604,-0.023668639053254437,-0.8520710059171598,-0.03550295857988166,-0.9585798816568047,0.11834319526627218,-0.46745562130177515,0.14201183431952663,-0.6272189349112426,0.15976331360946747,-0.7337278106508875,0.17159763313609466,-0.8224852071005917
0,0.0,0.0,-0.21176470588235294,-0.08823529411764706,-0.37058823529411766,-0.2529411764705882,-0.4823529411764706,-0.3941176470588235,-0.5941176470588235,-0.4764705882352941,-0.27647058823529413,-0.49411764705882355,-0.3588235294117647,-0.6941176470588235,-0.40588235294117647,-0.8176470588235294,-0.4411764705882353,-0.9294117647058824,-0.1411764705882353,-0.5294117647058824,-0.18823529411764706,-0.7529411764705882,-0.21764705882352942,-0.888235294117647,-0.23529411764705882,-1.0,-0.011764705882352941,-0.5235294117647059,-0.023529411764705882,-0.7352941176470589,-0.029411764705882353,-0.8647058823529412,-0.041176470588235294,-0.9705882352941176,0.11176470588235295,-0.4764705882352941,0.14705882352941177,-0.6352941176470588,0.16470588235294117,-0.7411764705882353,0.18235294117647058,-0.8294117647058824
0,0.0,0.0,-0.19428571428571428,-0.09142857142857143,-0.3485714285714286,-0.26285714285714284,-0.4514285714285714,-0.4057142857142857,-0.5657142857142857,-0.48,-0.26285714285714284,-0.4742857142857143,-0.33714285714285713,-0.6742857142857143,-0.37142857142857144,-0.8,-0.3942857142857143,-0.9085714285714286,-0.13142857142857142,-0.5142857142857142,-0.1657142857142857,-0.7428571428571429,-0.18857142857142858,-0.8857142857142857,-0.2057142857142857,-1.0,0.0,-0.5028571428571429,0.0,-0.7142857142857143,-0.005714285714285714,-0.84,-0.011428571428571429,-0.9428571428571428,0.12,-0.45714285714285713,0.15428571428571428,-0.6114285714285714,0.17714285714285713,-0.7085714285714285,0.19428571428571428,-0.7942857142857143
0,0.0,0.0,-0.18857142857142858,-0.09714285714285714,-0.3314285714285714,-0.26285714285714284,-0.44,-0.4114285714285714,-0.5371428571428571,-0.5028571428571429,-0.26285714285714284,-0.48,-0.33714285714285713,-0.6914285714285714,-0.3657142857142857,-0.8285714285714286,-0.38857142857142857,-0.9428571428571428,-0.13142857142857142,-0.52,-0.1657142857142857,-0.7428571428571429,-0.17714285714285713,-0.8857142857142857,-0.18285714285714286,-1.0,0.0,-0.5085714285714286,0.005714285714285714,-0.72,0.011428571428571429,-0.8457142857142858,0.011428571428571429,-0.9485714285714286,0.13142857142857142,-0.46285714285714286,0.1657142857142857,-0.6171428571428571,0.18857142857142858,-0.72,0.2,-0.8114285714285714
0,0.0,0.0,-0.17415730337078653,-0.10112359550561797,-0.3089887640449438,-0.2808988764044944,-0.398876404494382,-0.43258426966292135,-0.48314606741573035,-0.5393258426966292,-0.20786516853932585,-0.5056179775280899,-0.2752808988764045,-0.7247191011235955,-0.3146067415730337,-0.8595505617977528,-0.33707865168539325,-0.9775280898876404,-0.0898876404494382,-0.5280898876404494,-0.12921348314606743,-0.7584269662921348,-0.14606741573033707,-0.8932584269662921,-0.16292134831460675,-1.0,0.02247191011235955,-0.5112359550561798,0.033707865168539325,-0.7191011235955056,0.0449438202247191,-0.8426966292134831,0.0449438202247191,-0.9438202247191011,0.1348314606741573,-0.449438202247191,0.1797752808988764,-0.5955056179775281,0.20224719101123595,-0.6910112359550562,0.21348314606741572,-0.7752808988764045
0,0.0,0.0,-0.17204301075268819,-0.10215053763440861,-0.3064516129032258,-0.27956989247311825,-0.3870967741935484,-0.43010752688172044,-0.46774193548387094,-0.532258064516129,-0.1989247311827957,-0.5,-0.26881720430107525,-0.7043010752688172,-0.3064516129032258,-0.8279569892473119,-0.3333333333333333,-0.9408602150537635,-0.0913978494623656,-0.5268817204301075,-0.12365591397849462,-0.7526881720430108,-0.14516129032258066,-0.8870967741935484,-0.15591397849462366,-1.0,0.016129032258064516,-0.510752688172043,0.010752688172043012,-0.7204301075268817,0.005376344086021506,-0.8440860215053764,0.0,-0.956989247311828,0.11827956989247312,-0.45698924731182794,0.15053763440860216,-0.5967741935483871,0.16129032258064516,-0.6935483870967742,0.17204301075268819,-0.7795698924731183
0,0.0,0.0,-0.17297297297297298,-0.11351351351351352,-0.2972972972972973,-0.2756756756756757,-0.3837837837837838,-0.42162162162162165,-0.4648648648648649,-0.5243243243243243,-0.2,-0.4864864864864865,-0.2648648648648649,-0.7027027027027027,-0.2972972972972973,-0.8324324324324325,-0.31351351351351353,-0.9405405405405406,-0.08648648648648649,-0.5135135135135135,-0.10810810810810811,-0.745945945945946,-0.11891891891891893,-0.8810810810810811,-0.11891891891891893,-1.0,0.021621621621621623,-0.4918918918918919,0.032432432432432434,-0.7027027027027027,0.03783783783783784,-0.8324324324324325,0.043243243243243246,-0.9405405405405406,0.13513513513513514,-0.43243243243243246,0.17297297297297298,-0.5783783783783784,0.1945945945945946,-0.6756756756756757,0.21621621621621623,-0.7621621621621621
0,0.0,0.0,-0.16756756756756758,-0.11351351351351352,-0.2972972972972973,-0.2756756756756757,-0.3783783783783784,-0.41081081081081083,-0.4594594594594595,-0.5081081081081081,-0.2,-0.4810810810810811,-0.2594594594594595,-0.6972972972972973,-0.2864864864864865,-0.827027027027027,-0.3081081081081081,-0.9405405405405406,-0.08108108108108109,-0.5027027027027027,-0.10270270270270271,-0.7405405405405405,-0.11351351351351352,-0.8810810810810811,-0.11891891891891893,-1.0,0.02702702702702703,-0.4810810810810811,0.03783783783783784,-0.6972972972972973,0.04864864864864865,-0.827027027027027,0.05405405405405406,-0.9297297297297298,0.13513513513513514,-0.42162162162162165,0.16756756756756758,-0.5783783783783784,0.1945945945945946,-0.6756756756756757,0.21081081081081082,-0.7621621621621621
0,0.0,0.0,-0.16939890710382513,-0.09836065573770492,-0.29508196721311475,-0.26229508196721313,-0.3770491803278688,-0.3989071038251366,-0.45901639344262296,-0.4972677595628415,-0.1912568306010929,-0.4918032786885246,-0.25136612021857924,-0.6994535519125683,-0.28415300546448086,-0.825136612021858,-0.30601092896174864,-0.9344262295081968,-0.07650273224043716,-0.5136612021857924,-0.09289617486338798,-0.7431693989071039,-0.1092896174863388,-0.8852459016393442,-0.11475409836065574,-1.0,0.03825136612021858,-0.4918032786885246,0.04918032786885246,-0.6994535519125683,0.0546448087431694,-0.8306010928961749,0.060109289617486336,-0.9453551912568307,0.14207650273224043,-0.4262295081967213,0.18032786885245902,-0.5792349726775956,0.20218579234972678,-0.6775956284153005,0.2185792349726776,-0.7704918032786885
0,0.0,0.0,-0.17318435754189945,-0.09497206703910614,-0.3016759776536313,-0.2569832402234637,-0.3854748603351955,-0.39106145251396646,-0.4692737430167598,-0.48044692737430167,-0.19553072625698323,-0.49162011173184356,-0.25139664804469275,-0.6927374301675978,-0.2849162011173184,-0.8156424581005587,-0.30726256983240224,-0.9217877094972067,-0.0782122905027933,-0.5139664804469274,-0.09497206703910614,-0.7430167597765364,-0.10614525139664804,-0.88268156424581,-0.11173184357541899,-1.0,0.0335195530726257,-0.49162011173184356,0.055865921787709494,-0.7039106145251397,0.0670391061452514,-0.8324022346368715,0.07262569832402235,-0.9385474860335196,0.13966480446927373,-0.4301675977653631,0.18994413407821228,-0.5865921787709497,0.21787709497206703,-0.6815642458100558,0.24022346368715083,-0.770949720670391
0,0.0,0.0,-0.1875,-0.09090909090909091,-0.32386363636363635,-0.24431818181818182,-0.4147727272727273,-0.375,-0.5113636363636364,-0.4659090909090909,-0.1875,-0.4659090909090909,-0.2556818181818182,-0.6761363636363636,-0.2897727272727273,-0.8068181818181818,-0.3125,-0.9147727272727273,-0.0625,-0.4943181818181818,-0.07386363636363637,-0.7329545454545454,-0.08522727272727272,-0.8806818181818182,-0.09090909090909091,-1.0,0.056818181818181816,-0.4715909090909091,0.08522727272727272,-0.6931818181818182,0.09659090909090909,-0.8295454545454546,0.10227272727272728,-0.9431818181818182,0.17045454545454544,-0.4147727272727273,0.22727272727272727,-0.5738636363636364,0.2556818181818182,-0.6761363636363636,0.2727272727272727,-0.7727272727272727
0,0.0,0.0,-0.19101123595505617,-0.09550561797752809,-0.33146067415730335,-0.25842696629213485,-0.4101123595505618,-0.4044943820224719,-0.5056179775280899,-0.5,-0.19662921348314608,-0.48314606741573035,-0.25280898876404495,-0.6853932584269663,-0.2752808988764045,-0.8089887640449438,-0.29213483146067415,-0.9157303370786517,-0.06179775280898876,-0.5056179775280899,-0.06741573033707865,-0.7359550561797753,-0.07303370786516854,-0.8764044943820225,-0.08426966292134831,-1.0,0.056179775280898875,-0.47752808988764045,0.08426966292134831,-0.6966292134831461,0.10112359550561797,-0.8258426966292135,0.10674157303370786,-0.9438202247191011,0.16853932584269662,-0.42134831460674155,0.2247191011235955,-0.5730337078651685,0.25842696629213485,-0.6741573033707865,0.2808988764044944,-0.7640449438202247
0,0.0,0.0,-0.18181818181818182,-0.09659090909090909,-0.3125,-0.26136363636363635,-0.38636363636363635,-0.3977272727272727,-0.4602272727272727,-0.48863636363636365,-0.1590909090909091,-0.48863636363636365,-0.22727272727272727,-0.6988636363636364,-0.2727272727272727,-0.8238636363636364,-0.30113636363636365,-0.9261363636363636,-0.045454545454545456,-0.5056818181818182,-0.0625,-0.7386363636363636,-0.07386363636363637,-0.8863636363636364,-0.07386363636363637,-1.0,0.06818181818181818,-0.48295454545454547,0.09090909090909091,-0.7045454545454546,0.10795454545454546,-0.8409090909090909,0.125,-0.9488636363636364,0.17045454545454544,-0.42613636363636365,0.22727272727272727,-0.5852272727272727,0.26704545454545453,-0.6875,0.30113636363636365,-0.7784090909090909
0,0.0,0.0,-0.13872832369942195,-0.10404624277456648,-0.21965317919075145,-0.2543352601156069,-0.19653179190751446,-0.3815028901734104,-0.14450867052023122,-0.4624277456647399,-0.08670520231213873,-0.4913294797687861,-0.12716763005780346,-0.6705202312138728,-0.1907514450867052,-0.7225433526011561,-0.24277456647398843,-0.7398843930635838,0.023121387283236993,-0.5144508670520231,0.028901734104046242,-0.7514450867052023,0.023121387283236993,-0.8901734104046243,0.023121387283236993,-1.0,0.12138728323699421,-0.48554913294797686,0.1676300578034682,-0.7052023121387283,0.18497109826589594,-0.8439306358381503,0.20809248554913296,-0.9595375722543352,0.2254335260115607,-0.42196531791907516,0.28901734104046245,-0.5953757225433526,0.32947976878612717,-0.7052023121387283,0.36416184971098264,-0.8034682080924855
0,0.0,0.0,-0.18235294117647058,-0.07058823529411765,-0.3352941176470588,-0.18823529411764706,-0.45294117647058824,-0.29411764705882354,-0.5294117647058824,-0.4,-0.22941176470588234,-0.45294117647058824,-0.3058823529411765,-0.6529411764705882,-0.35294117647058826,-0.7705882352941177,-0.38823529411764707,-0.8705882352941177,-0.10588235294117647,-0.4823529411764706,-0.1411764705882353,-0.7235294117647059,-0.1588235294117647,-0.8705882352941177,-0.16470588235294117,-1.0,0.023529411764705882,-0.4647058823529412,0.029411764705882353,-0.6882352941176471,0.041176470588235294,-0.8176470588235294,0.047058823529411764,-0.9294117647058824,0.15294117647058825,-0.4117647058823529,0.20588235294117646,-0.5823529411764706,0.23529411764705882,-0.6882352941176471,0.25882352941176473,-0.788235294117647
0,0.0,0.0,-0.1962025316455696,-0.0189873417721519,-0.36075949367088606,-0.15822784810126583,-0.5126582278481012,-0.25949367088607594,-0.6518987341772152,-0.31645569620253167,-0.2468354430379747,-0.4240506329113924,-0.34177215189873417,-0.6392405063291139,-0.41139240506329117,-0.7721518987341772,-0.46835443037974683,-0.879746835443038,-0.12025316455696203,-0.44936708860759494,-0.17721518987341772,-0.7025316455696202,-0.2088607594936709,-0.8607594936708861,-0.23417721518987342,-1.0,0.012658227848101266,-0.4240506329113924,0.012658227848101266,-0.6645569620253164,0.0189873417721519,-0.8164556962025317,0.0189873417721519,-0.9493670886075949,0.14556962025316456,-0.36075949367088606,0.1962025316455696,-0.5379746835443038,0.22784810126582278,-0.6518987341772152,0.25316455696202533,-0.759493670886076
0,0.0,0.0,-0.18518518518518517,-0.037037037037037035,-0.3395061728395062,-0.16049382716049382,-0.47530864197530864,-0.2654320987654321,-0.6111111111111112,-0.32098765432098764,-0.21604938271604937,-0.43209876543209874,-0.30864197530864196,-0.6419753086419753,-0.3765432098765432,-0.7716049382716049,-0.43209876543209874,-0.8765432098765432,-0.09259259259259259,-0.4567901234567901,-0.1419753086419753,-0.7098765432098766,-0.1728395061728395,-0.8641975308641975,-0.19753086419753085,-1.0,0.037037037037037035,-0.42592592592592593,0.043209876543209874,-0.6728395061728395,0.04938271604938271,-0.8209876543209876,0.043209876543209874,-0.9506172839506173,0.16666666666666666,-0.35802469135802467,0.2222222222222222,-0.5432098765432098,0.25925925925925924,-0.654320987654321,0.2839506172839506,-0.7530864197530864
0,0.0,0.0,-0.19393939393939394,-0.030303030303030304,-0.36363636363636365,-0.16363636363636364,-0.503030303030303,-0.2727272727272727,-0.6363636363636364,-0.34545454545454546,-0.24242424242424243,-0.4303030303030303,-0.3333333333333333,-0.6484848484848484,-0.3939393939393939,-0.7757575757575758,-0.44242424242424244,-0.8909090909090909,-0.11515151515151516,-0.46060606060606063,-0.1696969696969697,-0.7090909090909091,-0.2,-0.8666666666666667,-0.21818181818181817,-1.0,0.012121212121212121,-0.44242424242424244,0.01818181818181818,-0.6787878787878788,0.024242424242424242,-0.8181818181818182,0.01818181818181818,-0.9454545454545454,0.14545454545454545,-0.38181818181818183,0.19393939393939394,-0.5575757575757576,0.22424242424242424,-0.6606060606060606,0.24848484848484848,-0.7575757575757576
0,0.0,0.0,-0.1875,-0.07954545454545454,-0.3352272727272727,-0.2159090909090909,-0.45454545454545453,-0.3181818181818182,-0.5681818181818182,-0.38636363636363635,-0.23295454545454544,-0.4715909090909091,-0.30113636363636365,-0.6761363636363636,-0.3352272727272727,-0.8011363636363636,-0.35795454545454547,-0.9090909090909091,-0.09659090909090909,-0.4943181818181818,-0.11931818181818182,-0.7272727272727273,-0.13636363636363635,-0.8693181818181818,-0.14772727272727273,-1.0,0.03409090909090909,-0.4715909090909091,0.045454545454545456,-0.6818181818181818,0.056818181818181816,-0.8125,0.06818181818181818,-0.9318181818181818,0.1534090909090909,-0.4090909090909091,0.20454545454545456,-0.5625,0.23863636363636365,-0.6590909090909091,0.2727272727272727,-0.75
0,0.0,0.0,-0.19101123595505617,-0.08426966292134831,-0.33707865168539325,-0.2247191011235955,-0.4606741573033708,-0.33146067415730335,-0.5730337078651685,-0.398876404494382,-0.21910112359550563,-0.47752808988764045,-0.2752808988764045,-0.6797752808988764,-0.3202247191011236,-0.8033707865168539,-0.3651685393258427,-0.9044943820224719,-0.09550561797752809,-0.5,-0.11797752808988764,-0.7303370786516854,-0.1404494382022472,-0.8764044943820225,-0.15730337078651685,-1.0,0.028089887640449437,-0.47752808988764045,0.05056179775280899,-0.6910112359550562,0.06741573033707865,-0.8202247191011236,0.07303370786516854,-0.9382022471910112,0.14606741573033707,-0.42134831460674155,0.20224719101123595,-0.5730337078651685,0.24157303370786518,-0.6685393258426966,0.2696629213483146,-0.7584269662921348
0,0.0,0.0,-0.18497109826589594,-0.08670520231213873,-0.3352601156069364,-0.23121387283236994,-0.43352601156069365,-0.34104046242774566,-0.5144508670520231,-0.42196531791907516,-0.20809248554913296,-0.4797687861271676,-0.2658959537572254,-0.6936416184971098,-0.30057803468208094,-0.8208092485549133,-0.3236994219653179,-0.930635838150289,-0.07514450867052024,-0.4913294797687861,-0.09248554913294797,-0.7283236994219653,-0.09248554913294797,-0.8786127167630058,-0.09248554913294797,-1.0,0.05202312138728324,-0.4508670520231214,0.08092485549132948,-0.6820809248554913,0.10404624277456648,-0.8208092485549133,0.12716763005780346,-0.9421965317919075,0.17341040462427745,-0.3699421965317919,0.24277456647398843,-0.5317919075144508,0.28901734104046245,-0.6358381502890174,0.3236994219653179,-0.7341040462427746
0,0.0,0.0,-0.16292134831460675,-0.10112359550561797,-0.2808988764044944,-0.25280898876404495,-0.3539325842696629,-0.38202247191011235,-0.42696629213483145,-0.46629213483146065,-0.1348314606741573,-0.47752808988764045,-0.17415730337078653,-0.702247191011236,-0.19101123595505617,-0.8314606741573034,-0.19662921348314608,-0.9438202247191011,-0.011235955056179775,-0.4887640449438202,-0.0056179775280898875,-0.7359550561797753,-0.0056179775280898875,-0.8820224719101124,-0.011235955056179775,-1.0,0.11235955056179775,-0.4606741573033708,0.16292134831460675,-0.6797752808988764,0.1853932584269663,-0.8146067415730337,0.19662921348314608,-0.9269662921348315,0.21910112359550563,-0.39325842696629215,0.28651685393258425,-0.5449438202247191,0.33146067415730335,-0.6460674157303371,0.3595505617977528,-0.7303370786516854
0,0.0,0.0,-0.16759776536312848,-0.10614525139664804,-0.27932960893854747,-0.2681564245810056,-0.3407821229050279,-0.4022346368715084,-0.39664804469273746,-0.5083798882681564,-0.1452513966480447,-0.48044692737430167,-0.17318435754189945,-0.7150837988826816,-0.1787709497206704,-0.8491620111731844,-0.17318435754189945,-0.9553072625698324,-0.0223463687150838,-0.49162011173184356,-0.0111731843575419,-0.7374301675977654,0.00558659217877095,-0.88268156424581,0.01675977653631285,-1.0,0.09497206703910614,-0.46368715083798884,0.13966480446927373,-0.6815642458100558,0.16201117318435754,-0.8100558659217877,0.1787709497206704,-0.9162011173184358,0.2011173184357542,-0.39106145251396646,0.2681564245810056,-0.547486033519553,0.30726256983240224,-0.6368715083798883,0.3407821229050279,-0.7206703910614525
0,0.0,0.0,-0.15469613259668508,-0.11602209944751381,-0.24861878453038674,-0.287292817679558,-0.30386740331491713,-0.4198895027624309,-0.36464088397790057,-0.5248618784530387,-0.10497237569060773,-0.5082872928176796,-0.13259668508287292,-0.7237569060773481,-0.143646408839779,-0.850828729281768,-0.143646408839779,-0.9613259668508287,0.011049723756906077,-0.5138121546961326,0.03314917127071823,-0.7458563535911602,0.03867403314917127,-0.8895027624309392,0.049723756906077346,-1.0,0.12154696132596685,-0.48066298342541436,0.1712707182320442,-0.6850828729281768,0.19889502762430938,-0.8121546961325967,0.2154696132596685,-0.9171270718232044,0.22099447513812154,-0.4088397790055249,0.287292817679558,-0.5524861878453039,0.3314917127071823,-0.6408839779005525,0.35911602209944754,-0.7237569060773481
0,0.0,0.0,-0.15469613259668508,-0.1270718232044199,-0.2541436464088398,-0.292817679558011,-0.3149171270718232,-0.43646408839779005,-0.3701657458563536,-0.5469613259668509,-0.1270718232044199,-0.5082872928176796,-0.16022099447513813,-0.7237569060773481,-0.1712707182320442,-0.856353591160221,-0.1712707182320442,-0.9668508287292817,-0.011049723756906077,-0.5138121546961326,0.0,-0.7458563535911602,0.011049723756906077,-0.8839779005524862,0.022099447513812154,-1.0,0.09944751381215469,-0.48066298342541436,0.143646408839779,-0.6850828729281768,0.16574585635359115,-0.8121546961325967,0.18232044198895028,-0.9171270718232044,0.20441988950276244,-0.40331491712707185,0.2596685082872928,-0.5469613259668509,0.2983425414364641,-0.6408839779005525,0.3259668508287293,-0.7292817679558011
0,0.0,0.0,-0.16022099447513813,-0.11602209944751381,-0.2596685082872928,-0.287292817679558,-0.3149171270718232,-0.425414364640884,-0.3701657458563536,-0.5414364640883977,-0.12154696132596685,-0.5027624309392266,-0.16574585635359115,-0.7182320441988951,-0.18232044198895028,-0.850828729281768,-0.1878453038674033,-0.9613259668508287,-0.0055248618784530384,-0.5138121546961326,-0.0055248618784530384,-0.7403314917127072,0.0,-0.8839779005524862,0.0055248618784530384,-1.0,0.10497237569060773,-0.48066298342541436,0.143646408839779,-0.6795580110497238,0.16574585635359115,-0.8011049723756906,0.1878453038674033,-0.9116022099447514,0.20994475138121546,-0.4088397790055249,0.26519337016574585,-0.5524861878453039,0.30386740331491713,-0.6464088397790055,0.3314917127071823,-0.7348066298342542
1,0.0,0.0,-0.16339869281045752,-0.1111111111111111,-0.27450980392156865,-0.30718954248366015,-0.21568627450980393,-0.48366013071895425,-0.0915032679738562,-0.5620915032679739,-0.21568627450980393,-0.5359477124183006,-0.2549019607843137,-0.7581699346405228,-0.26143790849673204,-0.8823529411764706,-0.26143790849673204,-1.0,-0.08496732026143791,-0.5228758169934641,-0.0784313725490196,-0.6797385620915033,-0.0915032679738562,-0.5294117647058824,-0.09803921568627451,-0.39869281045751637,0.0392156862745098,-0.48366013071895425,0.026143790849673203,-0.5947712418300654,-0.006535947712418301,-0.43137254901960786,-0.0196078431372549,-0.3202614379084967,0.16339869281045752,-0.41830065359477125,0.13725490196078433,-0.5228758169934641,0.08496732026143791,-0.4117647058823529,0.058823529411764705,-0.3202614379084967
1,0.0,0.0,-0.16883116883116883,-0.11688311688311688,-0.2727272727272727,-0.3116883116883117,-0.22077922077922077,-0.4805194805194805,-0.09090909090909091,-0.5584415584415584,-0.21428571428571427,-0.538961038961039,-0.24675324675324675,-0.7597402597402597,-0.2532467532467532,-0.8896103896103896,-0.2532467532467532,-1.0,-0.08441558441558442,-0.525974025974026,-0.08441558441558442,-0.6948051948051948,-0.09740259740259741,-0.551948051948052,-0.1038961038961039,-0.4155844155844156,0.045454545454545456,-0.487012987012987,0.025974025974025976,-0.6038961038961039,-0.012987012987012988,-0.44155844155844154,-0.032467532467532464,-0.3181818181818182,0.16233766233766234,-0.4155844155844156,0.12987012987012986,-0.525974025974026,0.07792207792207792,-0.4155844155844156,0.045454545454545456,-0.3116883116883117
1,0.0,0.0,-0.16129032258064516,-0.10967741935483871,-0.27741935483870966,-0.3096774193548387,-0.22580645161290322,-0.4838709677419355,-0.09032258064516129,-0.5612903225806452,-0.2129032258064516,-0.5290322580645161,-0.25161290322580643,-0.7548387096774194,-0.25806451612903225,-0.8838709677419355,-0.25806451612903225,-1.0,-0.08387096774193549,-0.5225806451612903,-0.09032258064516129,-0.6903225806451613,-0.10967741935483871,-0.5612903225806452,-0.12258064516129032,-0.432258064516129,0.03870967741935484,-0.4838709677419355,0.012903225806451613,-0.5935483870967742,-0.01935483870967742,-0.43870967741935485,-0.03870967741935484,-0.3161290322580645,0.16129032258064516,-0.41935483870967744,0.11612903225806452,-0.5161290322580645,0.06451612903225806,-0.4064516129032258,0.05161290322580645,-0.3096774193548387
1,0.0,0.0,-0.16560509554140126,-0.10828025477707007,-0.2802547770700637,-0.29936305732484075,-0.22929936305732485,-0.4713375796178344,-0.11464968152866242,-0.554140127388535,-0.21656050955414013,-0.5286624203821656,-0.25477707006369427,-0.7515923566878981,-0.2611464968152866,-0.8853503184713376,-0.267515923566879,-1.0,-0.08917197452229299,-0.5159235668789809,-0.08917197452229299,-0.6815286624203821,-0.10828025477707007,-0.5477707006369427,-0.12101910828025478,-0.4140127388535032,0.025477707006369428,-0.4840764331210191,0.012738853503184714,-0.5923566878980892,-0.025477707006369428,-0.4394904458598726,-0.044585987261146494,-0.3184713375796178,0.1464968152866242,-0.42038216560509556,0.11464968152866242,-0.5159235668789809,0.06369426751592357,-0.40764331210191085,0.03821656050955414,-0.31210191082802546
1,0.0,0.0,-0.16455696202531644,-0.12025316455696203,-0.2721518987341772,-0.310126582278481,-0.21518987341772153,-0.4810126582278481,-0.08860759493670886,-0.5569620253164557,-0.2088607594936709,-0.5379746835443038,-0.2468354430379747,-0.759493670886076,-0.25316455696202533,-0.8860759493670886,-0.25949367088607594,-1.0,-0.08227848101265822,-0.5189873417721519,-0.0759493670886076,-0.6772151898734177,-0.0949367088607595,-0.5253164556962026,-0.10759493670886076,-0.3924050632911392,0.0379746835443038,-0.47468354430379744,0.03164556962025317,-0.5886075949367089,-0.006329113924050633,-0.43670886075949367,-0.02531645569620253,-0.31645569620253167,0.1518987341772152,-0.41139240506329117,0.13291139240506328,-0.5253164556962026,0.08227848101265822,-0.4177215189873418,0.056962025316455694,-0.3227848101265823
1,0.0,0.0,-0.16560509554140126,-0.12101910828025478,-0.2802547770700637,-0.3184713375796178,-0.21656050955414013,-0.4840764331210191,-0.08280254777070063,-0.554140127388535,-0.21656050955414013,-0.5286624203821656,-0.2484076433121019,-0.7579617834394905,-0.25477707006369427,-0.8853503184713376,-0.25477707006369427,-1.0,-0.08917197452229299,-0.5222929936305732,-0.08280254777070063,-0.6751592356687898,-0.10191082802547771,-0.535031847133758,-0.11464968152866242,-0.40764331210191085,0.03184713375796178,-0.4840764331210191,0.01910828025477707,-0.5859872611464968,-0.01910828025477707,-0.43312101910828027,-0.03184713375796178,-0.3184713375796178,0.1464968152866242,-0.4267515923566879,0.11464968152866242,-0.5095541401273885,0.07006369426751592,-0.40764331210191085,0.050955414012738856,-0.3184713375796178
1,0.0,0.0,-0.1794871794871795,-0.10256410256410256,-0.3141025641025641,-0.2948717948717949,-0.27564102564102566,-0.46794871794871795,-0.1346153846153846,-0.532051282051282,-0.24358974358974358,-0.5192307692307693,-0.2564102564102564,-0.75,-0.24358974358974358,-0.8846153846153846,-0.23076923076923078,-1.0,-0.10256410256410256,-0.5128205128205128,-0.09615384615384616,-0.6474358974358975,-0.10897435897435898,-0.5,-0.12179487179487179,-0.3782051282051282,0.02564102564102564,-0.4807692307692308,0.019230769230769232,-0.5576923076923077,-0.00641025641025641,-0.4166666666666667,-0.02564102564102564,-0.3141025641025641,0.15384615384615385,-0.4166666666666667,0.1346153846153846,-0.4807692307692308,0.08974358974358974,-0.3782051282051282,0.07051282051282051,-0.30128205128205127
1,0.0,0.0,-0.16981132075471697,-0.09433962264150944,-0.29559748427672955,-0.2893081761006289,-0.2641509433962264,-0.4716981132075472,-0.13836477987421383,-0.5534591194968553,-0.22641509433962265,-0.5157232704402516,-0.2389937106918239,-0.7484276729559748,-0.22641509433962265,-0.8867924528301887,-0.20754716981132076,-1.0,-0.0880503144654088,-0.5094339622641509,-0.10062893081761007,-0.6352201257861635,-0.11949685534591195,-0.49056603773584906,-0.1320754716981132,-0.3584905660377358,0.03773584905660377,-0.46540880503144655,0.012578616352201259,-0.559748427672956,-0.031446540880503145,-0.4088050314465409,-0.0440251572327044,-0.2893081761006289,0.16352201257861634,-0.4025157232704403,0.11949685534591195,-0.4779874213836478,0.06918238993710692,-0.3710691823899371,0.050314465408805034,-0.2893081761006289
1,0.0,0.0,-0.14906832298136646,-0.07453416149068323,-0.2732919254658385,-0.2546583850931677,-0.2670807453416149,-0.40993788819875776,-0.19875776397515527,-0.4906832298136646,-0.18633540372670807,-0.5093167701863354,-0.20496894409937888,-0.7391304347826086,-0.20496894409937888,-0.8819875776397516,-0.19254658385093168,-1.0,-0.049689440993788817,-0.4906832298136646,-0.09937888198757763,-0.5714285714285714,-0.14906832298136646,-0.422360248447205,-0.16149068322981366,-0.3105590062111801,0.06832298136645963,-0.453416149068323,0.006211180124223602,-0.5031055900621118,-0.037267080745341616,-0.35403726708074534,-0.043478260869565216,-0.2608695652173913,0.18012422360248448,-0.391304347826087,0.10559006211180125,-0.42857142857142855,0.055900621118012424,-0.3105590062111801,0.049689440993788817,-0.2360248447204969
1,0.0,0.0,-0.15723270440251572,-0.08176100628930817,-0.3018867924528302,-0.25157232704402516,-0.3270440251572327,-0.42138364779874216,-0.22641509433962265,-0.4779874213836478,-0.20125786163522014,-0.4968553459119497,-0.22012578616352202,-0.7358490566037735,-0.22012578616352202,-0.8805031446540881,-0.2138364779874214,-1.0,-0.07547169811320754,-0.49056603773584906,-0.13836477987421383,-0.5911949685534591,-0.16352201257861634,-0.44654088050314467,-0.15723270440251572,-0.3270440251572327,0.03773584905660377,-0.4591194968553459,-0.03773584905660377,-0.5157232704402516,-0.06918238993710692,-0.37735849056603776,-0.06918238993710692,-0.27044025157232704,0.1509433962264151,-0.4088050314465409,0.05660377358490566,-0.4528301886792453,0.018867924528301886,-0.3522012578616352,0.018867924528301886,-0.27044025157232704
1,0.0,0.0,-0.16352201257861634,-0.08176100628930817,-0.3081761006289308,-0.24528301886792453,-0.33962264150943394,-0.41509433962264153,-0.25157232704402516,-0.5031446540880503,-0.20125786163522014,-0.49056603773584906,-0.22641509433962265,-0.7358490566037735,-0.22641509433962265,-0.8805031446540881,-0.22012578616352202,-1.0,-0.08176100628930817,-0.49056603773584906,-0.1509433962264151,-0.5974842767295597,-0.18238993710691823,-0.44654088050314467,-0.16352201257861634,-0.3270440251572327,0.031446540880503145,-0.46540880503144655,-0.06289308176100629,-0.5471698113207547,-0.10062893081761007,-0.4088050314465409,-0.0880503144654088,-0.29559748427672955,0.14465408805031446,-0.42138364779874216,0.031446540880503145,-0.48427672955974843,-0.012578616352201259,-0.3836477987421384,-0.012578616352201259,-0.29559748427672955
1,0.0,0.0,-0.15527950310559005,-0.08695652173913043,-0.2981366459627329,-0.2422360248447205,-0.3416149068322981,-0.391304347826087,-0.2670807453416149,-0.4658385093167702,-0.17391304347826086,-0.4968944099378882,-0.20496894409937888,-0.7391304347826086,-0.2236024844720497,-0.8819875776397516,-0.22981366459627328,-1.0,-0.055900621118012424,-0.4968944099378882,-0.13664596273291926,-0.6211180124223602,-0.18633540372670807,-0.5341614906832298,-0.20496894409937888,-0.453416149068323,0.055900621118012424,-0.4658385093167702,-0.062111801242236024,-0.515527950310559,-0.11180124223602485,-0.40993788819875776,-0.12422360248447205,-0.32298136645962733,0.15527950310559005,-0.4161490683229814,0.031055900621118012,-0.4720496894409938,-0.031055900621118012,-0.38509316770186336,-0.049689440993788817,-0.3167701863354037
1,0.0,0.0,-0.18867924528301888,-0.0880503144654088,-0.34591194968553457,-0.22641509433962265,-0.39622641509433965,-0.3584905660377358,-0.36477987421383645,-0.44654088050314467,-0.22641509433962265,-0.4779874213836478,-0.24528301886792453,-0.7295597484276729,-0.2641509433962264,-0.8867924528301887,-0.2830188679245283,-1.0,-0.1069182389937107,-0.48427672955974843,-0.2893081761006289,-0.5345911949685535,-0.41509433962264153,-0.44025157232704404,-0.4779874213836478,-0.3522012578616352,0.006289308176100629,-0.4591194968553459,-0.1509433962264151,-0.4968553459119497,-0.18867924528301888,-0.39622641509433965,-0.18867924528301888,-0.3081761006289308,0.12578616352201258,-0.41509433962264153,-0.031446540880503145,-0.4528301886792453,-0.09433962264150944,-0.389937106918239,-0.11320754716981132,-0.32075471698113206
1,0.0,0.0,-0.1696969696969697,-0.06060606060606061,-0.3151515151515151,-0.20606060606060606,-0.3515151515151515,-0.34545454545454546,-0.30303030303030304,-0.42424242424242425,-0.18787878787878787,-0.49696969696969695,-0.22424242424242424,-0.7272727272727273,-0.24242424242424243,-0.8787878787878788,-0.24242424242424243,-1.0,-0.06666666666666667,-0.503030303030303,-0.21212121212121213,-0.5515151515151515,-0.26666666666666666,-0.42424242424242425,-0.2606060606060606,-0.3151515151515151,0.03636363636363636,-0.4666666666666667,-0.12727272727272726,-0.4909090909090909,-0.1696969696969697,-0.3575757575757576,-0.1696969696969697,-0.24848484848484848,0.13333333333333333,-0.4121212121212121,-0.030303030303030304,-0.43636363636363634,-0.07878787878787878,-0.3393939393939394,-0.08484848484848485,-0.2606060606060606
1,0.0,0.0,-0.18292682926829268,-0.09146341463414634,-0.31097560975609756,-0.25609756097560976,-0.3353658536585366,-0.39634146341463417,-0.31097560975609756,-0.4573170731707317,-0.1951219512195122,-0.5304878048780488,-0.23170731707317074,-0.7439024390243902,-0.25,-0.8841463414634146,-0.2621951219512195,-1.0,-0.08536585365853659,-0.524390243902439,-0.23170731707317074,-0.5792682926829268,-0.2865853658536585,-0.4451219512195122,-0.2804878048780488,-0.3353658536585366,0.006097560975609756,-0.49390243902439024,-0.15853658536585366,-0.5304878048780488,-0.1951219512195122,-0.39634146341463417,-0.17682926829268292,-0.29878048780487804,0.0975609756097561,-0.4451219512195122,-0.06097560975609756,-0.47560975609756095,-0.10975609756097561,-0.38414634146341464,-0.0975609756097561,-0.3048780487804878
1,0.0,0.0,-0.01875,-0.09375,-0.06875,-0.2125,-0.1375,-0.2875,-0.1875,-0.3375,-0.21875,-0.51875,-0.275,-0.74375,-0.29375,-0.88125,-0.29375,-1.0,-0.29375,-0.4625,-0.375,-0.51875,-0.31875,-0.4125,-0.25,-0.35,-0.35,-0.38125,-0.425,-0.4125,-0.35625,-0.33125,-0.2875,-0.29375,-0.38125,-0.29375,-0.45,-0.325,-0.4,-0.275,-0.34375,-0.24375
1,0.0,0.0,-0.1761006289308176,-0.07547169811320754,-0.3333333333333333,-0.2138364779874214,-0.4276729559748428,-0.3333333333333333,-0.4339622641509434,-0.44025157232704404,-0.1509433962264151,-0.5283018867924528,-0.16981132075471697,-0.7484276729559748,-0.18867924528301888,-0.8867924528301887,-0.1949685534591195,-1.0,-0.050314465408805034,-0.5283018867924528,-0.2578616352201258,-0.5911949685534591,-0.3333333333333333,-0.42138364779874216,-0.3270440251572327,-0.29559748427672955,0.018867924528301886,-0.48427672955974843,-0.20125786163522014,-0.5157232704402516,-0.2641509433962264,-0.3584905660377358,-0.24528301886792453,-0.2389937106918239,0.07547169811320754,-0.41509433962264153,-0.12578616352201258,-0.44654088050314467,-0.18867924528301888,-0.3333333333333333,-0.18238993710691823,-0.23270440251572327
1,0.0,0.0,-0.1901840490797546,-0.09815950920245399,-0.3374233128834356,-0.2392638036809816,-0.4233128834355828,-0.3558282208588957,-0.4171779141104294,-0.4539877300613497,-0.1165644171779141,-0.5460122699386503,-0.147239263803681,-0.7484662576687117,-0.1656441717791411,-0.8834355828220859,-0.1656441717791411,-1.0,-0.012269938650306749,-0.5276073619631901,-0.2392638036809816,-0.6012269938650306,-0.3312883435582822,-0.44171779141104295,-0.3374233128834356,-0.3128834355828221,0.06134969325153374,-0.4723926380368098,-0.18404907975460122,-0.50920245398773,-0.25766871165644173,-0.3496932515337423,-0.25766871165644173,-0.22699386503067484,0.10429447852760736,-0.39263803680981596,-0.11042944785276074,-0.4171779141104294,-0.17791411042944785,-0.3067484662576687,-0.18404907975460122,-0.20245398773006135
1,0.0,0.0,-0.18902439024390244,-0.09146341463414634,-0.3353658536585366,-0.22560975609756098,-0.4268292682926829,-0.34146341463414637,-0.42073170731707316,-0.45121951219512196,-0.12804878048780488,-0.5365853658536586,-0.1524390243902439,-0.75,-0.17073170731707318,-0.8841463414634146,-0.17682926829268292,-1.0,-0.024390243902439025,-0.5304878048780488,-0.24390243902439024,-0.5914634146341463,-0.3353658536585366,-0.4329268292682927,-0.34146341463414637,-0.3048780487804878,0.04878048780487805,-0.4817073170731707,-0.1951219512195122,-0.5121951219512195,-0.2682926829268293,-0.35365853658536583,-0.2682926829268293,-0.23170731707317074,0.09146341463414634,-0.40853658536585363,-0.11585365853658537,-0.4268292682926829,-0.18902439024390244,-0.3170731707317073,-0.20121951219512196,-0.21341463414634146
1,0.0,0.0,-0.16766467065868262,-0.10179640718562874,-0.31137724550898205,-0.25149700598802394,-0.40718562874251496,-0.3712574850299401,-0.38323353293413176,-0.46107784431137727,-0.09580838323353294,-0.5508982035928144,-0.12574850299401197,-0.7544910179640718,-0.1497005988023952,-0.8862275449101796,-0.15568862275449102,-1.0,0.005988023952095809,-0.5329341317365269,-0.2155688622754491,-0.5988023952095808,-0.30538922155688625,-0.4311377245508982,-0.31137724550898205,-0.30538922155688625,0.07784431137724551,-0.48502994011976047,-0.16167664670658682,-0.5149700598802395,-0.23952095808383234,-0.3592814371257485,-0.24550898203592814,-0.23952095808383234,0.1317365269461078,-0.40718562874251496,-0.07784431137724551,-0.4431137724550898,-0.1497005988023952,-0.32934131736526945,-0.15568862275449102,-0.23353293413173654
1,0.0,0.0,-0.19047619047619047,-0.10119047619047619,-0.35119047619047616,-0.25,-0.44047619047619047,-0.36904761904761907,-0.4226190476190476,-0.47023809523809523,-0.1488095238095238,-0.5476190476190477,-0.17857142857142858,-0.7559523809523809,-0.19047619047619047,-0.8869047619047619,-0.19642857142857142,-1.0,-0.047619047619047616,-0.5357142857142857,-0.26785714285714285,-0.6011904761904762,-0.34523809523809523,-0.44047619047619047,-0.3392857142857143,-0.31547619047619047,0.023809523809523808,-0.49404761904761907,-0.20833333333333334,-0.5178571428571429,-0.26785714285714285,-0.3630952380952381,-0.25595238095238093,-0.24404761904761904,0.07142857142857142,-0.4166666666666667,-0.125,-0.44047619047619047,-0.19047619047619047,-0.3273809523809524,-0.19047619047619047,-0.23214285714285715
1,0.0,0.0,-0.17751479289940827,-0.08875739644970414,-0.31952662721893493,-0.24260355029585798,-0.40828402366863903,-0.3727810650887574,-0.40828402366863903,-0.47928994082840237,-0.14201183431952663,-0.5325443786982249,-0.15976331360946747,-0.7514792899408284,-0.17751479289940827,-0.8875739644970414,-0.17751479289940827,-1.0,-0.05325443786982249,-0.5266272189349113,-0.25443786982248523,-0.6094674556213018,-0.33727810650887574,-0.4437869822485207,-0.33136094674556216,-0.3076923076923077,0.01775147928994083,-0.4911242603550296,-0.20118343195266272,-0.5384615384615384,-0.2603550295857988,-0.38461538461538464,-0.2485207100591716,-0.25443786982248523,0.0650887573964497,-0.4319526627218935,-0.1242603550295858,-0.46153846153846156,-0.17751479289940827,-0.34911242603550297,-0.17159763313609466,-0.24260355029585798
1,0.0,0.0,-0.16374269005847952,-0.08771929824561403,-0.3157894736842105,-0.24561403508771928,-0.39766081871345027,-0.38011695906432746,-0.3742690058479532,-0.4853801169590643,-0.12280701754385964,-0.5321637426900585,-0.14035087719298245,-0.7485380116959064,-0.15789473684210525,-0.8830409356725146,-0.15789473684210525,-1.0,-0.029239766081871343,-0.52046783625731,-0.22807017543859648,-0.6081871345029239,-0.3157894736842105,-0.4502923976608187,-0.30994152046783624,-0.3216374269005848,0.04093567251461988,-0.4853801169590643,-0.17543859649122806,-0.5380116959064327,-0.23976608187134502,-0.38011695906432746,-0.22807017543859648,-0.2631578947368421,0.09941520467836257,-0.4269005847953216,-0.1111111111111111,-0.4619883040935672,-0.16374269005847952,-0.34502923976608185,-0.14619883040935672,-0.25146198830409355
1,0.0,0.0,-0.16766467065868262,-0.10778443113772455,-0.2994011976047904,-0.2694610778443114,-0.3592814371257485,-0.39520958083832336,-0.3592814371257485,-0.49101796407185627,-0.1377245508982036,-0.5329341317365269,-0.1497005988023952,-0.7485029940119761,-0.16167664670658682,-0.8862275449101796,-0.16167664670658682,-1.0,-0.041916167664670656,-0.5209580838323353,-0.19760479041916168,-0.6407185628742516,-0.2754491017964072,-0.49101796407185627,-0.2634730538922156,-0.3592814371257485,0.03592814371257485,-0.48502994011976047,-0.1437125748502994,-0.5748502994011976,-0.20958083832335328,-0.4251497005988024,-0.18562874251497005,-0.30538922155688625,0.10778443113772455,-0.4251497005988024,-0.0718562874251497,-0.47904191616766467,-0.1377245508982036,-0.38323353293413176,-0.11976047904191617,-0.2874251497005988
1,0.0,0.0,-0.1497005988023952,-0.0658682634730539,-0.2874251497005988,-0.25149700598802394,-0.2934131736526946,-0.4311377245508982,-0.17964071856287425,-0.5149700598802395,-0.20359281437125748,-0.49700598802395207,-0.20958083832335328,-0.7305389221556886,-0.20359281437125748,-0.8802395209580839,-0.19161676646706588,-1.0,-0.07784431137724551,-0.48502994011976047,-0.11976047904191617,-0.6107784431137725,-0.1377245508982036,-0.4550898203592814,-0.1317365269461078,-0.32934131736526945,0.04790419161676647,-0.4431137724550898,-0.011976047904191617,-0.5389221556886228,-0.041916167664670656,-0.3772455089820359,-0.041916167664670656,-0.2754491017964072,0.16766467065868262,-0.38323353293413176,0.09580838323353294,-0.4431137724550898,0.04790419161676647,-0.32934131736526945,0.04790419161676647,-0.25748502994011974
1,0.0,0.0,-0.14606741573033707,-0.08426966292134831,-0.2640449438202247,-0.2752808988764045,-0.2640449438202247,-0.449438202247191,-0.16853932584269662,-0.5337078651685393,-0.20224719101123595,-0.5056179775280899,-0.21348314606741572,-0.7359550561797753,-0.19101123595505617,-0.8820224719101124,-0.16853932584269662,-1.0,-0.07865168539325842,-0.4887640449438202,-0.09550561797752809,-0.6292134831460674,-0.10674157303370786,-0.46629213483146065,-0.11235955056179775,-0.33707865168539325,0.03932584269662921,-0.449438202247191,0.011235955056179775,-0.5561797752808989,-0.02247191011235955,-0.398876404494382,-0.03932584269662921,-0.28651685393258425,0.15730337078651685,-0.38764044943820225,0.11235955056179775,-0.47191011235955055,0.06741573033707865,-0.3595505617977528,0.056179775280898875,-0.2752808988764045
1,0.0,0.0,-0.14606741573033707,-0.10112359550561797,-0.25842696629213485,-0.28651685393258425,-0.24719101123595505,-0.4550561797752809,-0.1348314606741573,-0.5449438202247191,-0.1797752808988764,-0.5168539325842697,-0.19662921348314608,-0.7471910112359551,-0.1853932584269663,-0.8820224719101124,-0.16292134831460675,-1.0,-0.06179775280898876,-0.4943820224719101,-0.07303370786516854,-0.6348314606741573,-0.10674157303370786,-0.47752808988764045,-0.11235955056179775,-0.3595505617977528,0.056179775280898875,-0.449438202247191,0.028089887640449437,-0.5617977528089888,-0.016853932584269662,-0.4044943820224719,-0.028089887640449437,-0.29213483146067415,0.16853932584269662,-0.38202247191011235,0.12359550561797752,-0.47752808988764045,0.07303370786516854,-0.3595505617977528,0.056179775280898875,-0.2752808988764045
1,0.0,0.0,-0.14124293785310735,-0.0903954802259887,-0.24858757062146894,-0.2655367231638418,-0.24858757062146894,-0.4350282485875706,-0.1638418079096045,-0.5423728813559322,-0.1864406779661017,-0.5084745762711864,-0.20903954802259886,-0.7401129943502824,-0.2033898305084746,-0.8813559322033898,-0.192090395480226,-1.0,-0.06779661016949153,-0.4858757062146893,-0.0847457627118644,-0.632768361581921,-0.10734463276836158,-0.4915254237288136,-0.11864406779661017,-0.3672316384180791,0.04519774011299435,-0.4463276836158192,0.011299435028248588,-0.5649717514124294,-0.03389830508474576,-0.4067796610169492,-0.05084745762711865,-0.2937853107344633,0.15819209039548024,-0.3785310734463277,0.1016949152542373,-0.4689265536723164,0.05084745762711865,-0.3559322033898305,0.03389830508474576,-0.2655367231638418
1,0.0,0.0,-0.14124293785310735,-0.0847457627118644,-0.2542372881355932,-0.2768361581920904,-0.23728813559322035,-0.4519774011299435,-0.13559322033898305,-0.536723163841808,-0.1977401129943503,-0.5028248587570622,-0.20903954802259886,-0.7457627118644068,-0.192090395480226,-0.8813559322033898,-0.1751412429378531,-1.0,-0.07344632768361582,-0.4858757062146893,-0.062146892655367235,-0.6214689265536724,-0.07344632768361582,-0.4689265536723164,-0.0903954802259887,-0.3502824858757062,0.04519774011299435,-0.4406779661016949,0.03954802259887006,-0.5480225988700564,0.005649717514124294,-0.3898305084745763,-0.01694915254237288,-0.288135593220339,0.15819209039548024,-0.3672316384180791,0.13559322033898305,-0.4463276836158192,0.0903954802259887,-0.327683615819209,0.06779661016949153,-0.2542372881355932
1,0.0,0.0,-0.14285714285714285,-0.09714285714285714,-0.2342857142857143,-0.26857142857142857,-0.21142857142857144,-0.4228571428571429,-0.13142857142857142,-0.52,-0.2,-0.5142857142857142,-0.2057142857142857,-0.7485714285714286,-0.19428571428571428,-0.8857142857142857,-0.17714285714285713,-1.0,-0.06285714285714286,-0.49142857142857144,-0.04,-0.6228571428571429,-0.05714285714285714,-0.4685714285714286,-0.07428571428571429,-0.34285714285714286,0.05714285714285714,-0.44,0.06285714285714286,-0.5314285714285715,0.02857142857142857,-0.37714285714285717,-0.005714285714285714,-0.2742857142857143,0.17142857142857143,-0.37142857142857144,0.1657142857142857,-0.44,0.12,-0.3314285714285714,0.08571428571428572,-0.2571428571428571
1,0.0,0.0,-0.13812154696132597,-0.08839779005524862,-0.2265193370165746,-0.26519337016574585,-0.20441988950276244,-0.4198895027624309,-0.11602209944751381,-0.4972375690607735,-0.19889502762430938,-0.5138121546961326,-0.2154696132596685,-0.7513812154696132,-0.20441988950276244,-0.8839779005524862,-0.1878453038674033,-1.0,-0.0718232044198895,-0.49171270718232046,-0.049723756906077346,-0.6187845303867403,-0.06629834254143646,-0.48066298342541436,-0.08287292817679558,-0.3701657458563536,0.04419889502762431,-0.44751381215469616,0.055248618784530384,-0.5359116022099447,0.016574585635359115,-0.39779005524861877,-0.011049723756906077,-0.2983425414364641,0.14917127071823205,-0.3756906077348066,0.14917127071823205,-0.4530386740331492,0.10497237569060773,-0.35359116022099446,0.0718232044198895,-0.27624309392265195
1,0.0,0.0,-0.13736263736263737,-0.0989010989010989,-0.22527472527472528,-0.25824175824175827,-0.2032967032967033,-0.4065934065934066,-0.12087912087912088,-0.5,-0.1813186813186813,-0.510989010989011,-0.18681318681318682,-0.7472527472527473,-0.17582417582417584,-0.8846153846153846,-0.16483516483516483,-1.0,-0.054945054945054944,-0.4835164835164835,-0.038461538461538464,-0.5989010989010989,-0.06043956043956044,-0.45604395604395603,-0.08241758241758242,-0.34615384615384615,0.06043956043956044,-0.43956043956043955,0.06593406593406594,-0.5274725274725275,0.027472527472527472,-0.38461538461538464,-0.005494505494505495,-0.2967032967032967,0.16483516483516483,-0.36813186813186816,0.16483516483516483,-0.43956043956043955,0.12087912087912088,-0.34065934065934067,0.09340659340659341,-0.2692307692307692
1,0.0,0.0,-0.13114754098360656,-0.10382513661202186,-0.22404371584699453,-0.273224043715847,-0.18579234972677597,-0.43169398907103823,-0.08743169398907104,-0.5245901639344263,-0.17486338797814208,-0.5136612021857924,-0.18032786885245902,-0.7486338797814208,-0.16939890710382513,-0.8797814207650273,-0.15846994535519127,-1.0,-0.0546448087431694,-0.48633879781420764,-0.04918032786885246,-0.6120218579234973,-0.06557377049180328,-0.45901639344262296,-0.08196721311475409,-0.33879781420765026,0.060109289617486336,-0.4426229508196721,0.060109289617486336,-0.5300546448087432,0.02185792349726776,-0.3770491803278688,0.0,-0.2786885245901639,0.16393442622950818,-0.37158469945355194,0.15300546448087432,-0.4426229508196721,0.1092896174863388,-0.3333333333333333,0.08743169398907104,-0.26229508196721313
1,0.0,0.0,-0.12087912087912088,-0.09340659340659341,-0.1978021978021978,-0.25274725274725274,-0.16483516483516483,-0.4010989010989011,-0.0989010989010989,-0.5,-0.15384615384615385,-0.521978021978022,-0.16483516483516483,-0.7472527472527473,-0.15934065934065933,-0.8791208791208791,-0.14835164835164835,-1.0,-0.03296703296703297,-0.4945054945054945,-0.02197802197802198,-0.6208791208791209,-0.04945054945054945,-0.489010989010989,-0.06593406593406594,-0.3791208791208791,0.07692307692307693,-0.44505494505494503,0.07142857142857142,-0.532967032967033,0.03296703296703297,-0.3901098901098901,0.01098901098901099,-0.2967032967032967,0.17582417582417584,-0.37362637362637363,0.15934065934065933,-0.43956043956043955,0.10989010989010989,-0.33516483516483514,0.08791208791208792,-0.25274725274725274
1,0.0,0.0,-0.12849162011173185,-0.10614525139664804,-0.19553072625698323,-0.26256983240223464,-0.1564245810055866,-0.39664804469273746,-0.0782122905027933,-0.48044692737430167,-0.15083798882681565,-0.5251396648044693,-0.16201117318435754,-0.7486033519553073,-0.1564245810055866,-0.888268156424581,-0.1452513966480447,-1.0,-0.0335195530726257,-0.49162011173184356,-0.01675977653631285,-0.6089385474860335,-0.0335195530726257,-0.48044692737430167,-0.055865921787709494,-0.36312849162011174,0.0782122905027933,-0.441340782122905,0.08379888268156424,-0.5251396648044693,0.0446927374301676,-0.39106145251396646,0.0223463687150838,-0.2905027932960894,0.1787709497206704,-0.36312849162011174,0.17318435754189945,-0.43575418994413406,0.12849162011173185,-0.33519553072625696,0.1005586592178771,-0.25139664804469275
1,0.0,0.0,-0.11602209944751381,-0.09944751381215469,-0.18232044198895028,-0.26519337016574585,-0.13812154696132597,-0.40331491712707185,-0.055248618784530384,-0.4861878453038674,-0.143646408839779,-0.5193370165745856,-0.14917127071823205,-0.7513812154696132,-0.143646408839779,-0.8895027624309392,-0.13259668508287292,-1.0,-0.022099447513812154,-0.49171270718232046,-0.0055248618784530384,-0.6187845303867403,-0.027624309392265192,-0.47513812154696133,-0.04419889502762431,-0.36464088397790057,0.08287292817679558,-0.4419889502762431,0.08287292817679558,-0.5303867403314917,0.049723756906077346,-0.39226519337016574,0.027624309392265192,-0.30386740331491713,0.17679558011049723,-0.3756906077348066,0.1712707182320442,-0.44751381215469616,0.12154696132596685,-0.34806629834254144,0.09944751381215469,-0.27624309392265195
1,0.0,0.0,-0.12222222222222222,-0.1111111111111111,-0.18888888888888888,-0.2722222222222222,-0.14444444444444443,-0.40555555555555556,-0.05555555555555555,-0.4777777777777778,-0.14444444444444443,-0.5166666666666667,-0.15555555555555556,-0.75,-0.14444444444444443,-0.8888888888888888,-0.12777777777777777,-1.0,-0.03333333333333333,-0.4888888888888889,-0.022222222222222223,-0.6166666666666667,-0.03333333333333333,-0.4888888888888889,-0.05,-0.37222222222222223,0.07222222222222222,-0.4444444444444444,0.07222222222222222,-0.55,0.044444444444444446,-0.4222222222222222,0.016666666666666666,-0.31666666666666665,0.17222222222222222,-0.37777777777777777,0.15555555555555556,-0.46111111111111114,0.1111111111111111,-0.3611111111111111,0.07777777777777778,-0.2777777777777778
1,0.0,0.0,-0.12222222222222222,-0.1111111111111111,-0.18333333333333332,-0.26666666666666666,-0.12777777777777777,-0.39444444444444443,-0.044444444444444446,-0.4777777777777778,-0.12777777777777777,-0.5277777777777778,-0.13333333333333333,-0.75,-0.12777777777777777,-0.8833333333333333,-0.11666666666666667,-1.0,-0.016666666666666666,-0.5,0.011111111111111112,-0.6222222222222222,-0.011111111111111112,-0.4888888888888889,-0.03333333333333333,-0.37222222222222223,0.08888888888888889,-0.4444444444444444,0.09444444444444444,-0.5277777777777778,0.05555555555555555,-0.39444444444444443,0.03333333333333333,-0.29444444444444445,0.17777777777777778,-0.36666666666666664,0.18333333333333332,-0.45555555555555555,0.1388888888888889,-0.35555555555555557,0.1111111111111111,-0.2777777777777778
1,0.0,0.0,-0.10989010989010989,-0.10989010989010989,-0.17032967032967034,-0.2692307692307692,-0.10989010989010989,-0.4010989010989011,-0.01098901098901099,-0.47802197802197804,-0.12637362637362637,-0.5164835164835165,-0.13736263736263737,-0.7472527472527473,-0.12087912087912088,-0.8846153846153846,-0.1043956043956044,-1.0,-0.01098901098901099,-0.4945054945054945,0.01098901098901099,-0.6098901098901099,-0.016483516483516484,-0.4725274725274725,-0.03296703296703297,-0.35714285714285715,0.09340659340659341,-0.44505494505494503,0.1043956043956044,-0.5274725274725275,0.06043956043956044,-0.3901098901098901,0.03296703296703297,-0.2967032967032967,0.18681318681318682,-0.37362637362637363,0.1813186813186813,-0.42857142857142855,0.13186813186813187,-0.3241758241758242,0.1043956043956044,-0.25274725274725274
1,0.0,0.0,-0.11235955056179775,-0.11235955056179775,-0.17415730337078653,-0.2696629213483146,-0.12359550561797752,-0.39325842696629215,-0.028089887640449437,-0.46629213483146065,-0.12359550561797752,-0.5224719101123596,-0.12921348314606743,-0.7528089887640449,-0.11797752808988764,-0.8820224719101124,-0.10112359550561797,-1.0,-0.011235955056179775,-0.4887640449438202,0.016853932584269662,-0.5842696629213483,-0.011235955056179775,-0.4438202247191011,-0.033707865168539325,-0.33707865168539325,0.09550561797752809,-0.43258426966292135,0.11235955056179775,-0.5056179775280899,0.06741573033707865,-0.3651685393258427,0.03932584269662921,-0.2696629213483146,0.1853932584269663,-0.3595505617977528,0.19662921348314608,-0.42696629213483145,0.1404494382022472,-0.3202247191011236,0.10674157303370786,-0.24157303370786518
1,0.0,0.0,-0.11864406779661017,-0.1016949152542373,-0.1864406779661017,-0.2655367231638418,-0.11864406779661017,-0.3954802259887006,-0.005649717514124294,-0.4632768361581921,-0.12994350282485875,-0.5084745762711864,-0.12994350282485875,-0.7457627118644068,-0.11299435028248588,-0.8813559322033898,-0.096045197740113,-1.0,-0.011299435028248588,-0.480225988700565,0.01694915254237288,-0.5875706214689266,-0.005649717514124294,-0.4406779661016949,-0.02824858757062147,-0.327683615819209,0.0903954802259887,-0.4293785310734463,0.10734463276836158,-0.5084745762711864,0.06779661016949153,-0.3615819209039548,0.03954802259887006,-0.2655367231638418,0.1864406779661017,-0.3615819209039548,0.1864406779661017,-0.4293785310734463,0.14124293785310735,-0.3220338983050847,0.11299435028248588,-0.24858757062146894
1,0.0,0.0,-0.11235955056179775,-0.11235955056179775,-0.1797752808988764,-0.2696629213483146,-0.12359550561797752,-0.398876404494382,-0.016853932584269662,-0.4606741573033708,-0.12921348314606743,-0.5168539325842697,-0.12921348314606743,-0.7471910112359551,-0.11235955056179775,-0.8820224719101124,-0.09550561797752809,-1.0,-0.011235955056179775,-0.48314606741573035,0.011235955056179775,-0.5955056179775281,-0.016853932584269662,-0.4438202247191011,-0.033707865168539325,-0.33146067415730335,0.0898876404494382,-0.43820224719101125,0.10112359550561797,-0.5224719101123596,0.06179775280898876,-0.38764044943820225,0.03932584269662921,-0.29213483146067415,0.1853932584269663,-0.3707865168539326,0.1797752808988764,-0.4606741573033708,0.1348314606741573,-0.3595505617977528,0.11235955056179775,-0.28651685393258425
1,0.0,0.0,-0.12571428571428572,-0.11428571428571428,-0.21142857142857144,-0.2742857142857143,-0.1657142857142857,-0.4057142857142857,-0.06285714285714286,-0.46285714285714286,-0.13714285714285715,-0.52,-0.14285714285714285,-0.7485714285714286,-0.12571428571428572,-0.8857142857142857,-0.10857142857142857,-1.0,-0.022857142857142857,-0.4857142857142857,-0.017142857142857144,-0.5885714285714285,-0.05142857142857143,-0.46285714285714286,-0.06857142857142857,-0.3657142857142857,0.08,-0.4342857142857143,0.07428571428571429,-0.5085714285714286,0.02857142857142857,-0.38285714285714284,0.011428571428571429,-0.2914285714285714,0.17142857142857143,-0.36,0.16,-0.44,0.11428571428571428,-0.35428571428571426,0.09142857142857143,-0.28
1,0.0,0.0,-0.1329479768786127,-0.09248554913294797,-0.2254335260115607,-0.26011560693641617,-0.19653179190751446,-0.3988439306358382,-0.10982658959537572,-0.45664739884393063,-0.16184971098265896,-0.5086705202312138,-0.1676300578034682,-0.7456647398843931,-0.15028901734104047,-0.884393063583815,-0.1329479768786127,-1.0,-0.046242774566473986,-0.48554913294797686,-0.06358381502890173,-0.5838150289017341,-0.08670520231213873,-0.4624277456647399,-0.09248554913294797,-0.36416184971098264,0.057803468208092484,-0.43352601156069365,0.028901734104046242,-0.5086705202312138,0.0,-0.3930635838150289,-0.005780346820809248,-0.31213872832369943,0.15606936416184972,-0.36416184971098264,0.1329479768786127,-0.44508670520231214,0.09248554913294797,-0.3699421965317919,0.06936416184971098,-0.31213872832369943
1,0.0,0.0,-0.13872832369942195,-0.08670520231213873,-0.24855491329479767,-0.26011560693641617,-0.21965317919075145,-0.4046242774566474,-0.11560693641618497,-0.4508670520231214,-0.1676300578034682,-0.5086705202312138,-0.1676300578034682,-0.7398843930635838,-0.13872832369942195,-0.884393063583815,-0.10982658959537572,-1.0,-0.04046242774566474,-0.48554913294797686,-0.05202312138728324,-0.5780346820809249,-0.09248554913294797,-0.45664739884393063,-0.10982658959537572,-0.3583815028901734,0.06936416184971098,-0.43352601156069365,0.05202312138728324,-0.4913294797687861,0.005780346820809248,-0.37572254335260113,-0.017341040462427744,-0.28901734104046245,0.17341040462427745,-0.3583815028901734,0.15028901734104047,-0.41040462427745666,0.09248554913294797,-0.32947976878612717,0.06358381502890173,-0.2658959537572254
1,0.0,0.0,-0.12138728323699421,-0.06936416184971098,-0.23699421965317918,-0.23121387283236994,-0.23121387283236994,-0.3699421965317919,-0.1329479768786127,-0.43352601156069365,-0.13872832369942195,-0.5086705202312138,-0.1329479768786127,-0.7398843930635838,-0.11560693641618497,-0.884393063583815,-0.09826589595375723,-1.0,-0.011560693641618497,-0.48554913294797686,-0.046242774566473986,-0.5606936416184971,-0.08670520231213873,-0.3872832369942196,-0.09826589595375723,-0.2774566473988439,0.10404624277456648,-0.43352601156069365,0.06936416184971098,-0.48554913294797686,0.017341040462427744,-0.3236994219653179,0.0,-0.24277456647398843,0.2138728323699422,-0.36416184971098264,0.17341040462427745,-0.41040462427745666,0.12138728323699421,-0.2947976878612717,0.09826589595375723,-0.23121387283236994
1,0.0,0.0,-0.125,-0.07954545454545454,-0.23863636363636365,-0.23295454545454544,-0.2556818181818182,-0.36363636363636365,-0.16477272727272727,-0.42613636363636365,-0.13636363636363635,-0.5113636363636364,-0.13636363636363635,-0.7386363636363636,-0.13068181818181818,-0.8806818181818182,-0.11363636363636363,-1.0,-0.011363636363636364,-0.48863636363636365,-0.0625,-0.5625,-0.11363636363636363,-0.39204545454545453,-0.13068181818181818,-0.2784090909090909,0.09659090909090909,-0.4431818181818182,0.03409090909090909,-0.48295454545454547,-0.028409090909090908,-0.32954545454545453,-0.045454545454545456,-0.23295454545454544,0.19318181818181818,-0.36363636363636365,0.11931818181818182,-0.3977272727272727,0.05113636363636364,-0.2840909090909091,0.03409090909090909,-0.21022727272727273
1,0.0,0.0,-0.12643678160919541,-0.07471264367816093,-0.23563218390804597,-0.22988505747126436,-0.25862068965517243,-0.3563218390804598,-0.20689655172413793,-0.41954022988505746,-0.13793103448275862,-0.5114942528735632,-0.13793103448275862,-0.7413793103448276,-0.13218390804597702,-0.8793103448275862,-0.1206896551724138,-1.0,-0.017241379310344827,-0.4827586206896552,-0.06896551724137931,-0.5689655172413793,-0.1206896551724138,-0.39080459770114945,-0.13218390804597702,-0.25287356321839083,0.09195402298850575,-0.4367816091954023,0.022988505747126436,-0.4827586206896552,-0.028735632183908046,-0.3103448275862069,-0.040229885057471264,-0.19540229885057472,0.19540229885057472,-0.367816091954023,0.12643678160919541,-0.41379310344827586,0.06896551724137931,-0.28735632183908044,0.05172413793103448,-0.20114942528735633
1,0.0,0.0,-0.14545454545454545,-0.06666666666666667,-0.2787878787878788,-0.23030303030303031,-0.296969696969697,-0.38181818181818183,-0.20606060606060606,-0.46060606060606063,-0.17575757575757575,-0.49696969696969695,-0.18787878787878787,-0.7393939393939394,-0.18181818181818182,-0.8787878787878788,-0.1696969696969697,-1.0,-0.05454545454545454,-0.4727272727272727,-0.10909090909090909,-0.5757575757575758,-0.15151515151515152,-0.4303030303030303,-0.15151515151515152,-0.3393939393939394,0.05454545454545454,-0.4303030303030303,-0.006060606060606061,-0.509090909090909,-0.048484848484848485,-0.36363636363636365,-0.048484848484848485,-0.28484848484848485,0.1696969696969697,-0.3696969696969697,0.09696969696969697,-0.4484848484848485,0.048484848484848485,-0.3333333333333333,0.048484848484848485,-0.26666666666666666
1,0.0,0.0,-0.12643678160919541,-0.09770114942528736,-0.23563218390804597,-0.26436781609195403,-0.25287356321839083,-0.41954022988505746,-0.16091954022988506,-0.5,-0.15517241379310345,-0.5229885057471264,-0.16666666666666666,-0.7471264367816092,-0.15517241379310345,-0.8850574712643678,-0.14367816091954022,-1.0,-0.040229885057471264,-0.5,-0.06896551724137931,-0.603448275862069,-0.10919540229885058,-0.4482758620689655,-0.13218390804597702,-0.3390804597701149,0.07471264367816093,-0.4482758620689655,0.028735632183908046,-0.5229885057471264,-0.022988505747126436,-0.367816091954023,-0.05172413793103448,-0.27011494252873564,0.1781609195402299,-0.3735632183908046,0.12643678160919541,-0.4482758620689655,0.06896551724137931,-0.3333333333333333,0.04597701149425287,-0.25287356321839083
1,0.0,0.0,-0.14035087719298245,-0.08771929824561403,-0.2631578947368421,-0.26900584795321636,-0.26900584795321636,-0.43859649122807015,-0.16374269005847952,-0.5263157894736842,-0.1871345029239766,-0.5146198830409356,-0.19883040935672514,-0.7426900584795322,-0.1871345029239766,-0.8830409356725146,-0.18128654970760233,-1.0,-0.05847953216374269,-0.49122807017543857,-0.08187134502923976,-0.6198830409356725,-0.12280701754385964,-0.47368421052631576,-0.14619883040935672,-0.34502923976608185,0.05847953216374269,-0.4444444444444444,0.017543859649122806,-0.5497076023391813,-0.029239766081871343,-0.38596491228070173,-0.05263157894736842,-0.27485380116959063,0.17543859649122806,-0.3742690058479532,0.12280701754385964,-0.45614035087719296,0.07017543859649122,-0.34502923976608185,0.05263157894736842,-0.2573099415204678
1,0.0,0.0,-0.14705882352941177,-0.10588235294117647,-0.2647058823529412,-0.3,-0.2529411764705882,-0.4823529411764706,-0.12941176470588237,-0.5647058823529412,-0.2,-0.5117647058823529,-0.2235294117647059,-0.7470588235294118,-0.21764705882352942,-0.8823529411764706,-0.2,-1.0,-0.07647058823529412,-0.49411764705882355,-0.1,-0.6294117647058823,-0.13529411764705881,-0.48823529411764705,-0.1411764705882353,-0.36470588235294116,0.041176470588235294,-0.45294117647058824,0.0,-0.5647058823529412,-0.047058823529411764,-0.4117647058823529,-0.052941176470588235,-0.3,0.15294117647058825,-0.38823529411764707,0.08823529411764706,-0.4764705882352941,0.03529411764705882,-0.37058823529411766,0.029411764705882353,-0.2823529411764706
1,0.0,0.0,-0.15976331360946747,-0.10650887573964497,-0.2603550295857988,-0.30177514792899407,-0.23668639053254437,-0.47337278106508873,-0.11834319526627218,-0.5562130177514792,-0.21893491124260356,-0.514792899408284,-0.23076923076923078,-0.7514792899408284,-0.22485207100591717,-0.8816568047337278,-0.20710059171597633,-1.0,-0.08875739644970414,-0.4970414201183432,-0.05917159763313609,-0.6272189349112426,-0.08875739644970414,-0.4911242603550296,-0.11242603550295859,-0.38461538461538464,0.029585798816568046,-0.44970414201183434,0.047337278106508875,-0.5443786982248521,0.011834319526627219,-0.41420118343195267,-0.011834319526627219,-0.33136094674556216,0.13609467455621302,-0.378698224852071,0.15384615384615385,-0.4556213017751479,0.10650887573964497,-0.3609467455621302,0.07692307692307693,-0.2958579881656805
1,0.0,0.0,-0.1569767441860465,-0.12209302325581395,-0.2616279069767442,-0.31976744186046513,-0.22674418604651161,-0.4941860465116279,-0.11627906976744186,-0.563953488372093,-0.20930232558139536,-0.5,-0.23255813953488372,-0.7383720930232558,-0.23837209302325582,-0.877906976744186,-0.23255813953488372,-1.0,-0.09302325581395349,-0.48255813953488375,-0.08139534883720931,-0.6511627906976745,-0.11627906976744186,-0.5290697674418605,-0.13953488372093023,-0.4127906976744186,0.01744186046511628,-0.4418604651162791,0.01744186046511628,-0.5755813953488372,-0.023255813953488372,-0.45348837209302323,-0.040697674418604654,-0.3546511627906977,0.12209302325581395,-0.37790697674418605,0.11627906976744186,-0.4883720930232558,0.06976744186046512,-0.4127906976744186,0.05232558139534884,-0.3372093023255814
1,0.0,0.0,-0.14204545454545456,-0.11931818181818182,-0.2215909090909091,-0.29545454545454547,-0.18181818181818182,-0.4431818181818182,-0.08522727272727272,-0.5340909090909091,-0.1875,-0.5113636363636364,-0.2215909090909091,-0.7443181818181818,-0.2215909090909091,-0.8806818181818182,-0.2159090909090909,-1.0,-0.06818181818181818,-0.4943181818181818,-0.03977272727272727,-0.6477272727272727,-0.056818181818181816,-0.5227272727272727,-0.07386363636363637,-0.4090909090909091,0.03977272727272727,-0.45454545454545453,0.056818181818181816,-0.5625,0.028409090909090908,-0.4375,0.011363636363636364,-0.3465909090909091,0.14204545454545456,-0.38636363636363635,0.1534090909090909,-0.4772727272727273,0.11363636363636363,-0.38636363636363635,0.09090909090909091,-0.3125
1,0.0,0.0,-0.12429378531073447,-0.10734463276836158,-0.2033898305084746,-0.2711864406779661,-0.1638418079096045,-0.423728813559322,-0.07909604519774012,-0.519774011299435,-0.1751412429378531,-0.519774011299435,-0.1977401129943503,-0.751412429378531,-0.192090395480226,-0.8870056497175142,-0.1807909604519774,-1.0,-0.05084745762711865,-0.4915254237288136,-0.022598870056497175,-0.632768361581921,-0.03389830508474576,-0.4689265536723164,-0.05649717514124294,-0.3502824858757062,0.062146892655367235,-0.4463276836158192,0.07344632768361582,-0.5649717514124294,0.03954802259887006,-0.4124293785310734,0.011299435028248588,-0.3107344632768362,0.1638418079096045,-0.3728813559322034,0.1694915254237288,-0.4745762711864407,0.12429378531073447,-0.3672316384180791,0.096045197740113,-0.2937853107344633
1,0.0,0.0,-0.12290502793296089,-0.11173184357541899,-0.19553072625698323,-0.27932960893854747,-0.16201117318435754,-0.4245810055865922,-0.0782122905027933,-0.5195530726256983,-0.16759776536312848,-0.5195530726256983,-0.18994413407821228,-0.7486033519553073,-0.18994413407821228,-0.88268156424581,-0.1787709497206704,-1.0,-0.05027932960893855,-0.49162011173184356,-0.0223463687150838,-0.6368715083798883,-0.03910614525139665,-0.4860335195530726,-0.055865921787709494,-0.36312849162011174,0.061452513966480445,-0.44692737430167595,0.07262569832402235,-0.5698324022346368,0.03910614525139665,-0.41899441340782123,0.01675977653631285,-0.31843575418994413,0.16201117318435754,-0.3743016759776536,0.16759776536312848,-0.4860335195530726,0.12290502793296089,-0.37988826815642457,0.09497206703910614,-0.3016759776536313
1,0.0,0.0,-0.11931818181818182,-0.09659090909090909,-0.1875,-0.26704545454545453,-0.13636363636363635,-0.4147727272727273,-0.056818181818181816,-0.5,-0.1534090909090909,-0.5170454545454546,-0.16477272727272727,-0.75,-0.1590909090909091,-0.8863636363636364,-0.14772727272727273,-1.0,-0.03409090909090909,-0.4943181818181818,0.005681818181818182,-0.625,-0.005681818181818182,-0.48863636363636365,-0.022727272727272728,-0.375,0.07386363636363637,-0.44886363636363635,0.09659090909090909,-0.5340909090909091,0.06818181818181818,-0.3977272727272727,0.045454545454545456,-0.3125,0.17045454545454544,-0.375,0.1875,-0.45454545454545453,0.14772727272727273,-0.35795454545454547,0.11931818181818182,-0.2840909090909091
1,0.0,0.0,-0.12359550561797752,-0.11797752808988764,-0.1853932584269663,-0.29213483146067415,-0.11235955056179775,-0.43258426966292135,0.0,-0.5,-0.15730337078651685,-0.5168539325842697,-0.17415730337078653,-0.7528089887640449,-0.16853932584269662,-0.8876404494382022,-0.15730337078651685,-1.0,-0.03932584269662921,-0.4943820224719101,-0.0056179775280898875,-0.6404494382022472,-0.02247191011235955,-0.5168539325842697,-0.0449438202247191,-0.398876404494382,0.07303370786516854,-0.449438202247191,0.0898876404494382,-0.5393258426966292,0.056179775280898875,-0.4101123595505618,0.028089887640449437,-0.3089887640449438,0.16853932584269662,-0.37640449438202245,0.17415730337078653,-0.4606741573033708,0.12921348314606743,-0.3595505617977528,0.10112359550561797,-0.2808988764044944
1,0.0,0.0,-0.1270718232044199,-0.11602209944751381,-0.19889502762430938,-0.27071823204419887,-0.13812154696132597,-0.40331491712707185,-0.03314917127071823,-0.4585635359116022,-0.14917127071823205,-0.5082872928176796,-0.16022099447513813,-0.7458563535911602,-0.14917127071823205,-0.8839779005524862,-0.13812154696132597,-1.0,-0.03314917127071823,-0.47513812154696133,-0.011049723756906077,-0.6022099447513812,-0.027624309392265192,-0.4585635359116022,-0.04419889502762431,-0.34806629834254144,0.0718232044198895,-0.425414364640884,0.08287292817679558,-0.5303867403314917,0.049723756906077346,-0.39779005524861877,0.022099447513812154,-0.30386740331491713,0.1712707182320442,-0.34806629834254144,0.1712707182320442,-0.44751381215469616,0.12154696132596685,-0.34806629834254144,0.09392265193370165,-0.27624309392265195
1,0.0,0.0,-0.11602209944751381,-0.11049723756906077,-0.17679558011049723,-0.27624309392265195,-0.12154696132596685,-0.4198895027624309,-0.027624309392265192,-0.4861878453038674,-0.13812154696132597,-0.5193370165745856,-0.14917127071823205,-0.7513812154696132,-0.13812154696132597,-0.8839779005524862,-0.1270718232044199,-1.0,-0.022099447513812154,-0.4861878453038674,0.016574585635359115,-0.6132596685082873,-0.0055248618784530384,-0.47513812154696133,-0.03314917127071823,-0.35911602209944754,0.09392265193370165,-0.430939226519337,0.11049723756906077,-0.5248618784530387,0.06629834254143646,-0.3867403314917127,0.03867403314917127,-0.287292817679558,0.1878453038674033,-0.35359116022099446,0.19337016574585636,-0.4419889502762431,0.13812154696132597,-0.3425414364640884,0.10497237569060773,-0.2596685082872928
1,0.0,0.0,0.1858974358974359,-0.07051282051282051,0.358974358974359,-0.25,0.33974358974358976,-0.4423076923076923,0.1987179487179487,-0.5384615384615384,0.26282051282051283,-0.4807692307692308,0.3076923076923077,-0.7243589743589743,0.3269230769230769,-0.8717948717948718,0.33974358974358976,-1.0,0.1282051282051282,-0.47435897435897434,0.16666666666666666,-0.5769230769230769,0.1794871794871795,-0.4166666666666667,0.16666666666666666,-0.28846153846153844,0.0,-0.44871794871794873,0.02564102564102564,-0.5576923076923077,0.057692307692307696,-0.3974358974358974,0.057692307692307696,-0.27564102564102566,-0.1282051282051282,-0.40384615384615385,-0.08333333333333333,-0.5192307692307693,-0.04487179487179487,-0.40384615384615385,-0.038461538461538464,-0.2948717948717949
1,0.0,0.0,0.189873417721519,-0.0759493670886076,0.35443037974683544,-0.2721518987341772,0.3291139240506329,-0.45569620253164556,0.18354430379746836,-0.5443037974683544,0.26582278481012656,-0.5,0.3037974683544304,-0.740506329113924,0.31645569620253167,-0.879746835443038,0.310126582278481,-1.0,0.12658227848101267,-0.4873417721518987,0.15822784810126583,-0.5886075949367089,0.18354430379746836,-0.4177215189873418,0.18354430379746836,-0.310126582278481,0.0,-0.45569620253164556,0.012658227848101266,-0.5632911392405063,0.056962025316455694,-0.3987341772151899,0.06962025316455696,-0.2974683544303797,-0.13291139240506328,-0.4177215189873418,-0.0949367088607595,-0.5189873417721519,-0.04430379746835443,-0.4050632911392405,-0.03164556962025317,-0.310126582278481
1,0.0,0.0,0.18238993710691823,-0.07547169811320754,0.33962264150943394,-0.27044025157232704,0.29559748427672955,-0.46540880503144655,0.14465408805031446,-0.5408805031446541,0.2641509433962264,-0.4968553459119497,0.2830188679245283,-0.7358490566037735,0.27672955974842767,-0.8742138364779874,0.2641509433962264,-1.0,0.12578616352201258,-0.48427672955974843,0.13836477987421383,-0.5849056603773585,0.1761006289308176,-0.42138364779874216,0.1761006289308176,-0.31446540880503143,0.0,-0.4591194968553459,-0.006289308176100629,-0.5534591194968553,0.0440251572327044,-0.39622641509433965,0.050314465408805034,-0.29559748427672955,-0.1320754716981132,-0.41509433962264153,-0.1069182389937107,-0.5094339622641509,-0.05660377358490566,-0.39622641509433965,-0.050314465408805034,-0.3018867924528302
1,0.0,0.0,0.16774193548387098,-0.08387096774193549,0.33548387096774196,-0.2645161290322581,0.2967741935483871,-0.44516129032258067,0.15483870967741936,-0.5290322580645161,0.25161290322580643,-0.4774193548387097,0.2838709677419355,-0.7225806451612903,0.27741935483870966,-0.8709677419354839,0.2645161290322581,-1.0,0.11612903225806452,-0.47096774193548385,0.13548387096774195,-0.5741935483870968,0.14838709677419354,-0.4258064516129032,0.14838709677419354,-0.33548387096774196,-0.012903225806451613,-0.44516129032258067,-0.0064516129032258064,-0.5290322580645161,0.01935483870967742,-0.38064516129032255,0.025806451612903226,-0.2967741935483871,-0.14838709677419354,-0.4064516129032258,-0.10967741935483871,-0.49032258064516127,-0.07741935483870968,-0.3870967741935484,-0.07741935483870968,-0.3161290322580645
1,0.0,0.0,0.18125,-0.10625,0.325,-0.3,0.25,-0.475,0.1,-0.54375,0.23125,-0.4875,0.25,-0.73125,0.25,-0.88125,0.2375,-1.0,0.09375,-0.48125,0.1,-0.6,0.13125,-0.46875,0.1375,-0.35625,-0.03125,-0.45,-0.03125,-0.55,0.00625,-0.425,0.00625,-0.31875,-0.15625,-0.40625,-0.1375,-0.5125,-0.1,-0.41875,-0.1,-0.33125
1,0.0,0.0,0.18518518518518517,-0.09876543209876543,0.3271604938271605,-0.2962962962962963,0.2716049382716049,-0.47530864197530864,0.12962962962962962,-0.5617283950617284,0.25308641975308643,-0.5,0.2777777777777778,-0.7407407407407407,0.2777777777777778,-0.8827160493827161,0.2654320987654321,-1.0,0.11728395061728394,-0.49382716049382713,0.1419753086419753,-0.6296296296296297,0.16049382716049382,-0.47530864197530864,0.15432098765432098,-0.36419753086419754,-0.006172839506172839,-0.46296296296296297,0.006172839506172839,-0.5740740740740741,0.037037037037037035,-0.42592592592592593,0.037037037037037035,-0.3271604938271605,-0.1419753086419753,-0.41975308641975306,-0.11728395061728394,-0.5308641975308642,-0.08024691358024691,-0.41975308641975306,-0.08024691358024691,-0.3333333333333333
1,0.0,0.0,0.18518518518518517,-0.12345679012345678,0.3148148148148148,-0.3148148148148148,0.24074074074074073,-0.4876543209876543,0.09876543209876543,-0.5679012345679012,0.24074074074074073,-0.5123456790123457,0.2716049382716049,-0.7345679012345679,0.2716049382716049,-0.8827160493827161,0.2716049382716049,-1.0,0.1111111111111111,-0.5061728395061729,0.12345679012345678,-0.6419753086419753,0.1419753086419753,-0.49382716049382713,0.13580246913580246,-0.36419753086419754,-0.018518518518518517,-0.47530864197530864,-0.006172839506172839,-0.5802469135802469,0.024691358024691357,-0.4382716049382716,0.024691358024691357,-0.3271604938271605,-0.15432098765432098,-0.43209876543209874,-0.13580246913580246,-0.5370370370370371,-0.09876543209876543,-0.4382716049382716,-0.09876543209876543,-0.35185185185185186
1,0.0,0.0,0.1875,-0.10625,0.325,-0.3,0.2625,-0.48125,0.1,-0.5375,0.24375,-0.5125,0.26875,-0.7375,0.28125,-0.88125,0.28125,-1.0,0.10625,-0.5,0.125,-0.6125,0.1375,-0.475,0.1375,-0.3625,-0.01875,-0.46875,-0.0125,-0.5625,0.01875,-0.425,0.01875,-0.325,-0.15,-0.425,-0.125,-0.53125,-0.09375,-0.425,-0.09375,-0.3375
1,0.0,0.0,0.17073170731707318,-0.11585365853658537,0.31097560975609756,-0.3170731707317073,0.23170731707317074,-0.47560975609756095,0.09146341463414634,-0.5487804878048781,0.23780487804878048,-0.524390243902439,0.2621951219512195,-0.75,0.2621951219512195,-0.8841463414634146,0.25,-1.0,0.0975609756097561,-0.5121951219512195,0.11585365853658537,-0.6524390243902439,0.12804878048780488,-0.4878048780487805,0.12804878048780488,-0.3719512195121951,-0.03048780487804878,-0.4878048780487805,-0.024390243902439025,-0.5914634146341463,0.012195121951219513,-0.4329268292682927,0.012195121951219513,-0.3353658536585366,-0.15853658536585366,-0.43902439024390244,-0.14634146341463414,-0.5487804878048781,-0.10365853658536585,-0.43902439024390244,-0.0975609756097561,-0.35365853658536583
1,0.0,0.0,0.18125,-0.1,0.3125,-0.3,0.25625,-0.4875,0.13125,-0.6,0.2375,-0.51875,0.25625,-0.74375,0.25625,-0.8875,0.24375,-1.0,0.1,-0.50625,0.1,-0.65,0.125,-0.4875,0.13125,-0.35,-0.03125,-0.475,-0.0375,-0.59375,0.0,-0.425,0.00625,-0.30625,-0.16875,-0.43125,-0.15625,-0.55625,-0.11875,-0.43125,-0.10625,-0.325
1,0.0,0.0,0.17791411042944785,-0.11042944785276074,0.2883435582822086,-0.2822085889570552,0.3006134969325153,-0.4294478527607362,0.22699386503067484,-0.5153374233128835,0.22699386503067484,-0.48466257668711654,0.25766871165644173,-0.7177914110429447,0.25153374233128833,-0.8773006134969326,0.22699386503067484,-1.0,0.11042944785276074,-0.49079754601226994,0.15337423312883436,-0.6012269938650306,0.17177914110429449,-0.4785276073619632,0.15950920245398773,-0.36809815950920244,-0.012269938650306749,-0.4662576687116564,0.04294478527607362,-0.558282208588957,0.06134969325153374,-0.44785276073619634,0.049079754601226995,-0.3558282208588957,-0.12883435582822086,-0.4233128834355828,-0.0736196319018405,-0.50920245398773,-0.049079754601226995,-0.4294478527607362,-0.049079754601226995,-0.3496932515337423
1,0.0,0.0,0.19333333333333333,-0.1,0.34,-0.24666666666666667,0.43333333333333335,-0.36,0.3933333333333333,-0.43333333333333335,0.14,-0.54,0.16666666666666666,-0.74,0.19333333333333333,-0.88,0.2,-1.0,0.06,-0.54,0.29333333333333333,-0.56,0.32666666666666666,-0.4,0.2733333333333333,-0.30666666666666664,-0.006666666666666667,-0.5066666666666667,0.23333333333333334,-0.5,0.25333333333333335,-0.35333333333333333,0.20666666666666667,-0.2733333333333333,-0.05333333333333334,-0.44666666666666666,0.14666666666666667,-0.4533333333333333,0.17333333333333334,-0.34,0.14666666666666667,-0.2733333333333333
1,0.0,0.0,0.2052980132450331,-0.09271523178807947,0.3509933774834437,-0.23841059602649006,0.44370860927152317,-0.3509933774834437,0.4304635761589404,-0.44370860927152317,0.16556291390728478,-0.543046357615894,0.19205298013245034,-0.7350993377483444,0.2185430463576159,-0.8807947019867549,0.2251655629139073,-1.0,0.08609271523178808,-0.543046357615894,0.32450331125827814,-0.5496688741721855,0.3576158940397351,-0.3973509933774834,0.304635761589404,-0.2980132450331126,0.019867549668874173,-0.5099337748344371,0.26490066225165565,-0.5033112582781457,0.271523178807947,-0.3576158940397351,0.2185430463576159,-0.2781456953642384,-0.033112582781456956,-0.4503311258278146,0.16556291390728478,-0.45695364238410596,0.19205298013245034,-0.3509933774834437,0.15894039735099338,-0.271523178807947
1,0.0,0.0,0.19480519480519481,-0.09740259740259741,0.33116883116883117,-0.23376623376623376,0.42207792207792205,-0.33766233766233766,0.4155844155844156,-0.44805194805194803,0.15584415584415584,-0.538961038961039,0.18181818181818182,-0.7402597402597403,0.2012987012987013,-0.8831168831168831,0.2077922077922078,-1.0,0.07142857142857142,-0.5324675324675324,0.2987012987012987,-0.551948051948052,0.33116883116883117,-0.3961038961038961,0.2857142857142857,-0.3051948051948052,0.006493506493506494,-0.5,0.23376623376623376,-0.5,0.24675324675324675,-0.35714285714285715,0.2012987012987013,-0.2792207792207792,-0.05194805194805195,-0.44155844155844154,0.14285714285714285,-0.45454545454545453,0.16883116883116883,-0.35064935064935066,0.13636363636363635,-0.2857142857142857
1,0.0,0.0,0.1935483870967742,-0.1032258064516129,0.3225806451612903,-0.25806451612903225,0.4,-0.38064516129032255,0.38064516129032255,-0.4774193548387097,0.14838709677419354,-0.5483870967741935,0.16774193548387098,-0.7483870967741936,0.1870967741935484,-0.8838709677419355,0.2,-1.0,0.06451612903225806,-0.5419354838709678,0.2838709677419355,-0.5612903225806452,0.3096774193548387,-0.4,0.25806451612903225,-0.3096774193548387,-0.012903225806451613,-0.5096774193548387,0.21935483870967742,-0.5032258064516129,0.22580645161290322,-0.3548387096774194,0.17419354838709677,-0.2838709677419355,-0.07096774193548387,-0.45161290322580644,0.13548387096774195,-0.45806451612903226,0.15483870967741936,-0.34838709677419355,0.10967741935483871,-0.2838709677419355
1,0.0,0.0,0.2222222222222222,-0.1111111111111111,0.35947712418300654,-0.26143790849673204,0.4444444444444444,-0.37254901960784315,0.42483660130718953,-0.45751633986928103,0.1568627450980392,-0.5424836601307189,0.19607843137254902,-0.738562091503268,0.22875816993464052,-0.8823529411764706,0.23529411764705882,-1.0,0.08496732026143791,-0.5359477124183006,0.32679738562091504,-0.5751633986928104,0.35294117647058826,-0.41830065359477125,0.29411764705882354,-0.3202614379084967,0.0196078431372549,-0.5098039215686274,0.2679738562091503,-0.5294117647058824,0.28104575163398693,-0.3790849673202614,0.22875816993464052,-0.29411764705882354,-0.032679738562091505,-0.46405228758169936,0.17647058823529413,-0.49019607843137253,0.21568627450980393,-0.39215686274509803,0.1895424836601307,-0.3202614379084967
1,0.0,0.0,0.20394736842105263,-0.125,0.3355263157894737,-0.2631578947368421,0.42105263157894735,-0.3684210526315789,0.39473684210526316,-0.4342105263157895,0.13815789473684212,-0.5460526315789473,0.17763157894736842,-0.743421052631579,0.21052631578947367,-0.881578947368421,0.21710526315789475,-1.0,0.05921052631578947,-0.5328947368421053,0.2894736842105263,-0.5657894736842105,0.3157894736842105,-0.4276315789473684,0.2565789473684211,-0.34868421052631576,0.0,-0.4934210526315789,0.23026315789473684,-0.506578947368421,0.24342105263157895,-0.3815789473684211,0.19078947368421054,-0.3157894736842105,-0.05263157894736842,-0.4342105263157895,0.1513157894736842,-0.45394736842105265,0.17763157894736842,-0.375,0.1513157894736842,-0.3223684210526316
1,0.0,0.0,0.19078947368421054,-0.11842105263157894,0.3092105263157895,-0.25,0.3881578947368421,-0.35526315789473684,0.3881578947368421,-0.4276315789473684,0.13157894736842105,-0.5197368421052632,0.17763157894736842,-0.7302631578947368,0.20394736842105263,-0.875,0.21052631578947367,-1.0,0.05263157894736842,-0.5,0.2631578947368421,-0.5526315789473685,0.29605263157894735,-0.4276315789473684,0.24342105263157895,-0.34868421052631576,-0.013157894736842105,-0.4605263157894737,0.19736842105263158,-0.4934210526315789,0.21710526315789475,-0.3881578947368421,0.17105263157894737,-0.3157894736842105,-0.07236842105263158,-0.40131578947368424,0.10526315789473684,-0.4342105263157895,0.13815789473684212,-0.3618421052631579,0.10526315789473684,-0.3026315789473684
1,0.0,0.0,0.16216216216216217,-0.07432432432432433,0.27702702702702703,-0.25675675675675674,0.22972972972972974,-0.39864864864864863,0.08783783783783784,-0.4391891891891892,0.14189189189189189,-0.46621621621621623,0.1554054054054054,-0.722972972972973,0.16216216216216217,-0.8716216216216216,0.1554054054054054,-1.0,0.006756756756756757,-0.42567567567567566,0.033783783783783786,-0.49324324324324326,0.08108108108108109,-0.34459459459459457,0.0945945945945946,-0.22972972972972974,-0.11486486486486487,-0.36486486486486486,-0.08108108108108109,-0.39864864864864863,-0.02702702702702703,-0.27702702702702703,-0.013513513513513514,-0.1891891891891892,-0.22972972972972974,-0.28378378378378377,-0.17567567567567569,-0.32432432432432434,-0.12162162162162163,-0.23648648648648649,-0.11486486486486487,-0.16216216216216217
1,0.0,0.0,0.17721518987341772,-0.11392405063291139,0.3037974683544304,-0.2974683544303797,0.25316455696202533,-0.45569620253164556,0.12025316455696203,-0.5063291139240507,0.1962025316455696,-0.4873417721518987,0.21518987341772153,-0.7278481012658228,0.21518987341772153,-0.879746835443038,0.2088607594936709,-1.0,0.06962025316455696,-0.4620253164556962,0.08860759493670886,-0.5632911392405063,0.11392405063291139,-0.43670886075949367,0.12025316455696203,-0.3227848101265823,-0.05063291139240506,-0.41139240506329117,-0.03164556962025317,-0.4936708860759494,0.0,-0.379746835443038,0.006329113924050633,-0.2848101265822785,-0.16455696202531644,-0.34810126582278483,-0.13291139240506328,-0.43037974683544306,-0.10126582278481013,-0.34810126582278483,-0.0949367088607595,-0.2721518987341772
1,0.0,0.0,0.14814814814814814,-0.09876543209876543,0.25308641975308643,-0.29012345679012347,0.20987654320987653,-0.4567901234567901,0.08024691358024691,-0.5246913580246914,0.16049382716049382,-0.5123456790123457,0.1728395061728395,-0.7407407407407407,0.1728395061728395,-0.8765432098765432,0.16049382716049382,-1.0,0.030864197530864196,-0.48148148148148145,0.04938271604938271,-0.5925925925925926,0.08641975308641975,-0.42592592592592593,0.09259259259259259,-0.30246913580246915,-0.09259259259259259,-0.42592592592592593,-0.07407407407407407,-0.5,-0.018518518518518517,-0.3395061728395062,-0.006172839506172839,-0.24074074074074073,-0.21604938271604937,-0.35185185185185186,-0.18518518518518517,-0.43209876543209874,-0.12345679012345678,-0.32098765432098764,-0.1111111111111111,-0.24074074074074073
1,0.0,0.0,0.15853658536585366,-0.0975609756097561,0.2682926829268293,-0.29878048780487804,0.2073170731707317,-0.4695121951219512,0.07926829268292683,-0.5426829268292683,0.17682926829268292,-0.5060975609756098,0.18902439024390244,-0.7317073170731707,0.18902439024390244,-0.8780487804878049,0.17682926829268292,-1.0,0.04878048780487805,-0.47560975609756095,0.054878048780487805,-0.6097560975609756,0.09146341463414634,-0.4634146341463415,0.0975609756097561,-0.3353658536585366,-0.07317073170731707,-0.4268292682926829,-0.054878048780487805,-0.5182926829268293,-0.006097560975609756,-0.3719512195121951,-0.006097560975609756,-0.27439024390243905,-0.1951219512195122,-0.3597560975609756,-0.16463414634146342,-0.4573170731707317,-0.11585365853658537,-0.35365853658536583,-0.10975609756097561,-0.2682926829268293
1,0.0,0.0,0.15151515151515152,-0.10909090909090909,0.2545454545454545,-0.3151515151515151,0.20606060606060606,-0.48484848484848486,0.07878787878787878,-0.5636363636363636,0.18181818181818182,-0.5151515151515151,0.2,-0.7393939393939394,0.2,-0.8787878787878788,0.18787878787878787,-1.0,0.048484848484848485,-0.49696969696969695,0.048484848484848485,-0.6363636363636364,0.09090909090909091,-0.49696969696969695,0.10303030303030303,-0.38181818181818183,-0.07272727272727272,-0.4484848484848485,-0.05454545454545454,-0.5333333333333333,-0.012121212121212121,-0.4,-0.006060606060606061,-0.30303030303030304,-0.2,-0.38181818181818183,-0.15757575757575756,-0.47878787878787876,-0.11515151515151516,-0.37575757575757573,-0.10909090909090909,-0.296969696969697
1,0.0,0.0,0.1728395061728395,-0.11728395061728394,0.2839506172839506,-0.32098765432098764,0.2037037037037037,-0.4876543209876543,0.06790123456790123,-0.5555555555555556,0.2037037037037037,-0.5185185185185185,0.22839506172839505,-0.7407407407407407,0.22839506172839505,-0.8827160493827161,0.2222222222222222,-1.0,0.06790123456790123,-0.5,0.06172839506172839,-0.6358024691358025,0.09876543209876543,-0.5123456790123457,0.11728395061728394,-0.4012345679012346,-0.06172839506172839,-0.4567901234567901,-0.04938271604938271,-0.5555555555555556,-0.006172839506172839,-0.43209876543209874,0.006172839506172839,-0.3395061728395062,-0.19135802469135801,-0.4012345679012346,-0.16049382716049382,-0.5,-0.1111111111111111,-0.4074074074074074,-0.10493827160493827,-0.3271604938271605
1,0.0,0.0,0.17391304347826086,-0.12422360248447205,0.2795031055900621,-0.32919254658385094,0.18633540372670807,-0.5031055900621118,0.055900621118012424,-0.5838509316770186,0.2111801242236025,-0.515527950310559,0.2360248447204969,-0.7391304347826086,0.2484472049689441,-0.8819875776397516,0.2360248447204969,-1.0,0.06832298136645963,-0.5031055900621118,0.043478260869565216,-0.6459627329192547,0.08695652173913043,-0.4968944099378882,0.11180124223602485,-0.36645962732919257,-0.062111801242236024,-0.45962732919254656,-0.07453416149068323,-0.5527950310559007,-0.024844720496894408,-0.40993788819875776,-0.006211180124223602,-0.30434782608695654,-0.19254658385093168,-0.39751552795031053,-0.18633540372670807,-0.5031055900621118,-0.13664596273291926,-0.40372670807453415,-0.12422360248447205,-0.3167701863354037
1,0.0,0.0,0.16666666666666666,-0.11728395061728394,0.29012345679012347,-0.3271604938271605,0.2222222222222222,-0.5246913580246914,0.08024691358024691,-0.6049382716049383,0.20987654320987653,-0.5185185185185185,0.24074074074074073,-0.7345679012345679,0.24691358024691357,-0.8827160493827161,0.24691358024691357,-1.0,0.07407407407407407,-0.5061728395061729,0.06790123456790123,-0.6604938271604939,0.09259259259259259,-0.5,0.10493827160493827,-0.36419753086419754,-0.04938271604938271,-0.4691358024691358,-0.05555555555555555,-0.5740740740740741,-0.018518518518518517,-0.4074074074074074,-0.012345679012345678,-0.2962962962962963,-0.17901234567901234,-0.4074074074074074,-0.1728395061728395,-0.5185185185185185,-0.13580246913580246,-0.4012345679012346,-0.12345679012345678,-0.30864197530864196
1,0.0,0.0,0.16875,-0.1,0.2875,-0.30625,0.225,-0.4875,0.1,-0.575,0.21875,-0.525,0.25,-0.74375,0.2625,-0.88125,0.25,-1.0,0.075,-0.50625,0.075,-0.65,0.10625,-0.49375,0.1125,-0.3625,-0.05,-0.4625,-0.04375,-0.56875,-0.00625,-0.4,-0.00625,-0.3,-0.18125,-0.40625,-0.15625,-0.5125,-0.11875,-0.39375,-0.1125,-0.30625
1,0.0,0.0,0.17419354838709677,-0.11612903225806452,0.2903225806451613,-0.32903225806451614,0.2129032258064516,-0.5161290322580645,0.07741935483870968,-0.5935483870967742,0.21935483870967742,-0.5161290322580645,0.24516129032258063,-0.7419354838709677,0.25161290322580643,-0.8838709677419355,0.24516129032258063,-1.0,0.07741935483870968,-0.5032258064516129,0.07096774193548387,-0.6516129032258065,0.1032258064516129,-0.5096774193548387,0.11612903225806452,-0.36774193548387096,-0.05161290322580645,-0.4645161290322581,-0.04516129032258064,-0.567741935483871,-0.0064516129032258064,-0.4258064516129032,0.0,-0.3096774193548387,-0.18064516129032257,-0.4064516129032258,-0.16129032258064516,-0.5161290322580645,-0.11612903225806452,-0.4129032258064516,-0.10967741935483871,-0.32903225806451614
1,0.0,0.0,0.17763157894736842,-0.11842105263157894,0.3026315789473684,-0.32894736842105265,0.28289473684210525,-0.5131578947368421,0.15789473684210525,-0.5986842105263158,0.23684210526315788,-0.5131578947368421,0.2631578947368421,-0.743421052631579,0.2631578947368421,-0.8881578947368421,0.25,-1.0,0.1118421052631579,-0.506578947368421,0.10526315789473684,-0.6381578947368421,0.13157894736842105,-0.5131578947368421,0.14473684210526316,-0.40131578947368424,-0.013157894736842105,-0.47368421052631576,-0.013157894736842105,-0.5723684210526315,0.013157894736842105,-0.4473684210526316,0.019736842105263157,-0.35526315789473684,-0.13815789473684212,-0.4276315789473684,-0.13157894736842105,-0.5131578947368421,-0.09868421052631579,-0.42105263157894735,-0.08552631578947369,-0.34210526315789475
1,0.0,0.0,0.1830065359477124,-0.11764705882352941,0.3137254901960784,-0.30718954248366015,0.26143790849673204,-0.49019607843137253,0.11764705882352941,-0.5620915032679739,0.21568627450980393,-0.5098039215686274,0.23529411764705882,-0.7320261437908496,0.24183006535947713,-0.8823529411764706,0.23529411764705882,-1.0,0.08496732026143791,-0.5032679738562091,0.09803921568627451,-0.6405228758169934,0.13725490196078433,-0.5098039215686274,0.1437908496732026,-0.38562091503267976,-0.032679738562091505,-0.46405228758169936,-0.0196078431372549,-0.5686274509803921,0.0196078431372549,-0.4444444444444444,0.026143790849673203,-0.3333333333333333,-0.16339869281045752,-0.40522875816993464,-0.13725490196078433,-0.5163398692810458,-0.09803921568627451,-0.42483660130718953,-0.0915032679738562,-0.3333333333333333
1,0.0,0.0,0.1794871794871795,-0.10897435897435898,0.30128205128205127,-0.3076923076923077,0.2692307692307692,-0.4807692307692308,0.14743589743589744,-0.5576923076923077,0.20512820512820512,-0.48717948717948717,0.22435897435897437,-0.7243589743589743,0.22435897435897437,-0.8717948717948718,0.21794871794871795,-1.0,0.07692307692307693,-0.4807692307692308,0.10897435897435898,-0.5961538461538461,0.14743589743589744,-0.47435897435897434,0.14102564102564102,-0.36538461538461536,-0.038461538461538464,-0.44871794871794873,-0.00641025641025641,-0.5448717948717948,0.03205128205128205,-0.42948717948717946,0.03205128205128205,-0.33974358974358976,-0.15384615384615385,-0.40384615384615385,-0.12179487179487179,-0.5,-0.07692307692307693,-0.4166666666666667,-0.07692307692307693,-0.33974358974358976
1,0.0,0.0,0.16774193548387098,-0.12903225806451613,0.2903225806451613,-0.3161290322580645,0.27741935483870966,-0.4838709677419355,0.14838709677419354,-0.5419354838709678,0.1935483870967742,-0.5032258064516129,0.22580645161290322,-0.7354838709677419,0.23225806451612904,-0.8774193548387097,0.22580645161290322,-1.0,0.07741935483870968,-0.4967741935483871,0.12903225806451613,-0.5870967741935483,0.15483870967741936,-0.4645161290322581,0.14838709677419354,-0.36774193548387096,-0.03225806451612903,-0.4645161290322581,0.01935483870967742,-0.5419354838709678,0.04516129032258064,-0.4258064516129032,0.04516129032258064,-0.34838709677419355,-0.14193548387096774,-0.41935483870967744,-0.07741935483870968,-0.49032258064516127,-0.04516129032258064,-0.4129032258064516,-0.04516129032258064,-0.34838709677419355
1,0.0,0.0,0.16352201257861634,-0.1320754716981132,0.2830188679245283,-0.32075471698113206,0.2641509433962264,-0.4716981132075472,0.1509433962264151,-0.5471698113207547,0.16981132075471697,-0.5031446540880503,0.18867924528301888,-0.7295597484276729,0.1949685534591195,-0.8805031446540881,0.18867924528301888,-1.0,0.06918238993710692,-0.49056603773584906,0.12578616352201258,-0.6037735849056604,0.1761006289308176,-0.48427672955974843,0.1761006289308176,-0.389937106918239,-0.031446540880503145,-0.46540880503144655,0.025157232704402517,-0.5534591194968553,0.06289308176100629,-0.4276729559748428,0.05660377358490566,-0.3522012578616352,-0.14465408805031446,-0.42138364779874216,-0.08176100628930817,-0.5031446540880503,-0.03773584905660377,-0.42138364779874216,-0.0440251572327044,-0.3522012578616352
1,0.0,0.0,0.15492957746478872,-0.035211267605633804,0.2887323943661972,-0.1619718309859155,0.3732394366197183,-0.2746478873239437,0.33098591549295775,-0.352112676056338,0.07746478873239436,-0.49295774647887325,0.1056338028169014,-0.704225352112676,0.11971830985915492,-0.8661971830985915,0.11971830985915492,-1.0,-0.035211267605633804,-0.4859154929577465,0.19014084507042253,-0.5,0.22535211267605634,-0.33098591549295775,0.16901408450704225,-0.24647887323943662,-0.11971830985915492,-0.4295774647887324,0.11267605633802817,-0.43661971830985913,0.14084507042253522,-0.2887323943661972,0.09154929577464789,-0.21830985915492956,-0.18309859154929578,-0.34507042253521125,0.014084507042253521,-0.36619718309859156,0.056338028169014086,-0.24647887323943662,0.02112676056338028,-0.16901408450704225
1,0.0,0.0,0.19078947368421054,-0.07894736842105263,0.3355263157894737,-0.20394736842105263,0.4144736842105263,-0.3092105263157895,0.375,-0.3881578947368421,0.17763157894736842,-0.5328947368421053,0.21710526315789475,-0.743421052631579,0.24342105263157895,-0.881578947368421,0.2565789473684211,-1.0,0.05921052631578947,-0.5328947368421053,0.25,-0.5,0.28289473684210525,-0.34868421052631576,0.24342105263157895,-0.2565789473684211,-0.046052631578947366,-0.48026315789473684,0.15789473684210525,-0.4342105263157895,0.17105263157894737,-0.3026315789473684,0.13157894736842105,-0.23026315789473684,-0.13157894736842105,-0.40131578947368424,0.046052631578947366,-0.3815789473684211,0.07236842105263158,-0.28289473684210525,0.046052631578947366,-0.2236842105263158
1,0.0,0.0,0.2064516129032258,-0.07741935483870968,0.36129032258064514,-0.2,0.44516129032258067,-0.3032258064516129,0.4,-0.36129032258064514,0.23225806451612904,-0.5290322580645161,0.2838709677419355,-0.7419354838709677,0.3161290322580645,-0.8774193548387097,0.33548387096774196,-1.0,0.11612903225806452,-0.5419354838709678,0.3032258064516129,-0.5032258064516129,0.3225806451612903,-0.34838709677419355,0.27741935483870966,-0.25161290322580643,0.0064516129032258064,-0.5032258064516129,0.2064516129032258,-0.43870967741935485,0.2064516129032258,-0.2967741935483871,0.16774193548387098,-0.22580645161290322,-0.08387096774193549,-0.43870967741935485,0.09032258064516129,-0.4,0.1032258064516129,-0.2903225806451613,0.07096774193548387,-0.23225806451612904
1,0.0,0.0,0.19205298013245034,-0.06622516556291391,0.3576158940397351,-0.19205298013245034,0.44370860927152317,-0.31125827814569534,0.3841059602649007,-0.39072847682119205,0.2582781456953642,-0.5165562913907285,0.32450331125827814,-0.7350993377483444,0.3509933774834437,-0.8741721854304636,0.3708609271523179,-1.0,0.13245033112582782,-0.543046357615894,0.2980132450331126,-0.5099337748344371,0.2980132450331126,-0.3443708609271523,0.24503311258278146,-0.271523178807947,0.013245033112582781,-0.5165562913907285,0.19205298013245034,-0.4503311258278146,0.18543046357615894,-0.2980132450331126,0.1390728476821192,-0.24503311258278146,-0.09271523178807947,-0.45695364238410596,0.06622516556291391,-0.40397350993377484,0.07947019867549669,-0.2980132450331126,0.039735099337748346,-0.2582781456953642
1,0.0,0.0,0.19078947368421054,-0.05921052631578947,0.35526315789473684,-0.18421052631578946,0.4276315789473684,-0.29605263157894735,0.35526315789473684,-0.3684210526315789,0.24342105263157895,-0.5131578947368421,0.3092105263157895,-0.7368421052631579,0.34210526315789475,-0.875,0.3684210526315789,-1.0,0.1118421052631579,-0.5328947368421053,0.27631578947368424,-0.506578947368421,0.26973684210526316,-0.3355263157894737,0.21710526315789475,-0.25,-0.006578947368421052,-0.5,0.16447368421052633,-0.4473684210526316,0.1513157894736842,-0.29605263157894735,0.10526315789473684,-0.23026315789473684,-0.11842105263157894,-0.4473684210526316,0.039473684210526314,-0.4144736842105263,0.046052631578947366,-0.29605263157894735,0.019736842105263157,-0.23684210526315788
1,0.0,0.0,0.19480519480519481,-0.06493506493506493,0.35064935064935066,-0.2012987012987013,0.42857142857142855,-0.3246753246753247,0.34415584415584416,-0.37662337662337664,0.24025974025974026,-0.512987012987013,0.2857142857142857,-0.7402597402597403,0.3181818181818182,-0.8766233766233766,0.34415584415584416,-1.0,0.1038961038961039,-0.5324675324675324,0.2532467532467532,-0.5,0.2597402597402597,-0.34415584415584416,0.21428571428571427,-0.2662337662337662,-0.012987012987012988,-0.5,0.13636363636363635,-0.43506493506493504,0.13636363636363635,-0.3051948051948052,0.1038961038961039,-0.24675324675324675,-0.11688311688311688,-0.44155844155844154,0.01948051948051948,-0.3961038961038961,0.032467532467532464,-0.2922077922077922,0.006493506493506494,-0.24025974025974026
1,0.0,0.0,0.1935483870967742,-0.07096774193548387,0.34838709677419355,-0.2129032258064516,0.4129032258064516,-0.33548387096774196,0.32903225806451614,-0.3741935483870968,0.23225806451612904,-0.5161290322580645,0.2838709677419355,-0.7419354838709677,0.3161290322580645,-0.8774193548387097,0.33548387096774196,-1.0,0.1032258064516129,-0.5290322580645161,0.24516129032258063,-0.5032258064516129,0.25161290322580643,-0.3548387096774194,0.21935483870967742,-0.27741935483870966,-0.012903225806451613,-0.4838709677419355,0.13548387096774195,-0.44516129032258067,0.14193548387096774,-0.3161290322580645,0.11612903225806452,-0.25806451612903225,-0.11612903225806452,-0.4258064516129032,0.012903225806451613,-0.3935483870967742,0.03225806451612903,-0.2967741935483871,0.012903225806451613,-0.24516129032258063
1,0.0,0.0,0.18354430379746836,-0.0759493670886076,0.33544303797468356,-0.22151898734177214,0.3860759493670886,-0.35443037974683544,0.3037974683544304,-0.379746835443038,0.21518987341772153,-0.5189873417721519,0.26582278481012656,-0.740506329113924,0.2911392405063291,-0.879746835443038,0.310126582278481,-1.0,0.08860759493670886,-0.5253164556962026,0.21518987341772153,-0.5189873417721519,0.23417721518987342,-0.379746835443038,0.20253164556962025,-0.2974683544303797,-0.0189873417721519,-0.4873417721518987,0.10759493670886076,-0.4620253164556962,0.11392405063291139,-0.34177215189873417,0.08860759493670886,-0.27848101265822783,-0.12658227848101267,-0.4240506329113924,-0.006329113924050633,-0.41139240506329117,0.012658227848101266,-0.3227848101265823,0.0,-0.26582278481012656
1,0.0,0.0,0.16,-0.07333333333333333,0.3,-0.2,0.32666666666666666,-0.31333333333333335,0.25333333333333335,-0.36666666666666664,0.20666666666666667,-0.48,0.25333333333333335,-0.7266666666666667,0.2733333333333333,-0.88,0.29333333333333333,-1.0,0.08,-0.47333333333333333,0.10666666666666667,-0.5066666666666667,0.12,-0.41333333333333333,0.13333333333333333,-0.3333333333333333,-0.04,-0.4266666666666667,-0.02,-0.4533333333333333,0.0,-0.38,0.013333333333333334,-0.32,-0.16,-0.36,-0.15333333333333332,-0.4,-0.12666666666666668,-0.35333333333333333,-0.10666666666666667,-0.29333333333333333
1,0.0,0.0,0.16774193548387098,-0.07741935483870968,0.3225806451612903,-0.23225806451612904,0.33548387096774196,-0.36129032258064514,0.2064516129032258,-0.3741935483870968,0.2,-0.49032258064516127,0.24516129032258063,-0.7290322580645161,0.2709677419354839,-0.8709677419354839,0.2903225806451613,-1.0,0.07096774193548387,-0.4838709677419355,0.15483870967741936,-0.5161290322580645,0.16774193548387098,-0.38064516129032255,0.14193548387096774,-0.2903225806451613,-0.05161290322580645,-0.43870967741935485,0.03225806451612903,-0.4645161290322581,0.06451612903225806,-0.3548387096774194,0.05806451612903226,-0.2838709677419355,-0.16129032258064516,-0.3741935483870968,-0.07741935483870968,-0.41935483870967744,-0.03870967741935484,-0.33548387096774196,-0.03870967741935484,-0.2709677419354839
1,0.0,0.0,0.19254658385093168,-0.09316770186335403,0.34782608695652173,-0.2422360248447205,0.3416149068322981,-0.38509316770186336,0.2111801242236025,-0.43478260869565216,0.2608695652173913,-0.484472049689441,0.2857142857142857,-0.7204968944099379,0.30434782608695654,-0.8819875776397516,0.3105590062111801,-1.0,0.12422360248447205,-0.484472049689441,0.14285714285714285,-0.6149068322981367,0.19875776397515527,-0.5217391304347826,0.21739130434782608,-0.40993788819875776,-0.006211180124223602,-0.4472049689440994,0.012422360248447204,-0.5403726708074534,0.07453416149068323,-0.4658385093167702,0.09937888198757763,-0.37888198757763975,-0.12422360248447205,-0.37267080745341613,-0.10559006211180125,-0.45962732919254656,-0.043478260869565216,-0.422360248447205,-0.012422360248447204,-0.36645962732919257
1,0.0,0.0,0.16363636363636364,-0.10909090909090909,0.2727272727272727,-0.2545454545454545,0.28484848484848485,-0.37575757575757573,0.24242424242424243,-0.4727272727272727,0.18181818181818182,-0.4727272727272727,0.21212121212121213,-0.7272727272727273,0.23636363636363636,-0.8727272727272727,0.26666666666666666,-1.0,0.07272727272727272,-0.45454545454545453,0.18787878787878787,-0.5696969696969697,0.26666666666666666,-0.4666666666666667,0.296969696969697,-0.3515151515151515,-0.030303030303030304,-0.42424242424242425,0.09090909090909091,-0.503030303030303,0.15151515151515152,-0.4121212121212121,0.17575757575757575,-0.32727272727272727,-0.13333333333333333,-0.37575757575757573,-0.048484848484848485,-0.4666666666666667,0.03636363636363636,-0.4666666666666667,0.09696969696969697,-0.45454545454545453
1,0.0,0.0,0.17073170731707318,-0.07317073170731707,0.3048780487804878,-0.23170731707317074,0.2804878048780488,-0.4024390243902439,0.14634146341463414,-0.4329268292682927,0.24390243902439024,-0.4573170731707317,0.2621951219512195,-0.725609756097561,0.2682926829268293,-0.8719512195121951,0.27439024390243905,-1.0,0.12195121951219512,-0.4451219512195122,0.18292682926829268,-0.524390243902439,0.1951219512195122,-0.4024390243902439,0.17073170731707318,-0.3170731707317073,0.006097560975609756,-0.40853658536585363,0.04878048780487805,-0.4695121951219512,0.07317073170731707,-0.36585365853658536,0.06097560975609756,-0.2865853658536585,-0.10975609756097561,-0.36585365853658536,-0.054878048780487805,-0.4329268292682927,-0.03048780487804878,-0.36585365853658536,-0.042682926829268296,-0.3048780487804878
1,0.0,0.0,0.15060240963855423,-0.0783132530120482,0.26506024096385544,-0.23493975903614459,0.24096385542168675,-0.3855421686746988,0.1144578313253012,-0.4578313253012048,0.21686746987951808,-0.4819277108433735,0.24096385542168675,-0.7349397590361446,0.24096385542168675,-0.8795180722891566,0.2289156626506024,-1.0,0.09036144578313253,-0.463855421686747,0.12650602409638553,-0.5481927710843374,0.14457831325301204,-0.41566265060240964,0.13855421686746988,-0.3313253012048193,-0.030120481927710843,-0.42168674698795183,-0.006024096385542169,-0.4939759036144578,0.024096385542168676,-0.37349397590361444,0.024096385542168676,-0.29518072289156627,-0.15060240963855423,-0.3614457831325301,-0.10843373493975904,-0.4397590361445783,-0.07228915662650602,-0.3493975903614458,-0.0783132530120482,-0.28313253012048195
1,0.0,0.0,0.14545454545454545,-0.08484848484848485,0.24848484848484848,-0.2545454545454545,0.18787878787878787,-0.3939393939393939,0.05454545454545454,-0.4484848484848485,0.19393939393939394,-0.4909090909090909,0.21818181818181817,-0.7333333333333333,0.22424242424242424,-0.8787878787878788,0.21818181818181817,-1.0,0.06060606060606061,-0.4666666666666667,0.09696969696969697,-0.5515151515151515,0.12121212121212122,-0.40606060606060607,0.11515151515151516,-0.30303030303030304,-0.05454545454545454,-0.41818181818181815,-0.030303030303030304,-0.48484848484848486,0.006060606060606061,-0.3575757575757576,0.012121212121212121,-0.26666666666666666,-0.1696969696969697,-0.3515151515151515,-0.13333333333333333,-0.43636363636363634,-0.09696969696969697,-0.3393939393939394,-0.09090909090909091,-0.26666666666666666
1,0.0,0.0,0.1497005988023952,-0.08982035928143713,0.24550898203592814,-0.2694610778443114,0.17365269461077845,-0.41916167664670656,0.03592814371257485,-0.47305389221556887,0.19760479041916168,-0.49101796407185627,0.2155688622754491,-0.7365269461077845,0.2155688622754491,-0.874251497005988,0.20359281437125748,-1.0,0.0658682634730539,-0.47305389221556887,0.08383233532934131,-0.5508982035928144,0.10778443113772455,-0.41916167664670656,0.10778443113772455,-0.3413173652694611,-0.05389221556886228,-0.4251497005988024,-0.041916167664670656,-0.49101796407185627,0.0,-0.3592814371257485,0.0,-0.2934131736526946,-0.17365269461077845,-0.3592814371257485,-0.1377245508982036,-0.4311377245508982,-0.10179640718562874,-0.3413173652694611,-0.10778443113772455,-0.281437125748503
1,0.0,0.0,0.13690476190476192,-0.10714285714285714,0.22023809523809523,-0.27976190476190477,0.13690476190476192,-0.4166666666666667,0.0,-0.4583333333333333,0.17261904761904762,-0.5059523809523809,0.18452380952380953,-0.7380952380952381,0.19047619047619047,-0.8809523809523809,0.17857142857142858,-1.0,0.041666666666666664,-0.48214285714285715,0.047619047619047616,-0.5833333333333334,0.08333333333333333,-0.43452380952380953,0.08928571428571429,-0.3273809523809524,-0.08333333333333333,-0.43452380952380953,-0.06547619047619048,-0.49404761904761907,-0.017857142857142856,-0.35714285714285715,-0.011904761904761904,-0.27380952380952384,-0.19642857142857142,-0.3630952380952381,-0.17261904761904762,-0.43452380952380953,-0.125,-0.34523809523809523,-0.125,-0.27976190476190477
1,0.0,0.0,0.12716763005780346,-0.09826589595375723,0.19653179190751446,-0.2658959537572254,0.1329479768786127,-0.3930635838150289,0.028901734104046242,-0.45664739884393063,0.16184971098265896,-0.5086705202312138,0.1791907514450867,-0.7398843930635838,0.18497109826589594,-0.884393063583815,0.17341040462427745,-1.0,0.03468208092485549,-0.4797687861271676,0.023121387283236993,-0.5895953757225434,0.046242774566473986,-0.4508670520231214,0.06358381502890173,-0.3468208092485549,-0.08670520231213873,-0.4277456647398844,-0.08670520231213873,-0.4913294797687861,-0.04046242774566474,-0.3468208092485549,-0.028901734104046242,-0.2658959537572254,-0.19653179190751446,-0.3583815028901734,-0.18497109826589594,-0.43352601156069365,-0.13872832369942195,-0.3352601156069364,-0.12716763005780346,-0.2658959537572254
1,0.0,0.0,0.13218390804597702,-0.09770114942528736,0.19540229885057472,-0.27586206896551724,0.14367816091954022,-0.40804597701149425,0.040229885057471264,-0.47701149425287354,0.16091954022988506,-0.5229885057471264,0.1724137931034483,-0.7471264367816092,0.1724137931034483,-0.8908045977011494,0.15517241379310345,-1.0,0.022988505747126436,-0.4942528735632184,0.011494252873563218,-0.5804597701149425,0.040229885057471264,-0.42528735632183906,0.05747126436781609,-0.3218390804597701,-0.09195402298850575,-0.4367816091954023,-0.10344827586206896,-0.4885057471264368,-0.05747126436781609,-0.3390804597701149,-0.034482758620689655,-0.25862068965517243,-0.20689655172413793,-0.367816091954023,-0.20114942528735633,-0.43103448275862066,-0.16091954022988506,-0.3333333333333333,-0.13793103448275862,-0.27586206896551724
1,0.0,0.0,0.13142857142857142,-0.09714285714285714,0.2057142857142857,-0.26285714285714284,0.14857142857142858,-0.3942857142857143,0.02857142857142857,-0.46285714285714286,0.1657142857142857,-0.5085714285714286,0.17714285714285713,-0.7428571428571429,0.17714285714285713,-0.8857142857142857,0.16,-1.0,0.03428571428571429,-0.4857142857142857,0.022857142857142857,-0.5771428571428572,0.05142857142857143,-0.42857142857142855,0.06285714285714286,-0.32571428571428573,-0.08571428571428572,-0.4342857142857143,-0.08571428571428572,-0.49714285714285716,-0.04,-0.35428571428571426,-0.02857142857142857,-0.26857142857142857,-0.2,-0.3657142857142857,-0.18285714285714286,-0.4342857142857143,-0.13714285714285715,-0.3314285714285714,-0.12571428571428572,-0.26857142857142857
1,0.0,0.0,0.13142857142857142,-0.09714285714285714,0.2,-0.26285714285714284,0.14285714285714285,-0.38857142857142857,0.03428571428571429,-0.46285714285714286,0.15428571428571428,-0.5142857142857142,0.17714285714285713,-0.7428571428571429,0.17714285714285713,-0.8857142857142857,0.16,-1.0,0.02857142857142857,-0.4857142857142857,0.011428571428571429,-0.5771428571428572,0.045714285714285714,-0.44,0.06285714285714286,-0.34285714285714286,-0.09142857142857143,-0.42857142857142855,-0.09714285714285714,-0.4857142857142857,-0.045714285714285714,-0.3485714285714286,-0.02857142857142857,-0.2742857142857143,-0.2057142857142857,-0.36,-0.19428571428571428,-0.4342857142857143,-0.14857142857142858,-0.3314285714285714,-0.12571428571428572,-0.26857142857142857
1,0.0,0.0,0.14285714285714285,-0.09142857142857143,0.22857142857142856,-0.26857142857142857,0.16,-0.4057142857142857,0.03428571428571429,-0.4742857142857143,0.17142857142857143,-0.5142857142857142,0.18857142857142858,-0.7428571428571429,0.19428571428571428,-0.8857142857142857,0.18285714285714286,-1.0,0.04,-0.4857142857142857,0.03428571428571429,-0.5828571428571429,0.06857142857142857,-0.4342857142857143,0.07428571428571429,-0.33714285714285713,-0.07428571428571429,-0.42857142857142855,-0.08,-0.49714285714285716,-0.02857142857142857,-0.3485714285714286,-0.017142857142857144,-0.2742857142857143,-0.18857142857142858,-0.36,-0.17714285714285713,-0.42857142857142855,-0.13142857142857142,-0.3314285714285714,-0.11428571428571428,-0.26857142857142857
1,0.0,0.0,0.14285714285714285,-0.10285714285714286,0.2342857142857143,-0.26285714285714284,0.18857142857142858,-0.38857142857142857,0.08,-0.45714285714285713,0.17142857142857143,-0.5142857142857142,0.19428571428571428,-0.7428571428571429,0.19428571428571428,-0.8857142857142857,0.18285714285714286,-1.0,0.045714285714285714,-0.4857142857142857,0.04,-0.5885714285714285,0.06857142857142857,-0.45714285714285713,0.08,-0.36,-0.07428571428571429,-0.42857142857142855,-0.06857142857142857,-0.49142857142857144,-0.02857142857142857,-0.3657142857142857,-0.017142857142857144,-0.2857142857142857,-0.19428571428571428,-0.36,-0.17714285714285713,-0.42857142857142855,-0.13714285714285715,-0.33714285714285713,-0.12,-0.2742857142857143
1,0.0,0.0,0.15028901734104047,-0.09248554913294797,0.2543352601156069,-0.2658959537572254,0.1791907514450867,-0.3988439306358382,0.046242774566473986,-0.44508670520231214,0.18497109826589594,-0.5144508670520231,0.2023121387283237,-0.7456647398843931,0.20809248554913296,-0.884393063583815,0.19653179190751446,-1.0,0.05202312138728324,-0.48554913294797686,0.06358381502890173,-0.5838150289017341,0.08670520231213873,-0.44508670520231214,0.09248554913294797,-0.34104046242774566,-0.06936416184971098,-0.43352601156069365,-0.05202312138728324,-0.48554913294797686,-0.005780346820809248,-0.3468208092485549,0.0,-0.2658959537572254,-0.18497109826589594,-0.36416184971098264,-0.15606936416184972,-0.42196531791907516,-0.11560693641618497,-0.32947976878612717,-0.10404624277456648,-0.2658959537572254
1,0.0,0.0,0.14204545454545456,-0.09659090909090909,0.23295454545454544,-0.2727272727272727,0.18181818181818182,-0.4034090909090909,0.0625,-0.4772727272727273,0.17613636363636365,-0.5056818181818182,0.19886363636363635,-0.7386363636363636,0.20454545454545456,-0.8806818181818182,0.19886363636363635,-1.0,0.045454545454545456,-0.48295454545454547,0.056818181818181816,-0.5852272727272727,0.07954545454545454,-0.4431818181818182,0.07954545454545454,-0.3409090909090909,-0.07386363636363637,-0.4318181818181818,-0.056818181818181816,-0.5,-0.017045454545454544,-0.35795454545454547,-0.017045454545454544,-0.2784090909090909,-0.1875,-0.3693181818181818,-0.1590909090909091,-0.4375,-0.11931818181818182,-0.3409090909090909,-0.11363636363636363,-0.2840909090909091
1,0.0,0.0,0.14857142857142858,-0.09142857142857143,0.25142857142857145,-0.26857142857142857,0.19428571428571428,-0.41714285714285715,0.07428571428571429,-0.49142857142857144,0.19428571428571428,-0.5028571428571429,0.21142857142857144,-0.7314285714285714,0.21714285714285714,-0.8742857142857143,0.21142857142857144,-1.0,0.05714285714285714,-0.4742857142857143,0.06857142857142857,-0.5828571428571429,0.09714285714285714,-0.42857142857142855,0.10285714285714286,-0.30857142857142855,-0.06285714285714286,-0.42857142857142855,-0.045714285714285714,-0.49714285714285716,-0.005714285714285714,-0.35428571428571426,0.0,-0.26285714285714284,-0.17714285714285713,-0.36,-0.14857142857142858,-0.44,-0.10857142857142857,-0.33714285714285713,-0.10285714285714286,-0.26857142857142857
1,0.0,0.0,0.14857142857142858,-0.09142857142857143,0.2342857142857143,-0.26857142857142857,0.2,-0.41714285714285715,0.09142857142857143,-0.49714285714285716,0.18285714285714286,-0.5085714285714286,0.21142857142857144,-0.7371428571428571,0.21714285714285714,-0.88,0.21142857142857144,-1.0,0.05714285714285714,-0.4857142857142857,0.06285714285714286,-0.5942857142857143,0.09142857142857143,-0.4514285714285714,0.10285714285714286,-0.33714285714285713,-0.06857142857142857,-0.4342857142857143,-0.045714285714285714,-0.5085714285714286,-0.005714285714285714,-0.36,0.005714285714285714,-0.26857142857142857,-0.18285714285714286,-0.3657142857142857,-0.15428571428571428,-0.4514285714285714,-0.10857142857142857,-0.3485714285714286,-0.09714285714285714,-0.2742857142857143
1,0.0,0.0,0.14444444444444443,-0.10555555555555556,0.25,-0.2833333333333333,0.19444444444444445,-0.4444444444444444,0.07222222222222222,-0.5333333333333333,0.18888888888888888,-0.5055555555555555,0.2111111111111111,-0.7333333333333333,0.21666666666666667,-0.8777777777777778,0.20555555555555555,-1.0,0.05555555555555555,-0.4888888888888889,0.06111111111111111,-0.6111111111111112,0.09444444444444444,-0.4444444444444444,0.1111111111111111,-0.32222222222222224,-0.06111111111111111,-0.4388888888888889,-0.05555555555555555,-0.5222222222222223,-0.005555555555555556,-0.36666666666666664,0.011111111111111112,-0.2722222222222222,-0.18333333333333332,-0.37777777777777777,-0.16111111111111112,-0.4666666666666667,-0.11666666666666667,-0.35555555555555557,-0.1,-0.2777777777777778
2,0.0,0.0,0.1388888888888889,0.1875,0.125,0.4236111111111111,0.041666666666666664,0.5833333333333334,-0.05555555555555555,0.6736111111111112,0.14583333333333334,0.4583333333333333,0.09027777777777778,0.7152777777777778,0.034722222222222224,0.875,0.0,1.0,0.0,0.4097222222222222,-0.125,0.6805555555555556,-0.1111111111111111,0.6041666666666666,-0.0763888888888889,0.5069444444444444,-0.14583333333333334,0.3472222222222222,-0.2361111111111111,0.5763888888888888,-0.2152777777777778,0.5069444444444444,-0.18055555555555555,0.4236111111111111,-0.2708333333333333,0.2777777777777778,-0.3333333333333333,0.4791666666666667,-0.3125,0.4305555555555556,-0.2847222222222222,0.3541666666666667
2,0.0,0.0,0.1258741258741259,0.1888111888111888,0.11188811188811189,0.4195804195804196,0.02097902097902098,0.5664335664335665,-0.07692307692307693,0.6433566433566433,0.13986013986013987,0.46853146853146854,0.06993006993006994,0.7202797202797203,0.02097902097902098,0.8811188811188811,-0.02097902097902098,1.0,0.0,0.4195804195804196,-0.13286713286713286,0.6783216783216783,-0.13286713286713286,0.6083916083916084,-0.0979020979020979,0.5034965034965035,-0.15384615384615385,0.34965034965034963,-0.24475524475524477,0.5804195804195804,-0.23076923076923078,0.5174825174825175,-0.20279720279720279,0.43356643356643354,-0.2867132867132867,0.27972027972027974,-0.34965034965034963,0.4825174825174825,-0.32867132867132864,0.43356643356643354,-0.3076923076923077,0.35664335664335667
2,0.0,0.0,0.13380281690140844,0.176056338028169,0.14084507042253522,0.39436619718309857,0.06338028169014084,0.5563380281690141,-0.028169014084507043,0.6408450704225352,0.13380281690140844,0.45774647887323944,0.07746478873239436,0.7253521126760564,0.028169014084507043,0.8802816901408451,-0.007042253521126761,1.0,-0.014084507042253521,0.4225352112676056,-0.1267605633802817,0.6690140845070423,-0.11267605633802817,0.5985915492957746,-0.07746478873239436,0.5,-0.15492957746478872,0.36619718309859156,-0.2323943661971831,0.5704225352112676,-0.2112676056338028,0.5140845070422535,-0.19014084507042253,0.43661971830985913,-0.28169014084507044,0.29577464788732394,-0.3380281690140845,0.49295774647887325,-0.30985915492957744,0.43661971830985913,-0.29577464788732394,0.36619718309859156
2,0.0,0.0,0.12142857142857143,0.18571428571428572,0.1,0.40714285714285714,0.014285714285714285,0.55,-0.07857142857142857,0.6285714285714286,0.10714285714285714,0.45714285714285713,0.05,0.7214285714285714,0.007142857142857143,0.8785714285714286,-0.02142857142857143,1.0,-0.03571428571428571,0.4142857142857143,-0.14285714285714285,0.6642857142857143,-0.12857142857142856,0.6071428571428571,-0.1,0.5142857142857142,-0.17142857142857143,0.35,-0.2571428571428571,0.5642857142857143,-0.22857142857142856,0.5142857142857142,-0.2,0.4357142857142857,-0.3,0.2714285714285714,-0.35714285714285715,0.4785714285714286,-0.32857142857142857,0.42857142857142855,-0.30714285714285716,0.35714285714285715
2,0.0,0.0,0.12949640287769784,0.18705035971223022,0.1223021582733813,0.4028776978417266,0.02877697841726619,0.539568345323741,-0.07913669064748201,0.60431654676259,0.11510791366906475,0.4460431654676259,0.05755395683453238,0.7122302158273381,0.02158273381294964,0.8705035971223022,-0.014388489208633094,1.0,-0.03597122302158273,0.41007194244604317,-0.1223021582733813,0.6762589928057554,-0.1079136690647482,0.6115107913669064,-0.08633093525179857,0.5107913669064749,-0.17985611510791366,0.3381294964028777,-0.2446043165467626,0.5755395683453237,-0.2158273381294964,0.5179856115107914,-0.19424460431654678,0.4316546762589928,-0.31654676258992803,0.26618705035971224,-0.35251798561151076,0.48201438848920863,-0.3237410071942446,0.43884892086330934,-0.302158273381295,0.3597122302158273
2,0.0,0.0,0.1386861313868613,0.18248175182481752,0.1386861313868613,0.39416058394160586,0.058394160583941604,0.5401459854014599,-0.051094890510948905,0.6131386861313869,0.13138686131386862,0.45255474452554745,0.08029197080291971,0.7226277372262774,0.043795620437956206,0.8759124087591241,0.0072992700729927005,1.0,-0.014598540145985401,0.41605839416058393,-0.11678832116788321,0.6788321167883211,-0.10218978102189781,0.6131386861313869,-0.072992700729927,0.5109489051094891,-0.16058394160583941,0.35036496350364965,-0.23357664233576642,0.5766423357664233,-0.2116788321167883,0.5182481751824818,-0.18248175182481752,0.43795620437956206,-0.29927007299270075,0.2773722627737226,-0.34306569343065696,0.48175182481751827,-0.31386861313868614,0.4306569343065693,-0.291970802919708,0.35766423357664234
2,0.0,0.0,0.1259259259259259,0.17777777777777778,0.11851851851851852,0.4222222222222222,0.022222222222222223,0.5925925925925926,-0.08888888888888889,0.674074074074074,0.16296296296296298,0.45185185185185184,0.0962962962962963,0.7037037037037037,0.05185185185185185,0.8666666666666667,0.014814814814814815,1.0,0.0,0.4074074074074074,-0.11851851851851852,0.674074074074074,-0.11851851851851852,0.6,-0.08148148148148149,0.4888888888888889,-0.16296296296296298,0.34814814814814815,-0.24444444444444444,0.5703703703703704,-0.22962962962962963,0.5037037037037037,-0.2,0.4148148148148148,-0.3037037037037037,0.2814814814814815,-0.34814814814814815,0.4888888888888889,-0.3333333333333333,0.42962962962962964,-0.31851851851851853,0.34814814814814815
2,0.0,0.0,0.13768115942028986,0.18840579710144928,0.13768115942028986,0.43478260869565216,0.08695652173913043,0.6304347826086957,0.036231884057971016,0.7681159420289855,0.16666666666666666,0.45652173913043476,0.10869565217391304,0.717391304347826,0.06521739130434782,0.8768115942028986,0.028985507246376812,1.0,0.014492753623188406,0.42028985507246375,-0.10144927536231885,0.6811594202898551,-0.10869565217391304,0.6159420289855072,-0.07246376811594203,0.5217391304347826,-0.13768115942028986,0.36231884057971014,-0.2246376811594203,0.5797101449275363,-0.21739130434782608,0.5217391304347826,-0.18840579710144928,0.4420289855072464,-0.2826086956521739,0.2971014492753623,-0.3333333333333333,0.5072463768115942,-0.3188405797101449,0.4492753623188406,-0.2971014492753623,0.3695652173913043
2,0.0,0.0,0.15384615384615385,0.16783216783216784,0.17482517482517482,0.3986013986013986,0.11888111888111888,0.5874125874125874,0.055944055944055944,0.7132867132867133,0.1958041958041958,0.45454545454545453,0.14685314685314685,0.7132867132867133,0.1048951048951049,0.8741258741258742,0.06293706293706294,1.0,0.055944055944055944,0.43356643356643354,-0.04895104895104895,0.6923076923076923,-0.055944055944055944,0.6223776223776224,-0.03496503496503497,0.5244755244755245,-0.09090909090909091,0.38461538461538464,-0.16783216783216784,0.5944055944055944,-0.16783216783216784,0.5314685314685315,-0.14685314685314685,0.45454545454545453,-0.23076923076923078,0.32867132867132864,-0.2727272727272727,0.5174825174825175,-0.26573426573426573,0.45454545454545453,-0.2517482517482518,0.38461538461538464
2,0.0,0.0,0.14084507042253522,0.18309859154929578,0.14084507042253522,0.4154929577464789,0.06338028169014084,0.5774647887323944,-0.028169014084507043,0.6690140845070423,0.1619718309859155,0.47183098591549294,0.11971830985915492,0.7323943661971831,0.07746478873239436,0.8873239436619719,0.04929577464788732,1.0,0.02112676056338028,0.44366197183098594,-0.08450704225352113,0.6901408450704225,-0.08450704225352113,0.6267605633802817,-0.056338028169014086,0.5352112676056338,-0.1267605633802817,0.3873239436619718,-0.20422535211267606,0.5915492957746479,-0.19718309859154928,0.5352112676056338,-0.16901408450704225,0.4647887323943662,-0.2605633802816901,0.31690140845070425,-0.30985915492957744,0.5,-0.29577464788732394,0.44366197183098594,-0.2746478873239437,0.3732394366197183
2,0.0,0.0,0.1310344827586207,0.1724137931034483,0.15172413793103448,0.38620689655172413,0.09655172413793103,0.5379310344827586,0.020689655172413793,0.6275862068965518,0.19310344827586207,0.46206896551724136,0.16551724137931034,0.7172413793103448,0.11724137931034483,0.8827586206896552,0.08275862068965517,1.0,0.07586206896551724,0.43448275862068964,-0.05517241379310345,0.696551724137931,-0.09655172413793103,0.6413793103448275,-0.08275862068965517,0.5448275862068965,-0.06206896551724138,0.3724137931034483,-0.16551724137931034,0.593103448275862,-0.19310344827586207,0.5379310344827586,-0.16551724137931034,0.45517241379310347,-0.2,0.296551724137931,-0.2827586206896552,0.4827586206896552,-0.2827586206896552,0.42758620689655175,-0.2482758620689655,0.3586206896551724
2,0.0,0.0,0.16546762589928057,0.1510791366906475,0.2158273381294964,0.3597122302158273,0.17266187050359713,0.5035971223021583,0.10071942446043165,0.5827338129496403,0.2302158273381295,0.4676258992805755,0.22302158273381295,0.7122302158273381,0.19424460431654678,0.8776978417266187,0.17266187050359713,1.0,0.09352517985611511,0.460431654676259,0.02877697841726619,0.6618705035971223,0.02158273381294964,0.6115107913669064,0.02877697841726619,0.5179856115107914,-0.04316546762589928,0.4244604316546763,-0.07194244604316546,0.60431654676259,-0.07194244604316546,0.5611510791366906,-0.05755395683453238,0.48201438848920863,-0.16546762589928057,0.37410071942446044,-0.17985611510791366,0.5251798561151079,-0.17266187050359713,0.4892086330935252,-0.15827338129496402,0.4244604316546763
2,0.0,0.0,0.16296296296296298,0.16296296296296298,0.2074074074074074,0.4,0.14814814814814814,0.562962962962963,0.044444444444444446,0.6592592592592592,0.2814814814814815,0.5037037037037037,0.2,0.7481481481481481,0.14074074074074075,0.8888888888888888,0.0962962962962963,1.0,0.14814814814814814,0.48148148148148145,0.007407407407407408,0.6814814814814815,0.0,0.6074074074074074,0.037037037037037035,0.5259259259259259,0.0,0.4444444444444444,-0.08888888888888889,0.6,-0.0962962962962963,0.5259259259259259,-0.05925925925925926,0.45185185185185184,-0.13333333333333333,0.3851851851851852,-0.17777777777777778,0.5111111111111111,-0.17777777777777778,0.4444444444444444,-0.16296296296296298,0.37777777777777777
2,0.0,0.0,0.17777777777777778,0.14814814814814814,0.23703703703703705,0.37777777777777777,0.1925925925925926,0.5555555555555556,0.11851851851851852,0.6666666666666666,0.3111111111111111,0.4962962962962963,0.23703703703703705,0.7481481481481481,0.18518518518518517,0.8962962962962963,0.14814814814814814,1.0,0.18518518518518517,0.4888888888888889,0.06666666666666667,0.6814814814814815,0.05185185185185185,0.6074074074074074,0.07407407407407407,0.5259259259259259,0.044444444444444446,0.4666666666666667,-0.037037037037037035,0.6074074074074074,-0.044444444444444446,0.5333333333333333,-0.014814814814814815,0.45925925925925926,-0.08148148148148149,0.4222222222222222,-0.1259259259259259,0.5259259259259259,-0.1259259259259259,0.45925925925925926,-0.1111111111111111,0.3925925925925926
2,0.0,0.0,0.17857142857142858,0.14285714285714285,0.22857142857142856,0.36428571428571427,0.18571428571428572,0.5214285714285715,0.10714285714285714,0.6071428571428571,0.2714285714285714,0.4928571428571429,0.21428571428571427,0.7285714285714285,0.15,0.8857142857142857,0.1,1.0,0.1357142857142857,0.4928571428571429,0.08571428571428572,0.65,0.07142857142857142,0.5928571428571429,0.06428571428571428,0.5071428571428571,0.0,0.4642857142857143,-0.02142857142857143,0.6071428571428571,-0.02857142857142857,0.55,-0.02142857142857143,0.4714285714285714,-0.12142857142857143,0.42857142857142855,-0.12857142857142856,0.5357142857142857,-0.12857142857142856,0.4928571428571429,-0.12142857142857143,0.42142857142857143
2,0.0,0.0,0.16901408450704225,0.1619718309859155,0.22535211267605634,0.3873239436619718,0.16901408450704225,0.5492957746478874,0.09154929577464789,0.6408450704225352,0.2676056338028169,0.4788732394366197,0.21830985915492956,0.7183098591549296,0.14788732394366197,0.8802816901408451,0.09859154929577464,1.0,0.14788732394366197,0.4788732394366197,0.08450704225352113,0.6830985915492958,0.056338028169014086,0.647887323943662,0.04929577464788732,0.5704225352112676,0.014084507042253521,0.4647887323943662,-0.02112676056338028,0.6338028169014085,-0.035211267605633804,0.5845070422535211,-0.035211267605633804,0.5140845070422535,-0.11267605633802817,0.43661971830985913,-0.11267605633802817,0.5774647887323944,-0.1267605633802817,0.5352112676056338,-0.1267605633802817,0.47183098591549294
2,0.0,0.0,0.18705035971223022,0.17266187050359713,0.22302158273381295,0.4172661870503597,0.16546762589928057,0.5899280575539568,0.07913669064748201,0.697841726618705,0.26618705035971224,0.460431654676259,0.2014388489208633,0.7122302158273381,0.1366906474820144,0.8705035971223022,0.07913669064748201,1.0,0.10071942446043165,0.460431654676259,0.06474820143884892,0.6906474820143885,0.06474820143884892,0.6474820143884892,0.06474820143884892,0.5683453237410072,-0.050359712230215826,0.45323741007194246,-0.05755395683453238,0.6402877697841727,-0.04316546762589928,0.5971223021582733,-0.03597122302158273,0.5179856115107914,-0.18705035971223022,0.4460431654676259,-0.1510791366906475,0.5755395683453237,-0.1366906474820144,0.5323741007194245,-0.14388489208633093,0.4748201438848921
2,0.0,0.0,0.1865671641791045,0.15671641791044777,0.2462686567164179,0.39552238805970147,0.1865671641791045,0.5671641791044776,0.1044776119402985,0.6716417910447762,0.2835820895522388,0.43283582089552236,0.22388059701492538,0.6865671641791045,0.17164179104477612,0.8582089552238806,0.11940298507462686,1.0,0.12686567164179105,0.44029850746268656,0.09701492537313433,0.6865671641791045,0.08208955223880597,0.6567164179104478,0.06716417910447761,0.5895522388059702,-0.022388059701492536,0.43283582089552236,-0.022388059701492536,0.6417910447761194,-0.007462686567164179,0.5895522388059702,0.0,0.5074626865671642,-0.16417910447761194,0.4253731343283582,-0.11940298507462686,0.5746268656716418,-0.09701492537313433,0.5223880597014925,-0.09701492537313433,0.4552238805970149
2,0.0,0.0,0.18045112781954886,0.16541353383458646,0.21804511278195488,0.42105263157894735,0.15037593984962405,0.6015037593984962,0.06766917293233082,0.706766917293233,0.23308270676691728,0.45112781954887216,0.15037593984962405,0.7218045112781954,0.09774436090225563,0.8796992481203008,0.06015037593984962,1.0,0.06015037593984962,0.44360902255639095,0.022556390977443608,0.6691729323308271,0.045112781954887216,0.6390977443609023,0.06015037593984962,0.5639097744360902,-0.09022556390977443,0.42857142857142855,-0.07518796992481203,0.6240601503759399,-0.045112781954887216,0.5864661654135338,-0.03759398496240601,0.5112781954887218,-0.21052631578947367,0.41353383458646614,-0.15789473684210525,0.5639097744360902,-0.12781954887218044,0.5263157894736842,-0.13533834586466165,0.46616541353383456
2,0.0,0.0,0.23484848484848486,0.14393939393939395,0.3181818181818182,0.38636363636363635,0.25757575757575757,0.5757575757575758,0.1590909090909091,0.6742424242424242,0.2803030303030303,0.4393939393939394,0.20454545454545456,0.7196969696969697,0.16666666666666666,0.8787878787878788,0.12878787878787878,1.0,0.09090909090909091,0.44696969696969696,0.10606060606060606,0.6666666666666666,0.14393939393939395,0.6287878787878788,0.15151515151515152,0.5454545454545454,-0.05303030303030303,0.44696969696969696,0.015151515151515152,0.6060606060606061,0.05303030303030303,0.5681818181818182,0.05303030303030303,0.49242424242424243,-0.15151515151515152,0.4393939393939394,-0.05303030303030303,0.553030303030303,-0.022727272727272728,0.5151515151515151,-0.03787878787878788,0.44696969696969696
2,0.0,0.0,0.2265625,0.140625,0.3125,0.40625,0.2734375,0.6171875,0.1875,0.7421875,0.28125,0.421875,0.21875,0.71875,0.1796875,0.8828125,0.1484375,1.0,0.09375,0.4375,0.109375,0.671875,0.140625,0.640625,0.1328125,0.5625,-0.0546875,0.453125,0.015625,0.640625,0.046875,0.6015625,0.0390625,0.5234375,-0.15625,0.4609375,-0.0625,0.6015625,-0.03125,0.5546875,-0.046875,0.4921875
2,0.0,0.0,0.23622047244094488,0.13385826771653545,0.3228346456692913,0.3858267716535433,0.2677165354330709,0.5826771653543307,0.1732283464566929,0.6850393700787402,0.2755905511811024,0.41732283464566927,0.2204724409448819,0.7086614173228346,0.1889763779527559,0.8740157480314961,0.14960629921259844,1.0,0.09448818897637795,0.4251968503937008,0.11811023622047244,0.6692913385826772,0.14173228346456693,0.6220472440944882,0.13385826771653545,0.5433070866141733,-0.05511811023622047,0.4330708661417323,0.015748031496062992,0.6299212598425197,0.05511811023622047,0.5826771653543307,0.047244094488188976,0.5039370078740157,-0.15748031496062992,0.4330708661417323,-0.05511811023622047,0.5826771653543307,-0.023622047244094488,0.5354330708661418,-0.03937007874015748,0.4645669291338583
2,0.0,0.0,0.18811881188118812,0.12871287128712872,0.297029702970297,0.37623762376237624,0.27722772277227725,0.594059405940594,0.2079207920792079,0.7425742574257426,0.3465346534653465,0.38613861386138615,0.32673267326732675,0.6633663366336634,0.2871287128712871,0.8712871287128713,0.25742574257425743,1.0,0.2079207920792079,0.37623762376237624,0.15841584158415842,0.6534653465346535,0.09900990099009901,0.7623762376237624,0.0594059405940594,0.8217821782178217,0.04950495049504951,0.3564356435643564,-0.009900990099009901,0.6138613861386139,-0.0594059405940594,0.6831683168316832,-0.0891089108910891,0.7029702970297029,-0.1188118811881188,0.32673267326732675,-0.1485148514851485,0.5445544554455446,-0.18811881188118812,0.5841584158415841,-0.21782178217821782,0.5841584158415841
2,0.0,0.0,0.17567567567567569,0.12837837837837837,0.2635135135135135,0.3310810810810811,0.24324324324324326,0.4864864864864865,0.16216216216216217,0.5945945945945946,0.34459459459459457,0.47297297297297297,0.3108108108108108,0.7162162162162162,0.2702702702702703,0.8783783783783784,0.23648648648648649,1.0,0.24324324324324326,0.4864864864864865,0.11486486486486487,0.6756756756756757,0.0472972972972973,0.6216216216216216,0.033783783783783786,0.5472972972972973,0.10810810810810811,0.47297297297297297,0.0,0.6283783783783784,-0.05405405405405406,0.581081081081081,-0.060810810810810814,0.5067567567567568,-0.02702702702702703,0.43243243243243246,-0.11486486486486487,0.5472972972972973,-0.16891891891891891,0.5135135135135135,-0.18243243243243243,0.4594594594594595
2,0.0,0.0,0.18181818181818182,0.13286713286713286,0.27972027972027974,0.35664335664335667,0.25874125874125875,0.5244755244755245,0.18181818181818182,0.6433566433566433,0.36363636363636365,0.4825174825174825,0.3006993006993007,0.7272727272727273,0.2517482517482518,0.8811188811188811,0.21678321678321677,1.0,0.2517482517482518,0.4825174825174825,0.13286713286713286,0.6853146853146853,0.08391608391608392,0.6293706293706294,0.09090909090909091,0.5524475524475524,0.11188811188811189,0.46153846153846156,0.006993006993006993,0.6223776223776224,-0.02097902097902098,0.5594405594405595,0.006993006993006993,0.4825174825174825,-0.027972027972027972,0.4195804195804196,-0.11188811188811189,0.5314685314685315,-0.1258741258741259,0.4755244755244755,-0.1048951048951049,0.40559440559440557
2,0.0,0.0,0.1793103448275862,0.14482758620689656,0.2689655172413793,0.36551724137931035,0.2413793103448276,0.5241379310344828,0.15862068965517243,0.6344827586206897,0.3448275862068966,0.47586206896551725,0.2827586206896552,0.7241379310344828,0.23448275862068965,0.8827586206896552,0.2,1.0,0.2413793103448276,0.4827586206896552,0.10344827586206896,0.6689655172413793,0.06206896551724138,0.593103448275862,0.08275862068965517,0.5103448275862069,0.10344827586206896,0.46206896551724136,-0.013793103448275862,0.6068965517241379,-0.034482758620689655,0.5310344827586206,-0.006896551724137931,0.45517241379310347,-0.041379310344827586,0.42758620689655175,-0.12413793103448276,0.5241379310344828,-0.14482758620689656,0.4482758620689655,-0.11724137931034483,0.3793103448275862
2,0.0,0.0,0.19285714285714287,0.14285714285714285,0.2857142857142857,0.35,0.2642857142857143,0.5071428571428571,0.18571428571428572,0.6071428571428571,0.36428571428571427,0.4785714285714286,0.3,0.7357142857142858,0.25,0.8857142857142857,0.21428571428571427,1.0,0.24285714285714285,0.4928571428571429,0.12142857142857143,0.6785714285714286,0.06428571428571428,0.6142857142857143,0.06428571428571428,0.5357142857142857,0.1,0.4785714285714286,-0.007142857142857143,0.6285714285714286,-0.04285714285714286,0.5642857142857143,-0.02857142857142857,0.4857142857142857,-0.04285714285714286,0.44285714285714284,-0.12857142857142856,0.5571428571428572,-0.15,0.5,-0.14285714285714285,0.42857142857142855
2,0.0,0.0,0.17482517482517482,0.16083916083916083,0.25874125874125875,0.3776223776223776,0.23076923076923078,0.5384615384615384,0.14685314685314685,0.6433566433566433,0.32867132867132864,0.48951048951048953,0.27972027972027974,0.7272727272727273,0.23076923076923078,0.8811188811188811,0.20279720279720279,1.0,0.21678321678321677,0.4825174825174825,0.07692307692307693,0.6783216783216783,0.03496503496503497,0.6083916083916084,0.06293706293706294,0.5174825174825175,0.07692307692307693,0.45454545454545453,-0.027972027972027972,0.6223776223776224,-0.04895104895104895,0.5454545454545454,-0.02097902097902098,0.46153846153846156,-0.06293706293706294,0.40559440559440557,-0.13286713286713286,0.5314685314685315,-0.14685314685314685,0.46153846153846156,-0.13286713286713286,0.3916083916083916
2,0.0,0.0,0.16551724137931034,0.15172413793103448,0.23448275862068965,0.3793103448275862,0.18620689655172415,0.5517241379310345,0.09655172413793103,0.6551724137931034,0.33793103448275863,0.45517241379310347,0.296551724137931,0.7034482758620689,0.25517241379310346,0.8689655172413793,0.2206896551724138,1.0,0.22758620689655173,0.4482758620689655,0.11724137931034483,0.6689655172413793,0.07586206896551724,0.593103448275862,0.0896551724137931,0.503448275862069,0.09655172413793103,0.42758620689655175,-0.006896551724137931,0.6,-0.027586206896551724,0.5172413793103449,0.006896551724137931,0.4413793103448276,-0.034482758620689655,0.38620689655172413,-0.1103448275862069,0.5103448275862069,-0.11724137931034483,0.42758620689655175,-0.0896551724137931,0.3586206896551724
2,0.0,0.0,0.1619718309859155,0.15492957746478872,0.23943661971830985,0.38028169014084506,0.21830985915492956,0.5563380281690141,0.176056338028169,0.6830985915492958,0.3380281690140845,0.49295774647887325,0.3028169014084507,0.7183098591549296,0.2676056338028169,0.8802816901408451,0.22535211267605634,1.0,0.23943661971830985,0.4859154929577465,0.19718309859154928,0.7183098591549296,0.16901408450704225,0.852112676056338,0.14788732394366197,0.9577464788732394,0.1056338028169014,0.4507042253521127,0.007042253521126761,0.6267605633802817,-0.04225352112676056,0.6056338028169014,-0.06338028169014084,0.5633802816901409,-0.035211267605633804,0.3873239436619718,-0.11267605633802817,0.5140845070422535,-0.14788732394366197,0.49295774647887325,-0.1619718309859155,0.4507042253521127
2,0.0,0.0,0.16083916083916083,0.14685314685314685,0.22377622377622378,0.3706293706293706,0.16783216783216784,0.5244755244755245,0.08391608391608392,0.6223776223776224,0.32867132867132864,0.4755244755244755,0.2727272727272727,0.7202797202797203,0.22377622377622378,0.8811188811188811,0.1888111888111888,1.0,0.22377622377622378,0.4825174825174825,0.11888111888111888,0.6783216783216783,0.06293706293706294,0.6153846153846154,0.06993006993006994,0.5314685314685315,0.0979020979020979,0.4755244755244755,0.006993006993006993,0.6433566433566433,-0.027972027972027972,0.5734265734265734,-0.006993006993006993,0.4965034965034965,-0.02097902097902098,0.4405594405594406,-0.09090909090909091,0.5664335664335665,-0.11188811188811189,0.5034965034965035,-0.0979020979020979,0.43356643356643354
2,0.0,0.0,0.16901408450704225,0.15492957746478872,0.2323943661971831,0.38028169014084506,0.19014084507042253,0.5352112676056338,0.09859154929577464,0.6267605633802817,0.3380281690140845,0.4788732394366197,0.2746478873239437,0.7253521126760564,0.22535211267605634,0.8802816901408451,0.19718309859154928,1.0,0.22535211267605634,0.4859154929577465,0.11267605633802817,0.676056338028169,0.06338028169014084,0.6056338028169014,0.07042253521126761,0.5211267605633803,0.09154929577464789,0.4788732394366197,0.0,0.6267605633802817,-0.028169014084507043,0.5492957746478874,-0.007042253521126761,0.47183098591549294,-0.035211267605633804,0.44366197183098594,-0.1056338028169014,0.528169014084507,-0.11971830985915492,0.4647887323943662,-0.09859154929577464,0.39436619718309857
2,0.0,0.0,0.16428571428571428,0.15,0.22142857142857142,0.36428571428571427,0.17142857142857143,0.5142857142857142,0.08571428571428572,0.6071428571428571,0.3142857142857143,0.4714285714285714,0.24285714285714285,0.7214285714285714,0.2,0.8785714285714286,0.17142857142857143,1.0,0.21428571428571427,0.4714285714285714,0.07142857142857142,0.6571428571428571,0.02142857142857143,0.5928571428571429,0.02857142857142857,0.5142857142857142,0.08571428571428572,0.45,-0.02857142857142857,0.6142857142857143,-0.05714285714285714,0.5357142857142857,-0.03571428571428571,0.45714285714285713,-0.03571428571428571,0.4142857142857143,-0.12142857142857143,0.5,-0.14285714285714285,0.44285714285714284,-0.12857142857142856,0.37857142857142856
2,0.0,0.0,0.16058394160583941,0.145985401459854,0.2116788321167883,0.34306569343065696,0.15328467153284672,0.48905109489051096,0.06569343065693431,0.5693430656934306,0.29927007299270075,0.45985401459854014,0.24087591240875914,0.7226277372262774,0.19708029197080293,0.8832116788321168,0.1678832116788321,1.0,0.1897810218978102,0.46715328467153283,0.0364963503649635,0.6277372262773723,0.0,0.5474452554744526,0.029197080291970802,0.45985401459854014,0.06569343065693431,0.45255474452554745,-0.06569343065693431,0.583941605839416,-0.08029197080291971,0.49635036496350365,-0.043795620437956206,0.4233576642335766,-0.051094890510948905,0.41605839416058393,-0.15328467153284672,0.48905109489051096,-0.16058394160583941,0.41605839416058393,-0.1386861313868613,0.35766423357664234
2,0.0,0.0,0.15328467153284672,0.145985401459854,0.2116788321167883,0.35036496350364965,0.15328467153284672,0.49635036496350365,0.058394160583941604,0.5693430656934306,0.29927007299270075,0.46715328467153283,0.23357664233576642,0.7226277372262774,0.18248175182481752,0.8832116788321168,0.145985401459854,1.0,0.1897810218978102,0.45985401459854014,0.0364963503649635,0.635036496350365,0.0072992700729927005,0.5547445255474452,0.043795620437956206,0.46715328467153283,0.06569343065693431,0.43795620437956206,-0.06569343065693431,0.5766423357664233,-0.08029197080291971,0.49635036496350365,-0.0364963503649635,0.4233576642335766,-0.06569343065693431,0.40145985401459855,-0.15328467153284672,0.48175182481751827,-0.16058394160583941,0.41605839416058393,-0.13138686131386862,0.35766423357664234
2,0.0,0.0,0.15602836879432624,0.14893617021276595,0.2127659574468085,0.3546099290780142,0.15602836879432624,0.49645390070921985,0.06382978723404255,0.5815602836879432,0.2978723404255319,0.475177304964539,0.2198581560283688,0.7304964539007093,0.1773049645390071,0.8794326241134752,0.14893617021276595,1.0,0.20567375886524822,0.46808510638297873,0.02127659574468085,0.6595744680851063,-0.014184397163120567,0.5673758865248227,0.02127659574468085,0.48226950354609927,0.0851063829787234,0.4397163120567376,-0.07092198581560284,0.5815602836879432,-0.0851063829787234,0.49645390070921985,-0.03546099290780142,0.425531914893617,-0.0425531914893617,0.3900709219858156,-0.15602836879432624,0.48936170212765956,-0.16312056737588654,0.425531914893617,-0.12056737588652482,0.3617021276595745
2,0.0,0.0,0.15714285714285714,0.15714285714285714,0.21428571428571427,0.36428571428571427,0.15714285714285714,0.5,0.06428571428571428,0.5785714285714286,0.30714285714285716,0.4642857142857143,0.22857142857142856,0.7214285714285714,0.18571428571428572,0.8785714285714286,0.15714285714285714,1.0,0.20714285714285716,0.4642857142857143,0.02857142857142857,0.6285714285714286,0.0,0.5428571428571428,0.02857142857142857,0.4642857142857143,0.08571428571428572,0.44285714285714284,-0.06428571428571428,0.5642857142857143,-0.07857142857142857,0.4857142857142857,-0.03571428571428571,0.4142857142857143,-0.03571428571428571,0.40714285714285714,-0.15,0.4857142857142857,-0.15714285714285714,0.4142857142857143,-0.12857142857142856,0.35714285714285715
2,0.0,0.0,0.15602836879432624,0.14184397163120568,0.22695035460992907,0.3546099290780142,0.18439716312056736,0.5035460992907801,0.09929078014184398,0.5957446808510638,0.3120567375886525,0.48226950354609927,0.2553191489361702,0.723404255319149,0.2198581560283688,0.8794326241134752,0.19858156028368795,1.0,0.20567375886524822,0.48226950354609927,0.07801418439716312,0.6595744680851063,0.04964539007092199,0.5815602836879432,0.07801418439716312,0.49645390070921985,0.07801418439716312,0.46808510638297873,-0.028368794326241134,0.6099290780141844,-0.03546099290780142,0.524822695035461,0.0,0.4397163120567376,-0.04964539007092199,0.425531914893617,-0.1276595744680851,0.5106382978723404,-0.1276595744680851,0.4326241134751773,-0.10638297872340426,0.3617021276595745
2,0.0,0.0,-0.15753424657534246,0.18493150684931506,-0.17123287671232876,0.4315068493150685,-0.08904109589041095,0.5958904109589042,0.00684931506849315,0.678082191780822,-0.13013698630136986,0.4246575342465753,-0.1095890410958904,0.7054794520547946,-0.10273972602739725,0.8767123287671232,-0.08904109589041095,1.0,0.03424657534246575,0.3972602739726027,0.07534246575342465,0.6712328767123288,0.02054794520547945,0.6164383561643836,-0.0136986301369863,0.5205479452054794,0.1643835616438356,0.363013698630137,0.18493150684931506,0.6027397260273972,0.13013698630136986,0.5547945205479452,0.11643835616438356,0.4726027397260274,0.273972602739726,0.3219178082191781,0.2534246575342466,0.5205479452054794,0.2054794520547945,0.4794520547945205,0.19863013698630136,0.4041095890410959
2,0.0,0.0,-0.14965986394557823,0.16326530612244897,-0.16326530612244897,0.4013605442176871,-0.10884353741496598,0.5578231292517006,-0.047619047619047616,0.6666666666666666,-0.14285714285714285,0.43537414965986393,-0.09523809523809523,0.7142857142857143,-0.08163265306122448,0.8775510204081632,-0.061224489795918366,1.0,0.006802721088435374,0.40816326530612246,0.07482993197278912,0.6666666666666666,0.027210884353741496,0.6122448979591837,0.0,0.5170068027210885,0.14285714285714285,0.3673469387755102,0.17687074829931973,0.5918367346938775,0.1292517006802721,0.54421768707483,0.10884353741496598,0.46938775510204084,0.24489795918367346,0.3197278911564626,0.24489795918367346,0.5034013605442177,0.20408163265306123,0.4557823129251701,0.19727891156462585,0.38095238095238093
2,0.0,0.0,-0.15436241610738255,0.174496644295302,-0.174496644295302,0.4161073825503356,-0.10738255033557047,0.5771812080536913,0.0,0.6711409395973155,-0.12751677852348994,0.4429530201342282,-0.09395973154362416,0.7114093959731543,-0.08053691275167785,0.8791946308724832,-0.06711409395973154,1.0,0.020134228187919462,0.40939597315436244,0.08053691275167785,0.6510067114093959,0.053691275167785234,0.5906040268456376,0.026845637583892617,0.4899328859060403,0.15436241610738255,0.35570469798657717,0.19463087248322147,0.5704697986577181,0.1610738255033557,0.5234899328859061,0.14093959731543623,0.4429530201342282,0.26174496644295303,0.2953020134228188,0.2751677852348993,0.4697986577181208,0.24161073825503357,0.4228187919463087,0.22818791946308725,0.35570469798657717
2,0.0,0.0,-0.125,0.19078947368421054,-0.10526315789473684,0.42105263157894735,-0.02631578947368421,0.5723684210526315,0.05263157894736842,0.6644736842105263,-0.05921052631578947,0.4407894736842105,-0.02631578947368421,0.7105263157894737,-0.013157894736842105,0.881578947368421,0.006578947368421052,1.0,0.09868421052631579,0.40131578947368424,0.17105263157894737,0.6578947368421053,0.125,0.6118421052631579,0.08552631578947369,0.5131578947368421,0.23026315789473684,0.34868421052631576,0.26973684210526316,0.5657894736842105,0.2236842105263158,0.5263157894736842,0.20394736842105263,0.4473684210526316,0.32894736842105265,0.29605263157894735,0.34210526315789475,0.47368421052631576,0.29605263157894735,0.4342105263157895,0.28289473684210525,0.3618421052631579
2,0.0,0.0,-0.09210526315789473,0.17105263157894737,-0.07894736842105263,0.40131578947368424,0.0,0.5657894736842105,0.09868421052631579,0.6776315789473685,-0.09868421052631579,0.4342105263157895,-0.08552631578947369,0.7105263157894737,-0.06578947368421052,0.875,-0.046052631578947366,1.0,0.006578947368421052,0.3881578947368421,0.13157894736842105,0.618421052631579,0.13157894736842105,0.5460526315789473,0.09868421052631579,0.4605263157894737,0.13157894736842105,0.32894736842105265,0.2236842105263158,0.5394736842105263,0.21710526315789475,0.47368421052631576,0.19078947368421054,0.40131578947368424,0.24342105263157895,0.27631578947368424,0.29605263157894735,0.46710526315789475,0.28289473684210525,0.40789473684210525,0.2631578947368421,0.32894736842105265
2,0.0,0.0,-0.125,0.15789473684210525,-0.1513157894736842,0.3881578947368421,-0.08552631578947369,0.5592105263157895,0.02631578947368421,0.6513157894736842,-0.2236842105263158,0.4342105263157895,-0.18421052631578946,0.7039473684210527,-0.16447368421052633,0.868421052631579,-0.14473684210526316,1.0,-0.09210526315789473,0.39473684210526316,0.07894736842105263,0.6710526315789473,0.10526315789473684,0.618421052631579,0.07894736842105263,0.5328947368421053,0.046052631578947366,0.34868421052631576,0.17105263157894737,0.5723684210526315,0.15789473684210525,0.506578947368421,0.11842105263157894,0.4342105263157895,0.17105263157894737,0.2894736842105263,0.23026315789473684,0.46710526315789475,0.20394736842105263,0.40789473684210525,0.17105263157894737,0.3355263157894737
2,0.0,0.0,-0.11842105263157894,0.16447368421052633,-0.13157894736842105,0.40131578947368424,-0.039473684210526314,0.5657894736842105,0.07236842105263158,0.6644736842105263,-0.23684210526315788,0.4407894736842105,-0.20394736842105263,0.7105263157894737,-0.17763157894736842,0.868421052631579,-0.15789473684210525,1.0,-0.125,0.39473684210526316,0.05921052631578947,0.6447368421052632,0.09868421052631579,0.6052631578947368,0.07894736842105263,0.5526315789473685,0.006578947368421052,0.34210526315789475,0.1513157894736842,0.5526315789473685,0.14473684210526316,0.4868421052631579,0.09868421052631579,0.4144736842105263,0.14473684210526316,0.28289473684210525,0.21710526315789475,0.4605263157894737,0.20394736842105263,0.39473684210526316,0.16447368421052633,0.3157894736842105
2,0.0,0.0,-0.10884353741496598,0.17687074829931973,-0.10204081632653061,0.4421768707482993,-0.006802721088435374,0.6394557823129252,0.09523809523809523,0.7619047619047619,-0.14965986394557823,0.42857142857142855,-0.12244897959183673,0.7006802721088435,-0.09523809523809523,0.8639455782312925,-0.06802721088435375,1.0,-0.02040816326530612,0.3741496598639456,0.10884353741496598,0.6462585034013606,0.11564625850340136,0.5714285714285714,0.07482993197278912,0.47619047619047616,0.11564625850340136,0.3129251700680272,0.2108843537414966,0.564625850340136,0.19047619047619047,0.4965986394557823,0.1564625850340136,0.41496598639455784,0.23809523809523808,0.2585034013605442,0.2789115646258503,0.47619047619047616,0.25170068027210885,0.41496598639455784,0.23809523809523808,0.32653061224489793
2,0.0,0.0,-0.14685314685314685,0.15384615384615385,-0.1958041958041958,0.4125874125874126,-0.13986013986013987,0.6013986013986014,-0.027972027972027972,0.6993006993006993,-0.23076923076923078,0.40559440559440557,-0.1888111888111888,0.6993006993006993,-0.13286713286713286,0.8741258741258742,-0.07692307692307693,1.0,-0.06993006993006994,0.35664335664335667,0.06293706293706294,0.6713286713286714,0.055944055944055944,0.5944055944055944,0.02097902097902098,0.4825174825174825,0.08391608391608392,0.3006993006993007,0.18181818181818182,0.5664335664335665,0.16783216783216784,0.4965034965034965,0.13286713286713286,0.3986013986013986,0.21678321678321677,0.2517482517482518,0.25874125874125875,0.4755244755244755,0.23776223776223776,0.40559440559440557,0.21678321678321677,0.3076923076923077
2,0.0,0.0,-0.11510791366906475,0.17985611510791366,-0.12949640287769784,0.4316546762589928,-0.050359712230215826,0.6115107913669064,0.07194244604316546,0.7050359712230215,-0.1223021582733813,0.41007194244604317,-0.07913669064748201,0.697841726618705,-0.05755395683453238,0.8705035971223022,-0.04316546762589928,1.0,0.02877697841726619,0.35251798561151076,0.1079136690647482,0.6762589928057554,0.07194244604316546,0.6187050359712231,0.02877697841726619,0.5107913669064749,0.16546762589928057,0.2949640287769784,0.2158273381294964,0.5683453237410072,0.17985611510791366,0.5179856115107914,0.1510791366906475,0.4316546762589928,0.28776978417266186,0.2589928057553957,0.2949640287769784,0.49640287769784175,0.2517985611510791,0.43884892086330934,0.23741007194244604,0.35251798561151076
2,0.0,0.0,-0.14492753623188406,0.21014492753623187,-0.13043478260869565,0.47101449275362317,0.0,0.644927536231884,0.13768115942028986,0.7101449275362319,-0.07246376811594203,0.41304347826086957,0.0,0.6956521739130435,0.028985507246376812,0.8695652173913043,0.057971014492753624,1.0,0.10144927536231885,0.36231884057971014,0.16666666666666666,0.6666666666666666,0.10869565217391304,0.6304347826086957,0.06521739130434782,0.5289855072463768,0.2391304347826087,0.3115942028985507,0.26811594202898553,0.5869565217391305,0.21739130434782608,0.5579710144927537,0.18840579710144928,0.47101449275362317,0.34782608695652173,0.2826086956521739,0.34057971014492755,0.5072463768115942,0.2826086956521739,0.47101449275362317,0.26811594202898553,0.39855072463768115
2,0.0,0.0,-0.14615384615384616,0.18461538461538463,-0.14615384615384616,0.4461538461538462,-0.03076923076923077,0.6230769230769231,0.1,0.7153846153846154,-0.07692307692307693,0.38461538461538464,-0.015384615384615385,0.6846153846153846,0.023076923076923078,0.8692307692307693,0.06153846153846154,1.0,0.08461538461538462,0.3153846153846154,0.14615384615384616,0.6461538461538462,0.08461538461538462,0.6076923076923076,0.05384615384615385,0.5153846153846153,0.2153846153846154,0.2692307692307692,0.25384615384615383,0.5769230769230769,0.19230769230769232,0.5384615384615384,0.16923076923076924,0.45384615384615384,0.3230769230769231,0.23846153846153847,0.3230769230769231,0.49230769230769234,0.2692307692307692,0.46923076923076923,0.25384615384615383,0.3923076923076923
2,0.0,0.0,-0.14615384615384616,0.16923076923076924,-0.16153846153846155,0.4,-0.07692307692307693,0.5615384615384615,0.038461538461538464,0.6538461538461539,-0.06153846153846154,0.36923076923076925,0.007692307692307693,0.676923076923077,0.046153846153846156,0.8615384615384616,0.07692307692307693,1.0,0.1076923076923077,0.3230769230769231,0.15384615384615385,0.6461538461538462,0.11538461538461539,0.6307692307692307,0.09230769230769231,0.5307692307692308,0.24615384615384617,0.2692307692307692,0.27692307692307694,0.5769230769230769,0.23076923076923078,0.5615384615384615,0.2153846153846154,0.46923076923076923,0.35384615384615387,0.23846153846153847,0.3769230769230769,0.49230769230769234,0.3230769230769231,0.4846153846153846,0.3076923076923077,0.4
2,0.0,0.0,-0.15079365079365079,0.1746031746031746,-0.15079365079365079,0.42063492063492064,-0.047619047619047616,0.6031746031746031,0.07936507936507936,0.6984126984126984,-0.05555555555555555,0.36507936507936506,0.0,0.6825396825396826,0.031746031746031744,0.8650793650793651,0.07142857142857142,1.0,0.10317460317460317,0.30158730158730157,0.15873015873015872,0.6428571428571429,0.10317460317460317,0.626984126984127,0.07142857142857142,0.5396825396825397,0.23809523809523808,0.2619047619047619,0.2698412698412698,0.5793650793650794,0.20634920634920634,0.5396825396825397,0.19047619047619047,0.4523809523809524,0.35714285714285715,0.23809523809523808,0.35714285714285715,0.49206349206349204,0.30158730158730157,0.4603174603174603,0.29365079365079366,0.38095238095238093
2,0.0,0.0,-0.15503875968992248,0.17829457364341086,-0.17054263565891473,0.4263565891472868,-0.09302325581395349,0.5891472868217055,0.007751937984496124,0.6666666666666666,-0.015503875968992248,0.37209302325581395,0.031007751937984496,0.6821705426356589,0.06201550387596899,0.8682170542635659,0.09302325581395349,1.0,0.13953488372093023,0.32558139534883723,0.1937984496124031,0.6589147286821705,0.10852713178294573,0.6744186046511628,0.05426356589147287,0.5968992248062015,0.26356589147286824,0.27906976744186046,0.2868217054263566,0.5813953488372093,0.20930232558139536,0.5813953488372093,0.17054263565891473,0.5116279069767442,0.3488372093023256,0.24031007751937986,0.35658914728682173,0.4806201550387597,0.29457364341085274,0.4883720930232558,0.26356589147286824,0.4263565891472868
2,0.0,0.0,-0.15503875968992248,0.18604651162790697,-0.15503875968992248,0.4496124031007752,-0.05426356589147287,0.627906976744186,0.05426356589147287,0.7131782945736435,-0.015503875968992248,0.3798449612403101,0.046511627906976744,0.6821705426356589,0.07751937984496124,0.8682170542635659,0.11627906976744186,1.0,0.15503875968992248,0.32558139534883723,0.20930232558139536,0.6589147286821705,0.12403100775193798,0.6666666666666666,0.05426356589147287,0.5813953488372093,0.2868217054263566,0.2868217054263566,0.29457364341085274,0.5813953488372093,0.20930232558139536,0.5813953488372093,0.17054263565891473,0.5193798449612403,0.3798449612403101,0.26356589147286824,0.3643410852713178,0.49612403100775193,0.29457364341085274,0.5038759689922481,0.26356589147286824,0.4496124031007752
2,0.0,0.0,-0.1484375,0.1875,-0.1484375,0.4609375,-0.0390625,0.640625,0.0859375,0.6953125,0.0078125,0.390625,0.0625,0.6953125,0.0859375,0.8671875,0.125,1.0,0.171875,0.328125,0.21875,0.6796875,0.125,0.6640625,0.0703125,0.5625,0.296875,0.28125,0.3046875,0.59375,0.21875,0.578125,0.1875,0.4921875,0.3828125,0.2421875,0.375,0.5,0.296875,0.484375,0.28125,0.4140625
2,0.0,0.0,-0.14393939393939395,0.18181818181818182,-0.12878787878787878,0.42424242424242425,-0.03787878787878788,0.6060606060606061,0.06060606060606061,0.696969696969697,-0.030303030303030304,0.4090909090909091,0.045454545454545456,0.696969696969697,0.07575757575757576,0.8712121212121212,0.11363636363636363,1.0,0.12121212121212122,0.3560606060606061,0.18181818181818182,0.6590909090909091,0.11363636363636363,0.6515151515151515,0.07575757575757576,0.5606060606060606,0.25,0.30303030303030304,0.2803030303030303,0.5757575757575758,0.21212121212121213,0.5606060606060606,0.18181818181818182,0.4772727272727273,0.3409090909090909,0.25,0.3484848484848485,0.4621212121212121,0.2878787878787879,0.45454545454545453,0.2727272727272727,0.3787878787878788
2,0.0,0.0,-0.14814814814814814,0.18518518518518517,-0.14814814814814814,0.4222222222222222,-0.05925925925925926,0.5925925925925926,0.022222222222222223,0.6814814814814815,-0.05925925925925926,0.4222222222222222,0.0,0.7111111111111111,0.02962962962962963,0.8814814814814815,0.07407407407407407,1.0,0.1037037037037037,0.37777777777777777,0.11851851851851852,0.6666666666666666,0.05185185185185185,0.6518518518518519,0.02962962962962963,0.5703703703703704,0.22962962962962963,0.3333333333333333,0.2222222222222222,0.5925925925925926,0.16296296296296298,0.562962962962963,0.14074074074074075,0.48148148148148145,0.3333333333333333,0.2814814814814815,0.3037037037037037,0.4962962962962963,0.24444444444444444,0.4740740740740741,0.23703703703703705,0.4
2,0.0,0.0,-0.12949640287769784,0.17985611510791366,-0.1223021582733813,0.4172661870503597,-0.02877697841726619,0.5755395683453237,0.08633093525179857,0.6402877697841727,-0.06474820143884892,0.43884892086330934,-0.007194244604316547,0.7194244604316546,0.02158273381294964,0.8776978417266187,0.050359712230215826,1.0,0.07913669064748201,0.39568345323741005,0.1366906474820144,0.6330935251798561,0.08633093525179857,0.5971223021582733,0.050359712230215826,0.5179856115107914,0.20863309352517986,0.34532374100719426,0.22302158273381295,0.5467625899280576,0.17985611510791366,0.5107913669064749,0.15827338129496402,0.4460431654676259,0.30935251798561153,0.2949640287769784,0.2949640287769784,0.4748201438848921,0.2517985611510791,0.43884892086330934,0.2446043165467626,0.37410071942446044
2,0.0,0.0,-0.14388489208633093,0.18705035971223022,-0.1366906474820144,0.41007194244604317,-0.05755395683453238,0.5611510791366906,0.02877697841726619,0.6474820143884892,-0.07913669064748201,0.45323741007194246,-0.03597122302158273,0.7266187050359713,-0.014388489208633094,0.8848920863309353,0.014388489208633094,1.0,0.07194244604316546,0.41007194244604317,0.09352517985611511,0.6546762589928058,0.04316546762589928,0.6115107913669064,0.014388489208633094,0.5251798561151079,0.19424460431654678,0.35251798561151076,0.19424460431654678,0.5611510791366906,0.1510791366906475,0.5251798561151079,0.12949640287769784,0.4460431654676259,0.2949640287769784,0.302158273381295,0.2733812949640288,0.48201438848920863,0.2302158273381295,0.4460431654676259,0.22302158273381295,0.37410071942446044
2,0.0,0.0,-0.14788732394366197,0.18309859154929578,-0.14788732394366197,0.4084507042253521,-0.07042253521126761,0.5633802816901409,0.02112676056338028,0.6338028169014085,-0.08450704225352113,0.4507042253521127,-0.04225352112676056,0.7323943661971831,-0.007042253521126761,0.8873239436619719,0.028169014084507043,1.0,0.07042253521126761,0.4225352112676056,0.1056338028169014,0.647887323943662,0.056338028169014086,0.6126760563380281,0.028169014084507043,0.528169014084507,0.19014084507042253,0.36619718309859156,0.20422535211267606,0.5704225352112676,0.15492957746478872,0.5352112676056338,0.13380281690140844,0.45774647887323944,0.28169014084507044,0.31690140845070425,0.2676056338028169,0.47183098591549294,0.22535211267605634,0.44366197183098594,0.2112676056338028,0.38028169014084506
2,0.0,0.0,-0.1103448275862069,0.18620689655172415,-0.10344827586206896,0.41379310344827586,-0.034482758620689655,0.5655172413793104,0.06896551724137931,0.6275862068965518,-0.14482758620689656,0.4827586206896552,-0.1103448275862069,0.7241379310344828,-0.06896551724137931,0.8758620689655172,-0.027586206896551724,1.0,-0.034482758620689655,0.4482758620689655,0.1103448275862069,0.6482758620689655,0.1103448275862069,0.5793103448275863,0.07586206896551724,0.4896551724137931,0.09655172413793103,0.38620689655172413,0.2206896551724138,0.5517241379310345,0.20689655172413793,0.496551724137931,0.1724137931034483,0.4206896551724138,0.2206896551724138,0.31724137931034485,0.30344827586206896,0.4689655172413793,0.27586206896551724,0.41379310344827586,0.2482758620689655,0.3448275862068966
2,0.0,0.0,-0.08633093525179857,0.23741007194244604,-0.05755395683453238,0.5323741007194245,0.02158273381294964,0.7338129496402878,0.1079136690647482,0.8776978417266187,-0.08633093525179857,0.5251798561151079,0.02158273381294964,0.762589928057554,0.07194244604316546,0.8992805755395683,0.11510791366906475,1.0,0.05755395683453238,0.43884892086330934,0.23741007194244604,0.6618705035971223,0.2302158273381295,0.60431654676259,0.17266187050359713,0.5251798561151079,0.20863309352517986,0.34532374100719426,0.3597122302158273,0.5467625899280576,0.33093525179856115,0.4892086330935252,0.2733812949640288,0.4172661870503597,0.34532374100719426,0.2517985611510791,0.45323741007194246,0.4460431654676259,0.41007194244604317,0.381294964028777,0.3669064748201439,0.30935251798561153
2,0.0,0.0,-0.10191082802547771,0.1592356687898089,-0.14012738853503184,0.3821656050955414,-0.12101910828025478,0.5477707006369427,-0.05732484076433121,0.6496815286624203,-0.20382165605095542,0.4585987261146497,-0.12738853503184713,0.7133757961783439,-0.08280254777070063,0.8726114649681529,-0.050955414012738856,1.0,-0.08917197452229299,0.42038216560509556,0.08280254777070063,0.643312101910828,0.10191082802547771,0.5732484076433121,0.07006369426751592,0.49044585987261147,0.03821656050955414,0.36942675159235666,0.18471337579617833,0.5477707006369427,0.1910828025477707,0.47770700636942676,0.1592356687898089,0.39490445859872614,0.16560509554140126,0.31210191082802546,0.25477707006369427,0.4585987261146497,0.2611464968152866,0.3885350318471338,0.2484076433121019,0.31210191082802546
2,0.0,0.0,-0.1069182389937107,0.16352201257861634,-0.12578616352201258,0.39622641509433965,-0.06289308176100629,0.5345911949685535,0.0440251572327044,0.6037735849056604,-0.1761006289308176,0.48427672955974843,-0.11320754716981132,0.7295597484276729,-0.06918238993710692,0.8805031446540881,-0.0440251572327044,1.0,-0.06289308176100629,0.44025157232704404,0.1069182389937107,0.660377358490566,0.11949685534591195,0.5849056603773585,0.0880503144654088,0.5031446540880503,0.06289308176100629,0.37735849056603776,0.20754716981132076,0.5660377358490566,0.20125786163522014,0.4968553459119497,0.1509433962264151,0.42138364779874216,0.18238993710691823,0.3081761006289308,0.2641509433962264,0.4779874213836478,0.25157232704402516,0.4088050314465409,0.22012578616352202,0.33962264150943394
2,0.0,0.0,-0.10429447852760736,0.1656441717791411,-0.1411042944785276,0.38650306748466257,-0.09815950920245399,0.5521472392638037,-0.018404907975460124,0.6503067484662577,-0.20245398773006135,0.49079754601226994,-0.12883435582822086,0.7361963190184049,-0.08588957055214724,0.8834355828220859,-0.049079754601226995,1.0,-0.11042944785276074,0.44785276073619634,0.09815950920245399,0.6687116564417178,0.1165644171779141,0.588957055214724,0.0736196319018405,0.5153374233128835,0.006134969325153374,0.3803680981595092,0.1901840490797546,0.5644171779141104,0.17791411042944785,0.48466257668711654,0.1165644171779141,0.4233128834355828,0.12269938650306748,0.3128834355828221,0.24539877300613497,0.4662576687116564,0.22699386503067484,0.3987730061349693,0.18404907975460122,0.3374233128834356
2,0.0,0.0,-0.10365853658536585,0.17073170731707318,-0.11585365853658537,0.4024390243902439,-0.042682926829268296,0.5670731707317073,0.06097560975609756,0.6646341463414634,-0.20121951219512196,0.49390243902439024,-0.12195121951219512,0.7378048780487805,-0.07926829268292683,0.8841463414634146,-0.04878048780487805,1.0,-0.10365853658536585,0.45121951219512196,0.0975609756097561,0.6829268292682927,0.12195121951219512,0.5975609756097561,0.07926829268292683,0.5121951219512195,0.012195121951219513,0.38414634146341464,0.20121951219512196,0.573170731707317,0.18292682926829268,0.4878048780487805,0.12804878048780488,0.42073170731707316,0.1402439024390244,0.31097560975609756,0.25609756097560976,0.4695121951219512,0.23780487804878048,0.39634146341463417,0.18902439024390244,0.3353658536585366
2,0.0,0.0,-0.10429447852760736,0.1656441717791411,-0.12883435582822086,0.3803680981595092,-0.06134969325153374,0.5276073619631901,0.03067484662576687,0.6134969325153374,-0.18404907975460122,0.48466257668711654,-0.11042944785276074,0.7361963190184049,-0.06134969325153374,0.8834355828220859,-0.024539877300613498,1.0,-0.08588957055214724,0.44785276073619634,0.10429447852760736,0.6809815950920245,0.13496932515337423,0.6134969325153374,0.11042944785276074,0.5337423312883436,0.03067484662576687,0.3803680981595092,0.2085889570552147,0.5644171779141104,0.19631901840490798,0.49079754601226994,0.1411042944785276,0.4233128834355828,0.15337423312883436,0.3128834355828221,0.26380368098159507,0.4662576687116564,0.24539877300613497,0.4049079754601227,0.19631901840490798,0.34355828220858897
2,0.0,0.0,-0.1111111111111111,0.16049382716049382,-0.13580246913580246,0.38271604938271603,-0.06790123456790123,0.5432098765432098,0.030864197530864196,0.6296296296296297,-0.19135802469135801,0.49382716049382713,-0.11728395061728394,0.7407407407407407,-0.06790123456790123,0.8827160493827161,-0.037037037037037035,1.0,-0.09259259259259259,0.4506172839506173,0.09876543209876543,0.6728395061728395,0.12962962962962962,0.5987654320987654,0.09259259259259259,0.5185185185185185,0.024691358024691357,0.3888888888888889,0.19753086419753085,0.5555555555555556,0.19135802469135801,0.48148148148148145,0.13580246913580246,0.41358024691358025,0.14814814814814814,0.32098765432098764,0.25925925925925924,0.4567901234567901,0.24691358024691357,0.3888888888888889,0.2037037037037037,0.3333333333333333
2,0.0,0.0,-0.10429447852760736,0.1656441717791411,-0.1165644171779141,0.39263803680981596,-0.04294478527607362,0.5460122699386503,0.06134969325153374,0.6319018404907976,-0.1901840490797546,0.48466257668711654,-0.11042944785276074,0.7361963190184049,-0.06134969325153374,0.8773006134969326,-0.03067484662576687,1.0,-0.08588957055214724,0.44785276073619634,0.11042944785276074,0.6809815950920245,0.13496932515337423,0.6073619631901841,0.09815950920245399,0.5276073619631901,0.03680981595092025,0.38650306748466257,0.2085889570552147,0.558282208588957,0.19631901840490798,0.49079754601226994,0.147239263803681,0.4233128834355828,0.15950920245398773,0.31901840490797545,0.27607361963190186,0.4601226993865031,0.26380368098159507,0.3987730061349693,0.22085889570552147,0.3374233128834356
2,0.0,0.0,-0.11042944785276074,0.1656441717791411,-0.12883435582822086,0.3803680981595092,-0.06134969325153374,0.5276073619631901,0.03680981595092025,0.6073619631901841,-0.17791411042944785,0.49079754601226994,-0.09815950920245399,0.7361963190184049,-0.05521472392638037,0.8834355828220859,-0.024539877300613498,1.0,-0.0736196319018405,0.44171779141104295,0.12269938650306748,0.6625766871165644,0.1411042944785276,0.588957055214724,0.10429447852760736,0.50920245398773,0.049079754601226995,0.3803680981595092,0.22085889570552147,0.5460122699386503,0.20245398773006135,0.4723926380368098,0.147239263803681,0.4110429447852761,0.17177914110429449,0.3067484662576687,0.2883435582822086,0.4539877300613497,0.26993865030674846,0.39263803680981596,0.22699386503067484,0.32515337423312884
2,0.0,0.0,-0.10365853658536585,0.16463414634146342,-0.11585365853658537,0.3902439024390244,-0.03048780487804878,0.5487804878048781,0.07926829268292683,0.6341463414634146,-0.18292682926829268,0.49390243902439024,-0.10365853658536585,0.7378048780487805,-0.054878048780487805,0.8841463414634146,-0.018292682926829267,1.0,-0.07926829268292683,0.45121951219512196,0.11585365853658537,0.6646341463414634,0.13414634146341464,0.5853658536585366,0.09146341463414634,0.5060975609756098,0.04878048780487805,0.3902439024390244,0.21341463414634146,0.5609756097560976,0.1951219512195122,0.47560975609756095,0.1402439024390244,0.4146341463414634,0.17073170731707318,0.3170731707317073,0.27439024390243905,0.4573170731707317,0.25609756097560976,0.3902439024390244,0.21341463414634146,0.32926829268292684
3,0.0,0.0,-0.2702702702702703,-0.20270270270270271,-0.36486486486486486,-0.4594594594594595,-0.44594594594594594,-0.6216216216216216,-0.4864864864864865,-0.7972972972972973,0.04054054054054054,-0.9054054054054054,-0.33783783783783783,-0.972972972972973,-0.33783783783783783,-0.7297297297297297,-0.20270270270270271,-0.6081081081081081,0.0945945945945946,-0.9324324324324325,-0.36486486486486486,-0.9864864864864865,-0.35135135135135137,-0.7027027027027027,-0.1891891891891892,-0.6216216216216216,0.13513513513513514,-0.9324324324324325,-0.35135135135135137,-1.0,-0.33783783783783783,-0.7162162162162162,-0.17567567567567569,-0.6216216216216216,0.16216216216216217,-0.918918918918919,-0.2702702702702703,-0.9459459459459459,-0.2702702702702703,-0.7162162162162162,-0.13513513513513514,-0.6351351351351351
3,0.0,0.0,-0.2857142857142857,-0.2077922077922078,-0.37662337662337664,-0.4805194805194805,-0.45454545454545453,-0.6233766233766234,-0.5064935064935064,-0.8051948051948052,0.06493506493506493,-0.922077922077922,-0.33766233766233766,-0.987012987012987,-0.35064935064935066,-0.7402597402597403,-0.22077922077922077,-0.6363636363636364,0.11688311688311688,-0.935064935064935,-0.36363636363636365,-1.0,-0.35064935064935066,-0.7272727272727273,-0.2077922077922078,-0.6363636363636364,0.15584415584415584,-0.922077922077922,-0.33766233766233766,-1.0,-0.33766233766233766,-0.7142857142857143,-0.18181818181818182,-0.6363636363636364,0.14285714285714285,-0.8831168831168831,-0.2857142857142857,-0.922077922077922,-0.2727272727272727,-0.7012987012987013,-0.12987012987012986,-0.6233766233766234
3,0.0,0.0,-0.2702702702702703,-0.22972972972972974,-0.33783783783783783,-0.47297297297297297,-0.40540540540540543,-0.6351351351351351,-0.44594594594594594,-0.7972972972972973,0.04054054054054054,-0.8918918918918919,-0.28378378378378377,-0.9864864864864865,-0.2972972972972973,-0.7702702702702703,-0.1891891891891892,-0.6351351351351351,0.12162162162162163,-0.918918918918919,-0.3108108108108108,-1.0,-0.3108108108108108,-0.7297297297297297,-0.17567567567567569,-0.6216216216216216,0.1891891891891892,-0.918918918918919,-0.28378378378378377,-1.0,-0.28378378378378377,-0.7297297297297297,-0.13513513513513514,-0.6216216216216216,0.21621621621621623,-0.8918918918918919,-0.20270270270270271,-0.9324324324324325,-0.21621621621621623,-0.7297297297297297,-0.08108108108108109,-0.6351351351351351
3,0.0,0.0,-0.28,-0.2,-0.36,-0.4533333333333333,-0.44,-0.6133333333333333,-0.49333333333333335,-0.8,0.05333333333333334,-0.9066666666666666,-0.32,-0.9733333333333334,-0.36,-0.7333333333333333,-0.24,-0.5866666666666667,0.12,-0.92,-0.3333333333333333,-1.0,-0.36,-0.7066666666666667,-0.22666666666666666,-0.5866666666666667,0.16,-0.92,-0.32,-1.0,-0.3333333333333333,-0.7066666666666667,-0.18666666666666668,-0.6,0.17333333333333334,-0.88,-0.25333333333333335,-0.9333333333333333,-0.26666666666666666,-0.72,-0.13333333333333333,-0.6133333333333333
3,0.0,0.0,-0.30985915492957744,-0.2112676056338028,-0.43661971830985913,-0.49295774647887325,-0.49295774647887325,-0.6901408450704225,-0.49295774647887325,-0.8591549295774648,-0.18309859154929578,-0.9014084507042254,-0.4225352112676056,-0.971830985915493,-0.49295774647887325,-0.7887323943661971,-0.4647887323943662,-0.6197183098591549,-0.07042253521126761,-0.9436619718309859,-0.38028169014084506,-1.0,-0.43661971830985913,-0.7746478873239436,-0.38028169014084506,-0.6056338028169014,0.028169014084507043,-0.9577464788732394,-0.3380281690140845,-0.9859154929577465,-0.36619718309859156,-0.7605633802816901,-0.28169014084507044,-0.6056338028169014,0.11267605633802817,-0.9295774647887324,-0.2535211267605634,-0.9295774647887324,-0.28169014084507044,-0.7464788732394366,-0.19718309859154928,-0.6197183098591549
3,0.0,0.0,-0.275,-0.2375,-0.3375,-0.5,-0.4125,-0.65,-0.4625,-0.825,0.0625,-0.9375,-0.325,-1.0,-0.35,-0.7625,-0.25,-0.65,0.1125,-0.95,-0.3625,-0.9875,-0.3625,-0.7375,-0.2375,-0.65,0.125,-0.925,-0.35,-0.9625,-0.3625,-0.725,-0.225,-0.6375,0.1,-0.8875,-0.3125,-0.9125,-0.325,-0.7125,-0.2,-0.6125
3,0.0,0.0,-0.2631578947368421,-0.25,-0.34210526315789475,-0.5131578947368421,-0.42105263157894735,-0.6578947368421053,-0.4605263157894737,-0.8157894736842105,0.06578947368421052,-0.9605263157894737,-0.3157894736842105,-1.0,-0.34210526315789475,-0.7894736842105263,-0.2631578947368421,-0.6710526315789473,0.11842105263157894,-0.9736842105263158,-0.34210526315789475,-1.0,-0.35526315789473684,-0.75,-0.25,-0.6578947368421053,0.13157894736842105,-0.9605263157894737,-0.34210526315789475,-0.9736842105263158,-0.35526315789473684,-0.7368421052631579,-0.23684210526315788,-0.6447368421052632,0.09210526315789473,-0.9210526315789473,-0.3157894736842105,-0.9342105263157895,-0.32894736842105265,-0.7368421052631579,-0.2236842105263158,-0.6447368421052632
3,0.0,0.0,-0.30434782608695654,-0.18840579710144928,-0.42028985507246375,-0.4492753623188406,-0.463768115942029,-0.6376811594202898,-0.4492753623188406,-0.8115942028985508,-0.10144927536231885,-0.9130434782608695,-0.37681159420289856,-0.9855072463768116,-0.36231884057971014,-0.782608695652174,-0.2318840579710145,-0.6521739130434783,0.0,-0.9420289855072463,-0.37681159420289856,-1.0,-0.34782608695652173,-0.7536231884057971,-0.2028985507246377,-0.6521739130434783,0.10144927536231885,-0.9710144927536232,-0.3188405797101449,-1.0,-0.2898550724637681,-0.7391304347826086,-0.14492753623188406,-0.6521739130434783,0.18840579710144928,-0.9420289855072463,-0.21739130434782608,-0.9565217391304348,-0.21739130434782608,-0.7536231884057971,-0.08695652173913043,-0.6666666666666666
3,0.0,0.0,-0.25757575757575757,-0.18181818181818182,-0.3939393939393939,-0.4090909090909091,-0.48484848484848486,-0.5909090909090909,-0.4393939393939394,-0.7575757575757576,-0.09090909090909091,-0.8333333333333334,-0.30303030303030304,-0.9696969696969697,-0.36363636363636365,-0.7878787878787878,-0.30303030303030304,-0.5909090909090909,0.0,-0.8636363636363636,-0.2878787878787879,-1.0,-0.3333333333333333,-0.7424242424242424,-0.25757575757575757,-0.5606060606060606,0.12121212121212122,-0.8939393939393939,-0.24242424242424243,-1.0,-0.2727272727272727,-0.7424242424242424,-0.16666666666666666,-0.5606060606060606,0.22727272727272727,-0.8939393939393939,-0.15151515151515152,-1.0,-0.21212121212121213,-0.7727272727272727,-0.13636363636363635,-0.6060606060606061
3,0.0,0.0,-0.234375,-0.140625,-0.40625,-0.375,-0.484375,-0.5625,-0.4375,-0.734375,-0.125,-0.796875,-0.3125,-0.921875,-0.375,-0.71875,-0.328125,-0.515625,-0.03125,-0.84375,-0.28125,-0.96875,-0.34375,-0.6875,-0.265625,-0.5,0.078125,-0.90625,-0.234375,-1.0,-0.28125,-0.71875,-0.1875,-0.53125,0.203125,-0.921875,-0.109375,-1.0,-0.1875,-0.75,-0.109375,-0.578125
3,0.0,0.0,-0.2786885245901639,-0.08196721311475409,-0.47540983606557374,-0.32786885245901637,-0.5901639344262295,-0.5081967213114754,-0.6229508196721312,-0.7049180327868853,-0.16393442622950818,-0.8032786885245902,-0.4262295081967213,-0.9016393442622951,-0.47540983606557374,-0.6885245901639344,-0.39344262295081966,-0.5409836065573771,-0.08196721311475409,-0.8524590163934426,-0.39344262295081966,-0.9508196721311475,-0.4098360655737705,-0.6721311475409836,-0.29508196721311475,-0.5409836065573771,0.01639344262295082,-0.9180327868852459,-0.32786885245901637,-0.9836065573770492,-0.3442622950819672,-0.7049180327868853,-0.22950819672131148,-0.5901639344262295,0.13114754098360656,-0.9508196721311475,-0.19672131147540983,-1.0,-0.2459016393442623,-0.7704918032786885,-0.14754098360655737,-0.6557377049180327
3,0.0,0.0,-0.3,-0.13333333333333333,-0.45,-0.4,-0.5166666666666667,-0.6,-0.5,-0.8,-0.15,-0.85,-0.4,-0.9666666666666667,-0.45,-0.7333333333333333,-0.36666666666666664,-0.5166666666666667,-0.06666666666666667,-0.9,-0.4,-1.0,-0.4166666666666667,-0.7,-0.31666666666666665,-0.5,0.05,-0.95,-0.35,-1.0,-0.35,-0.6833333333333333,-0.21666666666666667,-0.5166666666666667,0.16666666666666666,-0.9833333333333333,-0.25,-0.9833333333333333,-0.25,-0.7333333333333333,-0.13333333333333333,-0.6
3,0.0,0.0,-0.26666666666666666,-0.11666666666666667,-0.4666666666666667,-0.38333333333333336,-0.55,-0.5833333333333334,-0.5166666666666667,-0.7666666666666667,-0.23333333333333334,-0.8,-0.43333333333333335,-0.9166666666666666,-0.48333333333333334,-0.7,-0.4166666666666667,-0.5,-0.11666666666666667,-0.8666666666666667,-0.4166666666666667,-0.9666666666666667,-0.43333333333333335,-0.6833333333333333,-0.3333333333333333,-0.48333333333333334,0.0,-0.9333333333333333,-0.35,-0.9833333333333333,-0.35,-0.7,-0.23333333333333334,-0.5,0.16666666666666666,-0.9666666666666667,-0.21666666666666667,-1.0,-0.25,-0.7666666666666667,-0.13333333333333333,-0.6166666666666667
3,0.0,0.0,-0.25806451612903225,-0.0967741935483871,-0.43548387096774194,-0.3548387096774194,-0.532258064516129,-0.532258064516129,-0.532258064516129,-0.7096774193548387,-0.0967741935483871,-0.8387096774193549,-0.3709677419354839,-0.9516129032258065,-0.43548387096774194,-0.7258064516129032,-0.3709677419354839,-0.532258064516129,-0.016129032258064516,-0.8870967741935484,-0.3709677419354839,-0.967741935483871,-0.41935483870967744,-0.6935483870967742,-0.3064516129032258,-0.532258064516129,0.06451612903225806,-0.9193548387096774,-0.3064516129032258,-1.0,-0.3548387096774194,-0.7096774193548387,-0.24193548387096775,-0.5483870967741935,0.16129032258064516,-0.9354838709677419,-0.20967741935483872,-0.9838709677419355,-0.25806451612903225,-0.7580645161290323,-0.1774193548387097,-0.6129032258064516
3,0.0,0.0,-0.2,-0.2,-0.35294117647058826,-0.4823529411764706,-0.4,-0.6941176470588235,-0.3058823529411765,-0.8,-0.11764705882352941,-0.8117647058823529,-0.2235294117647059,-1.0,-0.32941176470588235,-0.8352941176470589,-0.3411764705882353,-0.6705882352941176,0.0,-0.8235294117647058,-0.16470588235294117,-0.9647058823529412,-0.25882352941176473,-0.788235294117647,-0.25882352941176473,-0.6235294117647059,0.11764705882352941,-0.8117647058823529,-0.058823529411764705,-0.9294117647058824,-0.1411764705882353,-0.7411764705882353,-0.12941176470588237,-0.5882352941176471,0.24705882352941178,-0.7529411764705882,0.11764705882352941,-0.8352941176470589,0.047058823529411764,-0.7176470588235294,0.03529411764705882,-0.5882352941176471
3,0.0,0.0,-0.23529411764705882,-0.2,-0.3058823529411765,-0.4823529411764706,-0.32941176470588235,-0.6705882352941176,-0.3411764705882353,-0.8235294117647058,0.09411764705882353,-0.8823529411764706,-0.24705882352941178,-1.0,-0.4117647058823529,-0.8588235294117647,-0.43529411764705883,-0.7294117647058823,0.1411764705882353,-0.8470588235294118,-0.23529411764705882,-0.9647058823529412,-0.38823529411764707,-0.8117647058823529,-0.4,-0.6941176470588235,0.15294117647058825,-0.7647058823529411,-0.21176470588235294,-0.8705882352941177,-0.3411764705882353,-0.7294117647058823,-0.32941176470588235,-0.6235294117647059,0.10588235294117647,-0.6588235294117647,-0.17647058823529413,-0.7411764705882353,-0.27058823529411763,-0.6352941176470588,-0.24705882352941178,-0.5294117647058824
3,0.0,0.0,-0.25,-0.25,-0.358695652173913,-0.532608695652174,-0.3804347826086957,-0.7065217391304348,-0.33695652173913043,-0.8369565217391305,-0.021739130434782608,-0.9347826086956522,-0.358695652173913,-1.0,-0.4673913043478261,-0.8260869565217391,-0.45652173913043476,-0.6847826086956522,0.043478260869565216,-0.9130434782608695,-0.32608695652173914,-0.9456521739130435,-0.40217391304347827,-0.7608695652173914,-0.3695652173913043,-0.6304347826086957,0.06521739130434782,-0.8478260869565217,-0.2826086956521739,-0.8695652173913043,-0.31521739130434784,-0.6956521739130435,-0.25,-0.5869565217391305,0.06521739130434782,-0.7608695652173914,-0.21739130434782608,-0.7717391304347826,-0.2391304347826087,-0.6304347826086957,-0.17391304347826086,-0.5434782608695652
3,0.0,0.0,-0.24096385542168675,-0.24096385542168675,-0.3373493975903614,-0.5180722891566265,-0.39759036144578314,-0.6867469879518072,-0.42168674698795183,-0.8313253012048193,0.0963855421686747,-0.9397590361445783,-0.2891566265060241,-1.0,-0.40963855421686746,-0.8554216867469879,-0.40963855421686746,-0.7349397590361446,0.1566265060240964,-0.9156626506024096,-0.26506024096385544,-0.963855421686747,-0.37349397590361444,-0.8072289156626506,-0.37349397590361444,-0.6746987951807228,0.1566265060240964,-0.8313253012048193,-0.2289156626506024,-0.8795180722891566,-0.3132530120481928,-0.7228915662650602,-0.2891566265060241,-0.6024096385542169,0.13253012048192772,-0.7228915662650602,-0.18072289156626506,-0.7710843373493976,-0.24096385542168675,-0.6385542168674698,-0.21686746987951808,-0.5301204819277109
3,0.0,0.0,-0.2804878048780488,-0.2682926829268293,-0.4024390243902439,-0.5609756097560976,-0.47560975609756095,-0.7317073170731707,-0.5,-0.8658536585365854,0.06097560975609756,-0.9512195121951219,-0.34146341463414637,-1.0,-0.3780487804878049,-0.7804878048780488,-0.2926829268292683,-0.6707317073170732,0.12195121951219512,-0.9390243902439024,-0.34146341463414637,-0.975609756097561,-0.3780487804878049,-0.7560975609756098,-0.2804878048780488,-0.6585365853658537,0.14634146341463414,-0.8780487804878049,-0.3048780487804878,-0.926829268292683,-0.32926829268292684,-0.7195121951219512,-0.21951219512195122,-0.6341463414634146,0.12195121951219512,-0.7804878048780488,-0.23170731707317074,-0.8292682926829268,-0.2682926829268293,-0.6707317073170732,-0.18292682926829268,-0.5853658536585366
3,0.0,0.0,-0.25925925925925924,-0.2716049382716049,-0.38271604938271603,-0.5555555555555556,-0.4567901234567901,-0.7283950617283951,-0.41975308641975306,-0.8271604938271605,0.06172839506172839,-0.9506172839506173,-0.2962962962962963,-1.0,-0.345679012345679,-0.8024691358024691,-0.24691358024691357,-0.7160493827160493,0.14814814814814814,-0.9259259259259259,-0.2716049382716049,-0.9753086419753086,-0.30864197530864196,-0.7530864197530864,-0.19753086419753085,-0.6790123456790124,0.19753086419753085,-0.8641975308641975,-0.20987654320987653,-0.9135802469135802,-0.25925925925925924,-0.7160493827160493,-0.14814814814814814,-0.6419753086419753,0.20987654320987653,-0.7654320987654321,-0.12345679012345678,-0.8271604938271605,-0.1728395061728395,-0.6790123456790124,-0.08641975308641975,-0.5925925925925926
3,0.0,0.0,-0.2857142857142857,-0.24675324675324675,-0.44155844155844154,-0.5324675324675324,-0.4935064935064935,-0.7272727272727273,-0.4155844155844156,-0.8441558441558441,0.012987012987012988,-0.961038961038961,-0.3246753246753247,-1.0,-0.38961038961038963,-0.7662337662337663,-0.3246753246753247,-0.6493506493506493,0.12987012987012986,-0.948051948051948,-0.2597402597402597,-1.0,-0.3246753246753247,-0.7532467532467533,-0.23376623376623376,-0.6363636363636364,0.2077922077922078,-0.8961038961038961,-0.16883116883116883,-0.948051948051948,-0.24675324675324675,-0.7142857142857143,-0.14285714285714285,-0.6103896103896104,0.2597402597402597,-0.7922077922077922,-0.06493506493506493,-0.8571428571428571,-0.14285714285714285,-0.6883116883116883,-0.06493506493506493,-0.5844155844155844
3,0.0,0.0,-0.2602739726027397,-0.2054794520547945,-0.410958904109589,-0.4794520547945205,-0.4657534246575342,-0.684931506849315,-0.4383561643835616,-0.821917808219178,0.0136986301369863,-0.9178082191780822,-0.2876712328767123,-1.0,-0.3150684931506849,-0.7397260273972602,-0.2191780821917808,-0.6301369863013698,0.1095890410958904,-0.9178082191780822,-0.2465753424657534,-1.0,-0.2876712328767123,-0.7123287671232876,-0.1643835616438356,-0.6438356164383562,0.2054794520547945,-0.8904109589041096,-0.136986301369863,-0.9726027397260274,-0.2054794520547945,-0.6986301369863014,-0.0821917808219178,-0.6164383561643836,0.2876712328767123,-0.821917808219178,0.0,-0.9041095890410958,-0.0821917808219178,-0.7123287671232876,0.0136986301369863,-0.6164383561643836
3,0.0,0.0,-0.26666666666666666,-0.21333333333333335,-0.41333333333333333,-0.44,-0.49333333333333335,-0.6133333333333333,-0.52,-0.7866666666666666,-0.05333333333333334,-0.8666666666666667,-0.3333333333333333,-0.9733333333333334,-0.37333333333333335,-0.76,-0.28,-0.6266666666666667,0.013333333333333334,-0.8666666666666667,-0.30666666666666664,-1.0,-0.36,-0.7466666666666667,-0.25333333333333335,-0.64,0.09333333333333334,-0.8666666666666667,-0.24,-0.96,-0.28,-0.72,-0.16,-0.6266666666666667,0.18666666666666668,-0.8266666666666667,-0.10666666666666667,-0.9333333333333333,-0.16,-0.7466666666666667,-0.08,-0.64
3,0.0,0.0,-0.28378378378378377,-0.20270270270270271,-0.40540540540540543,-0.44594594594594594,-0.5135135135135135,-0.6081081081081081,-0.5405405405405406,-0.7837837837837838,0.013513513513513514,-0.8783783783783784,-0.32432432432432434,-0.972972972972973,-0.35135135135135137,-0.7297297297297297,-0.24324324324324326,-0.6216216216216216,0.08108108108108109,-0.8918918918918919,-0.3108108108108108,-0.9864864864864865,-0.32432432432432434,-0.7162162162162162,-0.1891891891891892,-0.6351351351351351,0.14864864864864866,-0.8918918918918919,-0.24324324324324326,-1.0,-0.2702702702702703,-0.7297297297297297,-0.13513513513513514,-0.6486486486486487,0.20270270270270271,-0.8648648648648649,-0.14864864864864866,-0.9459459459459459,-0.1891891891891892,-0.7432432432432432,-0.05405405405405406,-0.6486486486486487
3,0.0,0.0,-0.2222222222222222,-0.2222222222222222,-0.3333333333333333,-0.5,-0.3888888888888889,-0.6944444444444444,-0.4027777777777778,-0.8888888888888888,0.05555555555555555,-0.9027777777777778,-0.2361111111111111,-0.9861111111111112,-0.3055555555555556,-0.7916666666666666,-0.25,-0.6527777777777778,0.125,-0.9027777777777778,-0.19444444444444445,-1.0,-0.25,-0.7777777777777778,-0.18055555555555555,-0.6388888888888888,0.18055555555555555,-0.9027777777777778,-0.1527777777777778,-0.9861111111111112,-0.20833333333333334,-0.75,-0.125,-0.625,0.2361111111111111,-0.8611111111111112,-0.08333333333333333,-0.9444444444444444,-0.1388888888888889,-0.7361111111111112,-0.06944444444444445,-0.625
3,0.0,0.0,-0.36764705882352944,-0.11764705882352941,-0.6323529411764706,-0.3088235294117647,-0.7205882352941176,-0.4852941176470588,-0.7352941176470589,-0.6029411764705882,-0.4411764705882353,-0.7058823529411765,-0.5735294117647058,-0.8529411764705882,-0.5735294117647058,-0.6617647058823529,-0.4852941176470588,-0.5147058823529411,-0.3088235294117647,-0.7647058823529411,-0.47058823529411764,-0.9264705882352942,-0.47058823529411764,-0.6911764705882353,-0.36764705882352944,-0.5735294117647058,-0.14705882352941177,-0.8235294117647058,-0.3382352941176471,-0.9705882352941176,-0.35294117647058826,-0.75,-0.25,-0.6323529411764706,0.058823529411764705,-0.8676470588235294,-0.17647058823529413,-1.0,-0.20588235294117646,-0.8088235294117647,-0.14705882352941177,-0.6764705882352942
3,0.0,0.0,-0.3492063492063492,0.0,-0.6666666666666666,-0.20634920634920634,-0.7777777777777778,-0.4603174603174603,-0.6666666666666666,-0.6190476190476191,-0.4603174603174603,-0.6666666666666666,-0.5714285714285714,-0.8412698412698413,-0.5238095238095238,-0.5873015873015873,-0.4603174603174603,-0.49206349206349204,-0.2857142857142857,-0.746031746031746,-0.4444444444444444,-0.9365079365079365,-0.3968253968253968,-0.6190476190476191,-0.2857142857142857,-0.5555555555555556,-0.09523809523809523,-0.8095238095238095,-0.25396825396825395,-1.0,-0.2222222222222222,-0.6825396825396826,-0.14285714285714285,-0.6031746031746031,0.14285714285714285,-0.8412698412698413,-0.031746031746031744,-1.0,-0.031746031746031744,-0.7619047619047619,0.031746031746031744,-0.6666666666666666
3,0.0,0.0,-0.3492063492063492,0.0,-0.6825396825396826,-0.20634920634920634,-0.8253968253968254,-0.4603174603174603,-0.7142857142857143,-0.5873015873015873,-0.47619047619047616,-0.6666666666666666,-0.5873015873015873,-0.8412698412698413,-0.5555555555555556,-0.6031746031746031,-0.5079365079365079,-0.5238095238095238,-0.30158730158730157,-0.746031746031746,-0.42857142857142855,-0.9365079365079365,-0.3968253968253968,-0.6507936507936508,-0.31746031746031744,-0.6031746031746031,-0.09523809523809523,-0.8095238095238095,-0.2222222222222222,-1.0,-0.2222222222222222,-0.6984126984126984,-0.14285714285714285,-0.6349206349206349,0.14285714285714285,-0.8412698412698413,0.0,-1.0,-0.015873015873015872,-0.7936507936507936,0.047619047619047616,-0.6984126984126984
3,0.0,0.0,-0.390625,-0.0625,-0.734375,-0.28125,-0.859375,-0.53125,-0.78125,-0.640625,-0.5,-0.703125,-0.65625,-0.84375,-0.59375,-0.625,-0.515625,-0.546875,-0.3125,-0.78125,-0.46875,-0.90625,-0.421875,-0.65625,-0.328125,-0.59375,-0.09375,-0.828125,-0.265625,-0.953125,-0.25,-0.703125,-0.171875,-0.65625,0.140625,-0.84375,-0.046875,-1.0,-0.0625,-0.796875,0.0,-0.71875
3,0.0,0.0,-0.375,-0.078125,-0.671875,-0.296875,-0.78125,-0.53125,-0.71875,-0.65625,-0.453125,-0.75,-0.546875,-0.9375,-0.53125,-0.703125,-0.5,-0.609375,-0.234375,-0.78125,-0.359375,-0.984375,-0.359375,-0.6875,-0.296875,-0.625,0.0,-0.796875,-0.125,-1.0,-0.15625,-0.71875,-0.109375,-0.640625,0.234375,-0.78125,0.109375,-0.953125,0.046875,-0.75,0.078125,-0.65625
3,0.0,0.0,-0.26229508196721313,-0.09836065573770492,-0.5081967213114754,-0.3770491803278688,-0.6065573770491803,-0.6065573770491803,-0.5901639344262295,-0.7540983606557377,-0.2786885245901639,-0.7704918032786885,-0.32786885245901637,-0.9672131147540983,-0.3442622950819672,-0.7868852459016393,-0.3114754098360656,-0.6229508196721312,-0.08196721311475409,-0.819672131147541,-0.18032786885245902,-1.0,-0.19672131147540983,-0.8032786885245902,-0.16393442622950818,-0.639344262295082,0.09836065573770492,-0.819672131147541,0.01639344262295082,-1.0,-0.03278688524590164,-0.819672131147541,0.0,-0.6557377049180327,0.29508196721311475,-0.8032786885245902,0.21311475409836064,-0.9672131147540983,0.14754098360655737,-0.819672131147541,0.16393442622950818,-0.6721311475409836
3,0.0,0.0,-0.18032786885245902,-0.16393442622950818,-0.32786885245901637,-0.4918032786885246,-0.4262295081967213,-0.7213114754098361,-0.4098360655737705,-0.8360655737704918,0.06557377049180328,-0.8524590163934426,-0.13114754098360656,-1.0,-0.22950819672131148,-0.819672131147541,-0.22950819672131148,-0.6721311475409836,0.21311475409836064,-0.8360655737704918,-0.04918032786885246,-0.9836065573770492,-0.16393442622950818,-0.7704918032786885,-0.14754098360655737,-0.6065573770491803,0.3442622950819672,-0.7868852459016393,0.08196721311475409,-0.9180327868852459,-0.03278688524590164,-0.7213114754098361,-0.03278688524590164,-0.5573770491803278,0.45901639344262296,-0.7213114754098361,0.19672131147540983,-0.8524590163934426,0.09836065573770492,-0.7049180327868853,0.09836065573770492,-0.5573770491803278
3,0.0,0.0,-0.22580645161290322,-0.1774193548387097,-0.3225806451612903,-0.4838709677419355,-0.41935483870967744,-0.6774193548387096,-0.4032258064516129,-0.8225806451612904,0.22580645161290322,-0.9032258064516129,-0.16129032258064516,-1.0,-0.24193548387096775,-0.7741935483870968,-0.14516129032258066,-0.6129032258064516,0.3225806451612903,-0.9032258064516129,-0.12903225806451613,-1.0,-0.22580645161290322,-0.7419354838709677,-0.11290322580645161,-0.6129032258064516,0.3870967741935484,-0.8709677419354839,-0.06451612903225806,-0.9516129032258065,-0.14516129032258066,-0.6935483870967742,-0.04838709677419355,-0.5806451612903226,0.4032258064516129,-0.7741935483870968,0.016129032258064516,-0.8387096774193549,-0.08064516129032258,-0.6290322580645161,0.016129032258064516,-0.5
3,0.0,0.0,-0.2413793103448276,-0.10344827586206896,-0.41379310344827586,-0.39655172413793105,-0.5,-0.6379310344827587,-0.5,-0.8275862068965517,-0.1724137931034483,-0.8103448275862069,-0.25862068965517243,-0.9827586206896551,-0.3103448275862069,-0.7931034482758621,-0.3103448275862069,-0.6379310344827587,-0.017241379310344827,-0.8275862068965517,-0.10344827586206896,-1.0,-0.1724137931034483,-0.7758620689655172,-0.15517241379310345,-0.6206896551724138,0.15517241379310345,-0.8103448275862069,0.06896551724137931,-0.9655172413793104,-0.017241379310344827,-0.7758620689655172,-0.017241379310344827,-0.603448275862069,0.3103448275862069,-0.7758620689655172,0.20689655172413793,-0.9137931034482759,0.1206896551724138,-0.7758620689655172,0.1206896551724138,-0.6379310344827587
3,0.0,0.0,-0.2,-0.14285714285714285,-0.2714285714285714,-0.4714285714285714,-0.2714285714285714,-0.6857142857142857,-0.2857142857142857,-0.8428571428571429,0.11428571428571428,-0.8428571428571429,-0.11428571428571428,-1.0,-0.3,-0.9142857142857143,-0.37142857142857144,-0.7857142857142857,0.18571428571428572,-0.8285714285714286,-0.07142857142857142,-1.0,-0.2571428571428571,-0.8714285714285714,-0.32857142857142857,-0.7571428571428571,0.22857142857142856,-0.7857142857142857,-0.014285714285714285,-0.9285714285714286,-0.2,-0.8142857142857143,-0.2571428571428571,-0.6857142857142857,0.24285714285714285,-0.7,0.02857142857142857,-0.8428571428571429,-0.11428571428571428,-0.7571428571428571,-0.15714285714285714,-0.6571428571428571
3,0.0,0.0,-0.20512820512820512,-0.1794871794871795,-0.2948717948717949,-0.48717948717948717,-0.34615384615384615,-0.6923076923076923,-0.3333333333333333,-0.8461538461538461,0.08974358974358974,-0.8846153846153846,-0.1794871794871795,-1.0,-0.32051282051282054,-0.8333333333333334,-0.3333333333333333,-0.6794871794871795,0.16666666666666666,-0.8461538461538461,-0.11538461538461539,-0.9743589743589743,-0.2692307692307692,-0.782051282051282,-0.28205128205128205,-0.6282051282051282,0.23076923076923078,-0.7692307692307693,-0.038461538461538464,-0.8846153846153846,-0.1794871794871795,-0.7051282051282052,-0.1794871794871795,-0.5641025641025641,0.2564102564102564,-0.6538461538461539,0.038461538461538464,-0.7692307692307693,-0.07692307692307693,-0.6410256410256411,-0.07692307692307693,-0.5128205128205128
3,0.0,0.0,0.22807017543859648,-0.10526315789473684,0.2982456140350877,-0.2982456140350877,0.19298245614035087,-0.5263157894736842,0.03508771929824561,-0.6491228070175439,0.42105263157894735,-0.7894736842105263,0.12280701754385964,-0.7017543859649122,-0.05263157894736842,-0.47368421052631576,-0.08771929824561403,-0.21052631578947367,0.2631578947368421,-0.9298245614035088,-0.08771929824561403,-0.8070175438596491,-0.22807017543859648,-0.543859649122807,-0.2631578947368421,-0.2631578947368421,0.05263157894736842,-0.9824561403508771,-0.2807017543859649,-0.8596491228070176,-0.38596491228070173,-0.5789473684210527,-0.40350877192982454,-0.3157894736842105,-0.14035087719298245,-1.0,-0.47368421052631576,-0.9649122807017544,-0.5263157894736842,-0.7368421052631579,-0.5087719298245614,-0.5087719298245614
3,0.0,0.0,0.22641509433962265,0.07547169811320754,0.3584905660377358,-0.018867924528301886,0.41509433962264153,-0.1509433962264151,0.41509433962264153,-0.24528301886792453,0.5094339622641509,-0.5849056603773585,0.18867924528301888,-0.6415094339622641,-0.018867924528301886,-0.49056603773584906,-0.11320754716981132,-0.2830188679245283,0.33962264150943394,-0.7735849056603774,-0.03773584905660377,-0.7547169811320755,-0.20754716981132076,-0.5660377358490566,-0.2641509433962264,-0.33962264150943394,0.1509433962264151,-0.9056603773584906,-0.20754716981132076,-0.8679245283018868,-0.3584905660377358,-0.660377358490566,-0.4339622641509434,-0.4528301886792453,0.0,-0.9811320754716981,-0.32075471698113206,-1.0,-0.4528301886792453,-0.8490566037735849,-0.5094339622641509,-0.6792452830188679
3,0.0,0.0,0.23333333333333334,-0.1,0.3333333333333333,-0.31666666666666665,0.2833333333333333,-0.5166666666666667,0.15,-0.65,0.45,-0.6666666666666666,0.11666666666666667,-0.7166666666666667,-0.06666666666666667,-0.55,-0.13333333333333333,-0.31666666666666665,0.31666666666666665,-0.8333333333333334,-0.1,-0.85,-0.25,-0.6,-0.2833333333333333,-0.36666666666666664,0.15,-0.95,-0.26666666666666666,-0.9333333333333333,-0.38333333333333336,-0.6833333333333333,-0.4,-0.4666666666666667,-0.05,-1.0,-0.4166666666666667,-1.0,-0.48333333333333334,-0.7833333333333333,-0.45,-0.6166666666666667
3,0.0,0.0,0.22033898305084745,-0.11864406779661017,0.23728813559322035,-0.288135593220339,0.13559322033898305,-0.423728813559322,-0.05084745762711865,-0.4745762711864407,0.3559322033898305,-0.6271186440677966,-0.01694915254237288,-0.5254237288135594,-0.1864406779661017,-0.2542372881355932,-0.22033898305084745,0.03389830508474576,0.2542372881355932,-0.7966101694915254,-0.13559322033898305,-0.6610169491525424,-0.288135593220339,-0.3559322033898305,-0.3389830508474576,-0.0847457627118644,0.1016949152542373,-0.9152542372881356,-0.3050847457627119,-0.8135593220338984,-0.4067796610169492,-0.5084745762711864,-0.4406779661016949,-0.2711864406779661,-0.1016949152542373,-1.0,-0.4576271186440678,-0.9661016949152542,-0.5254237288135594,-0.7457627118644068,-0.5084745762711864,-0.559322033898305
3,0.0,0.0,-0.17475728155339806,-0.0970873786407767,-0.2524271844660194,-0.2815533980582524,-0.2815533980582524,-0.4077669902912621,-0.2912621359223301,-0.5145631067961165,-0.038834951456310676,-0.5631067961165048,-0.13592233009708737,-0.7087378640776699,-0.21359223300970873,-0.6213592233009708,-0.20388349514563106,-0.5145631067961165,0.04854368932038835,-0.6019417475728155,-0.08737864077669903,-0.7378640776699029,-0.18446601941747573,-0.6019417475728155,-0.1650485436893204,-0.4854368932038835,0.1553398058252427,-0.6213592233009708,-0.009708737864077669,-0.7572815533980582,-0.10679611650485436,-0.6407766990291263,-0.0970873786407767,-0.5339805825242718,0.2815533980582524,-0.6407766990291263,0.2815533980582524,-0.8543689320388349,0.2912621359223301,-0.9514563106796117,0.3300970873786408,-1.0
3,0.0,0.0,-0.25,-0.14473684210526316,-0.34210526315789475,-0.34210526315789475,-0.40789473684210525,-0.5131578947368421,-0.40789473684210525,-0.6578947368421053,-0.05263157894736842,-0.6578947368421053,-0.21052631578947367,-0.8421052631578947,-0.2894736842105263,-0.7368421052631579,-0.2631578947368421,-0.5789473684210527,0.039473684210526314,-0.7368421052631579,-0.18421052631578946,-0.9342105263157895,-0.2631578947368421,-0.7763157894736842,-0.2236842105263158,-0.631578947368421,0.11842105263157894,-0.8026315789473685,-0.14473684210526316,-1.0,-0.2236842105263158,-0.8289473684210527,-0.17105263157894737,-0.6842105263157895,0.19736842105263158,-0.8552631578947368,-0.10526315789473684,-1.0,-0.17105263157894737,-0.8552631578947368,-0.13157894736842105,-0.7105263157894737
3,0.0,0.0,-0.22077922077922077,-0.12987012987012986,-0.36363636363636365,-0.36363636363636365,-0.44155844155844154,-0.5454545454545454,-0.4805194805194805,-0.6883116883116883,0.0,-0.7792207792207793,-0.2077922077922078,-0.987012987012987,-0.33766233766233766,-0.8181818181818182,-0.3246753246753247,-0.6233766233766234,0.07792207792207792,-0.8181818181818182,-0.19480519480519481,-1.0,-0.3246753246753247,-0.7792207792207793,-0.2857142857142857,-0.5974025974025974,0.14285714285714285,-0.8311688311688312,-0.15584415584415584,-0.987012987012987,-0.2727272727272727,-0.7662337662337663,-0.23376623376623376,-0.5974025974025974,0.19480519480519481,-0.8181818181818182,-0.09090909090909091,-0.922077922077922,-0.19480519480519481,-0.7402597402597403,-0.16883116883116883,-0.5844155844155844
3,0.0,0.0,-0.24193548387096775,-0.0967741935483871,-0.41935483870967744,-0.3548387096774194,-0.5161290322580645,-0.5806451612903226,-0.532258064516129,-0.7741935483870968,-0.03225806451612903,-0.7580645161290323,-0.27419354838709675,-0.9516129032258065,-0.3709677419354839,-0.7741935483870968,-0.3387096774193548,-0.5806451612903226,0.03225806451612903,-0.7903225806451613,-0.22580645161290322,-0.9838709677419355,-0.3387096774193548,-0.7903225806451613,-0.2903225806451613,-0.6290322580645161,0.0967741935483871,-0.8387096774193549,-0.16129032258064516,-1.0,-0.27419354838709675,-0.8064516129032258,-0.22580645161290322,-0.6451612903225806,0.1774193548387097,-0.8548387096774194,-0.0967741935483871,-0.9838709677419355,-0.1935483870967742,-0.8225806451612904,-0.16129032258064516,-0.6612903225806451
3,0.0,0.0,-0.2111111111111111,-0.2111111111111111,-0.25555555555555554,-0.5,-0.26666666666666666,-0.6888888888888889,-0.25555555555555554,-0.8333333333333334,0.18888888888888888,-0.8,-0.03333333333333333,-0.9888888888888889,-0.16666666666666666,-0.8555555555555555,-0.17777777777777778,-0.7,0.24444444444444444,-0.8111111111111111,-0.011111111111111112,-1.0,-0.15555555555555556,-0.8555555555555555,-0.14444444444444443,-0.7111111111111111,0.25555555555555554,-0.7888888888888889,0.0,-0.9666666666666667,-0.13333333333333333,-0.8333333333333334,-0.12222222222222222,-0.7,0.2222222222222222,-0.7444444444444445,-0.011111111111111112,-0.8888888888888888,-0.12222222222222222,-0.7777777777777778,-0.1,-0.6666666666666666
3,0.0,0.0,-0.2289156626506024,-0.25301204819277107,-0.30120481927710846,-0.5421686746987951,-0.3493975903614458,-0.7228915662650602,-0.3373493975903614,-0.8674698795180723,0.1686746987951807,-0.927710843373494,-0.2289156626506024,-1.0,-0.26506024096385544,-0.7710843373493976,-0.1686746987951807,-0.6626506024096386,0.2289156626506024,-0.9156626506024096,-0.2289156626506024,-0.9759036144578314,-0.26506024096385544,-0.7349397590361446,-0.14457831325301204,-0.6506024096385542,0.26506024096385544,-0.8795180722891566,-0.18072289156626506,-0.9397590361445783,-0.21686746987951808,-0.7108433734939759,-0.10843373493975904,-0.6265060240963856,0.26506024096385544,-0.8072289156626506,-0.10843373493975904,-0.8554216867469879,-0.14457831325301204,-0.6867469879518072,-0.060240963855421686,-0.5903614457831325
3,0.0,0.0,-0.23170731707317074,-0.25609756097560976,-0.3048780487804878,-0.5487804878048781,-0.35365853658536583,-0.7073170731707317,-0.35365853658536583,-0.8536585365853658,0.17073170731707318,-0.9146341463414634,-0.21951219512195122,-1.0,-0.25609756097560976,-0.7682926829268293,-0.15853658536585366,-0.6585365853658537,0.23170731707317074,-0.9146341463414634,-0.2073170731707317,-0.9878048780487805,-0.24390243902439024,-0.7439024390243902,-0.13414634146341464,-0.6463414634146342,0.25609756097560976,-0.8902439024390244,-0.17073170731707318,-0.9634146341463414,-0.2073170731707317,-0.7195121951219512,-0.0975609756097561,-0.6219512195121951,0.25609756097560976,-0.8292682926829268,-0.0975609756097561,-0.9024390243902439,-0.14634146341463414,-0.7073170731707317,-0.04878048780487805,-0.6097560975609756
3,0.0,0.0,-0.21686746987951808,-0.25301204819277107,-0.30120481927710846,-0.5542168674698795,-0.37349397590361444,-0.7349397590361446,-0.3614457831325301,-0.8674698795180723,0.1686746987951807,-0.9036144578313253,-0.20481927710843373,-1.0,-0.25301204819277107,-0.7951807228915663,-0.1566265060240964,-0.6867469879518072,0.2289156626506024,-0.891566265060241,-0.20481927710843373,-0.9759036144578314,-0.24096385542168675,-0.7590361445783133,-0.13253012048192772,-0.6626506024096386,0.25301204819277107,-0.8674698795180723,-0.1686746987951807,-0.9518072289156626,-0.20481927710843373,-0.7469879518072289,-0.10843373493975904,-0.6506024096385542,0.24096385542168675,-0.8072289156626506,-0.0963855421686747,-0.8795180722891566,-0.14457831325301204,-0.7228915662650602,-0.07228915662650602,-0.6265060240963856
3,0.0,0.0,-0.21176470588235294,-0.25882352941176473,-0.3058823529411765,-0.5647058823529412,-0.3764705882352941,-0.7411764705882353,-0.3411764705882353,-0.8823529411764706,0.16470588235294117,-0.9058823529411765,-0.18823529411764706,-1.0,-0.23529411764705882,-0.788235294117647,-0.15294117647058825,-0.6705882352941176,0.23529411764705882,-0.8823529411764706,-0.16470588235294117,-0.9764705882352941,-0.2235294117647059,-0.7529411764705882,-0.12941176470588237,-0.6470588235294118,0.2823529411764706,-0.8352941176470589,-0.11764705882352941,-0.9294117647058824,-0.16470588235294117,-0.7176470588235294,-0.08235294117647059,-0.611764705882353,0.29411764705882354,-0.7411764705882353,-0.023529411764705882,-0.8352941176470589,-0.09411764705882353,-0.6823529411764706,-0.03529411764705882,-0.5764705882352941
3,0.0,0.0,-0.21686746987951808,-0.25301204819277107,-0.3132530120481928,-0.5783132530120482,-0.3855421686746988,-0.7831325301204819,-0.3373493975903614,-0.9036144578313253,0.14457831325301204,-0.891566265060241,-0.1566265060240964,-1.0,-0.20481927710843373,-0.7951807228915663,-0.13253012048192772,-0.6746987951807228,0.2289156626506024,-0.8795180722891566,-0.10843373493975904,-0.9879518072289156,-0.18072289156626506,-0.7710843373493976,-0.0963855421686747,-0.6506024096385542,0.30120481927710846,-0.8433734939759037,-0.04819277108433735,-0.9397590361445783,-0.10843373493975904,-0.7228915662650602,-0.024096385542168676,-0.6265060240963856,0.3493975903614458,-0.7590361445783133,0.04819277108433735,-0.8554216867469879,-0.012048192771084338,-0.6867469879518072,0.060240963855421686,-0.5903614457831325
3,0.0,0.0,0.24193548387096775,-0.20967741935483872,0.3548387096774194,-0.5483870967741935,0.5,-0.7419354838709677,0.5645161290322581,-0.8548387096774194,-0.1935483870967742,-0.9193548387096774,0.0967741935483871,-0.9838709677419355,0.24193548387096775,-0.8225806451612904,0.24193548387096775,-0.7580645161290323,-0.2903225806451613,-0.9032258064516129,0.06451612903225806,-1.0,0.20967741935483872,-0.8225806451612904,0.1935483870967742,-0.7903225806451613,-0.3548387096774194,-0.8387096774193549,0.016129032258064516,-0.9838709677419355,0.1774193548387097,-0.8225806451612904,0.16129032258064516,-0.7580645161290323,-0.3548387096774194,-0.7580645161290323,-0.03225806451612903,-0.9193548387096774,0.11290322580645161,-0.7903225806451613,0.11290322580645161,-0.7096774193548387
3,0.0,0.0,0.25,-0.1346153846153846,0.40384615384615385,-0.5,0.5576923076923077,-0.75,0.5961538461538461,-0.8653846153846154,-0.1346153846153846,-0.8461538461538461,0.11538461538461539,-0.9615384615384616,0.2692307692307692,-0.8653846153846154,0.28846153846153844,-0.8076923076923077,-0.2692307692307692,-0.8653846153846154,0.0,-1.0,0.15384615384615385,-0.8846153846153846,0.17307692307692307,-0.8653846153846154,-0.38461538461538464,-0.8269230769230769,-0.1346153846153846,-1.0,0.057692307692307696,-0.9038461538461539,0.09615384615384616,-0.8653846153846154,-0.4807692307692308,-0.75,-0.23076923076923078,-0.9615384615384616,-0.038461538461538464,-0.9038461538461539,0.019230769230769232,-0.8653846153846154
3,0.0,0.0,0.2631578947368421,-0.15789473684210525,0.40350877192982454,-0.43859649122807015,0.5263157894736842,-0.6491228070175439,0.5789473684210527,-0.7894736842105263,-0.05263157894736842,-0.9824561403508771,0.3333333333333333,-1.0,0.3333333333333333,-0.7368421052631579,0.21052631578947367,-0.631578947368421,-0.17543859649122806,-0.9824561403508771,0.2631578947368421,-1.0,0.2807017543859649,-0.7017543859649122,0.15789473684210525,-0.5964912280701754,-0.2807017543859649,-0.9298245614035088,0.15789473684210525,-0.9824561403508771,0.19298245614035087,-0.7017543859649122,0.08771929824561403,-0.5789473684210527,-0.3508771929824561,-0.8421052631578947,0.03508771929824561,-0.9122807017543859,0.08771929824561403,-0.7017543859649122,0.017543859649122806,-0.5789473684210527
3,0.0,0.0,0.2631578947368421,-0.15789473684210525,0.43859649122807015,-0.43859649122807015,0.5263157894736842,-0.6666666666666666,0.5263157894736842,-0.8070175438596491,0.10526315789473684,-0.8596491228070176,0.2982456140350877,-1.0,0.3684210526315789,-0.8070175438596491,0.3333333333333333,-0.631578947368421,-0.05263157894736842,-0.8596491228070176,0.19298245614035087,-1.0,0.2631578947368421,-0.7719298245614035,0.22807017543859648,-0.5964912280701754,-0.19298245614035087,-0.8596491228070176,0.03508771929824561,-0.9824561403508771,0.14035087719298245,-0.7719298245614035,0.14035087719298245,-0.5964912280701754,-0.3508771929824561,-0.8070175438596491,-0.12280701754385964,-0.9649122807017544,0.0,-0.8070175438596491,0.03508771929824561,-0.6491228070175439
3,0.0,0.0,0.3018867924528302,-0.1320754716981132,0.4716981132075472,-0.4528301886792453,0.6037735849056604,-0.6981132075471698,0.6037735849056604,-0.8490566037735849,0.1509433962264151,-0.7924528301886793,0.2830188679245283,-1.0,0.32075471698113206,-0.8301886792452831,0.2641509433962264,-0.6981132075471698,-0.03773584905660377,-0.7735849056603774,0.11320754716981132,-0.9622641509433962,0.1320754716981132,-0.7924528301886793,0.07547169811320754,-0.7169811320754716,-0.20754716981132076,-0.7358490566037735,-0.09433962264150944,-0.9245283018867925,-0.05660377358490566,-0.8301886792452831,-0.1320754716981132,-0.7924528301886793,-0.39622641509433965,-0.660377358490566,-0.3584905660377358,-0.8490566037735849,-0.32075471698113206,-0.8490566037735849,-0.37735849056603776,-0.8679245283018868
3,0.0,0.0,0.21153846153846154,-0.15384615384615385,0.34615384615384615,-0.4230769230769231,0.4807692307692308,-0.6538461538461539,0.5576923076923077,-0.8076923076923077,-0.038461538461538464,-0.4807692307692308,-0.17307692307692307,-0.7115384615384616,-0.25,-0.8653846153846154,-0.3076923076923077,-1.0,-0.21153846153846154,-0.4423076923076923,-0.3269230769230769,-0.6730769230769231,-0.38461538461538464,-0.8461538461538461,-0.46153846153846156,-1.0,-0.3269230769230769,-0.4230769230769231,-0.4230769230769231,-0.6730769230769231,-0.5,-0.8461538461538461,-0.5576923076923077,-1.0,-0.40384615384615385,-0.40384615384615385,-0.4807692307692308,-0.6153846153846154,-0.5384615384615384,-0.7884615384615384,-0.5769230769230769,-0.9230769230769231
3,0.0,0.0,0.17857142857142858,-0.14285714285714285,0.2857142857142857,-0.35714285714285715,0.30357142857142855,-0.5357142857142857,0.2857142857142857,-0.6607142857142857,-0.08928571428571429,-0.5,-0.23214285714285715,-0.7142857142857143,-0.32142857142857145,-0.875,-0.39285714285714285,-1.0,-0.23214285714285715,-0.42857142857142855,-0.375,-0.6607142857142857,-0.4642857142857143,-0.8214285714285714,-0.5357142857142857,-0.9464285714285714,-0.32142857142857145,-0.375,-0.44642857142857145,-0.5714285714285714,-0.5178571428571429,-0.7142857142857143,-0.5892857142857143,-0.8392857142857143,-0.39285714285714285,-0.30357142857142855,-0.5,-0.48214285714285715,-0.5714285714285714,-0.6071428571428571,-0.6071428571428571,-0.6964285714285714
3,0.0,0.0,0.3875,-0.2125,0.6,-0.4375,0.7125,-0.6125,0.6375,-0.725,0.225,-0.9375,0.5125,-0.975,0.475,-0.7625,0.3625,-0.65,0.1125,-0.975,0.45,-0.9875,0.425,-0.7375,0.3,-0.6375,-0.0125,-1.0,0.35,-1.0,0.3375,-0.75,0.2,-0.65,-0.15,-0.9875,0.2,-1.0,0.225,-0.8125,0.1375,-0.725
3,0.0,0.0,0.3611111111111111,-0.125,0.5833333333333334,-0.3055555555555556,0.7083333333333334,-0.4722222222222222,0.6527777777777778,-0.5972222222222222,0.3333333333333333,-0.7083333333333334,0.5138888888888888,-0.875,0.5138888888888888,-0.6805555555555556,0.4305555555555556,-0.5416666666666666,0.2222222222222222,-0.7777777777777778,0.4027777777777778,-0.9305555555555556,0.4027777777777778,-0.6944444444444444,0.3194444444444444,-0.5416666666666666,0.06944444444444445,-0.8333333333333334,0.2916666666666667,-0.9861111111111112,0.2916666666666667,-0.75,0.20833333333333334,-0.5972222222222222,-0.125,-0.875,0.09722222222222222,-1.0,0.1388888888888889,-0.8194444444444444,0.08333333333333333,-0.6944444444444444
3,0.0,0.0,0.34285714285714286,-0.05714285714285714,0.5857142857142857,-0.2857142857142857,0.7142857142857143,-0.5142857142857142,0.5857142857142857,-0.6285714285714286,0.32857142857142857,-0.7,0.5428571428571428,-0.8571428571428571,0.44285714285714284,-0.6428571428571429,0.32857142857142857,-0.5571428571428572,0.18571428571428572,-0.7714285714285715,0.37142857142857144,-0.9285714285714286,0.2857142857142857,-0.6714285714285714,0.21428571428571427,-0.6,0.02857142857142857,-0.8285714285714286,0.18571428571428572,-0.9857142857142858,0.14285714285714285,-0.7428571428571429,0.1,-0.6571428571428571,-0.15714285714285714,-0.8714285714285714,-0.04285714285714286,-1.0,-0.05714285714285714,-0.8285714285714286,-0.08571428571428572,-0.7285714285714285
3,0.0,0.0,0.3287671232876712,-0.0684931506849315,0.5342465753424658,-0.2602739726027397,0.6164383561643836,-0.4246575342465753,0.5205479452054794,-0.547945205479452,0.2876712328767123,-0.6438356164383562,0.4520547945205479,-0.7808219178082192,0.410958904109589,-0.6027397260273972,0.3150684931506849,-0.4931506849315068,0.1643835616438356,-0.726027397260274,0.3287671232876712,-0.8493150684931506,0.2876712328767123,-0.6301369863013698,0.1917808219178082,-0.5342465753424658,0.0136986301369863,-0.7945205479452054,0.1780821917808219,-0.9452054794520548,0.1643835616438356,-0.726027397260274,0.0821917808219178,-0.6301369863013698,-0.1780821917808219,-0.8493150684931506,-0.0273972602739726,-1.0,-0.0136986301369863,-0.8356164383561644,-0.0547945205479452,-0.7397260273972602
3,0.0,0.0,0.3333333333333333,-0.09333333333333334,0.52,-0.32,0.64,-0.48,0.5866666666666667,-0.6133333333333333,0.24,-0.76,0.41333333333333333,-0.8666666666666667,0.4266666666666667,-0.68,0.36,-0.52,0.12,-0.8266666666666667,0.32,-0.9333333333333333,0.3466666666666667,-0.6933333333333334,0.28,-0.5466666666666666,-0.04,-0.8666666666666667,0.2,-1.0,0.24,-0.7466666666666667,0.17333333333333334,-0.5866666666666667,-0.22666666666666666,-0.88,0.02666666666666667,-1.0,0.10666666666666667,-0.8,0.08,-0.6533333333333333
3,0.0,0.0,0.3142857142857143,-0.12857142857142856,0.5,-0.35714285714285715,0.6142857142857143,-0.5428571428571428,0.5428571428571428,-0.7,0.17142857142857143,-0.8,0.38571428571428573,-0.9285714285714286,0.4142857142857143,-0.7428571428571429,0.35714285714285715,-0.5714285714285714,0.05714285714285714,-0.8428571428571429,0.2857142857142857,-0.9571428571428572,0.34285714285714286,-0.7428571428571429,0.2857142857142857,-0.5714285714285714,-0.07142857142857142,-0.8571428571428571,0.17142857142857143,-1.0,0.24285714285714285,-0.7857142857142857,0.18571428571428572,-0.6142857142857143,-0.22857142857142856,-0.8571428571428571,0.02857142857142857,-1.0,0.11428571428571428,-0.8428571428571429,0.1,-0.6857142857142857
3,0.0,0.0,0.3448275862068966,-0.034482758620689655,0.603448275862069,-0.2413793103448276,0.7413793103448276,-0.43103448275862066,0.8275862068965517,-0.603448275862069,0.20689655172413793,-0.7586206896551724,0.3275862068965517,-0.9310344827586207,0.41379310344827586,-0.7758620689655172,0.43103448275862066,-0.5689655172413793,0.017241379310344827,-0.8103448275862069,0.1724137931034483,-0.9827586206896551,0.25862068965517243,-0.7758620689655172,0.29310344827586204,-0.5862068965517241,-0.1896551724137931,-0.8448275862068966,0.0,-1.0,0.10344827586206896,-0.8103448275862069,0.10344827586206896,-0.6206896551724138,-0.41379310344827586,-0.8275862068965517,-0.2413793103448276,-0.9827586206896551,-0.13793103448275862,-0.8448275862068966,-0.10344827586206896,-0.6896551724137931
3,0.0,0.0,0.2833333333333333,-0.15,0.5166666666666667,-0.4166666666666667,0.65,-0.6333333333333333,0.75,-0.8333333333333334,0.18333333333333332,-0.8833333333333333,0.38333333333333336,-1.0,0.43333333333333335,-0.7666666666666667,0.4166666666666667,-0.5833333333333334,0.016666666666666666,-0.9,0.26666666666666666,-0.9833333333333333,0.3333333333333333,-0.7333333333333333,0.3,-0.5666666666666667,-0.16666666666666666,-0.8833333333333333,0.11666666666666667,-0.9666666666666667,0.18333333333333332,-0.7166666666666667,0.15,-0.55,-0.35,-0.8166666666666667,-0.05,-0.9,0.03333333333333333,-0.7,0.03333333333333333,-0.5666666666666667
3,0.0,0.0,0.23809523809523808,-0.15873015873015872,0.38095238095238093,-0.49206349206349204,0.4444444444444444,-0.7301587301587301,0.49206349206349204,-0.9365079365079365,-0.015873015873015872,-0.8888888888888888,0.2698412698412698,-1.0,0.3492063492063492,-0.7777777777777778,0.3333333333333333,-0.5873015873015873,-0.14285714285714285,-0.8888888888888888,0.19047619047619047,-0.9841269841269841,0.2857142857142857,-0.7777777777777778,0.2698412698412698,-0.6031746031746031,-0.2698412698412698,-0.8412698412698413,0.09523809523809523,-0.9365079365079365,0.19047619047619047,-0.746031746031746,0.15873015873015872,-0.5714285714285714,-0.36507936507936506,-0.7619047619047619,-0.031746031746031744,-0.873015873015873,0.07936507936507936,-0.7142857142857143,0.07936507936507936,-0.5714285714285714
3,0.0,0.0,0.17333333333333334,-0.04,0.26666666666666666,-0.26666666666666666,0.30666666666666664,-0.44,0.32,-0.5866666666666667,0.16,-0.4666666666666667,0.2,-0.68,0.26666666666666666,-0.8533333333333334,0.3333333333333333,-0.9733333333333334,0.08,-0.48,0.12,-0.6933333333333334,0.17333333333333334,-0.8666666666666667,0.22666666666666666,-1.0,0.0,-0.49333333333333335,0.04,-0.6933333333333334,0.09333333333333334,-0.8533333333333334,0.14666666666666667,-0.9733333333333334,-0.06666666666666667,-0.48,-0.04,-0.68,0.0,-0.8133333333333334,0.02666666666666667,-0.9333333333333333
3,0.0,0.0,0.21839080459770116,-0.25287356321839083,0.3103448275862069,-0.5632183908045977,0.3793103448275862,-0.7816091954022989,0.40229885057471265,-0.9655172413793104,0.0,-0.9195402298850575,0.3103448275862069,-1.0,0.40229885057471265,-0.8390804597701149,0.3448275862068966,-0.7241379310344828,-0.10344827586206896,-0.8735632183908046,0.22988505747126436,-0.9425287356321839,0.3218390804597701,-0.7701149425287356,0.25287356321839083,-0.6551724137931034,-0.1839080459770115,-0.7816091954022989,0.13793103448275862,-0.8620689655172413,0.22988505747126436,-0.7126436781609196,0.1724137931034483,-0.5977011494252874,-0.2413793103448276,-0.6436781609195402,0.034482758620689655,-0.7471264367816092,0.13793103448275862,-0.632183908045977,0.09195402298850575,-0.5402298850574713
3,0.0,0.0,0.22388059701492538,-0.208955223880597,0.373134328358209,-0.5373134328358209,0.417910447761194,-0.7611940298507462,0.43283582089552236,-0.8955223880597015,-0.08955223880597014,-0.9850746268656716,0.2835820895522388,-1.0,0.3582089552238806,-0.7910447761194029,0.2835820895522388,-0.6716417910447762,-0.23880597014925373,-0.9552238805970149,0.1791044776119403,-0.9552238805970149,0.2537313432835821,-0.7164179104477612,0.1791044776119403,-0.6119402985074627,-0.34328358208955223,-0.8507462686567164,0.08955223880597014,-0.8805970149253731,0.16417910447761194,-0.6716417910447762,0.07462686567164178,-0.5671641791044776,-0.417910447761194,-0.7014925373134329,-0.029850746268656716,-0.7761194029850746,0.04477611940298507,-0.5970149253731343,-0.014925373134328358,-0.4925373134328358
3,0.0,0.0,0.25,-0.17647058823529413,0.35294117647058826,-0.5,0.45588235294117646,-0.6911764705882353,0.47058823529411764,-0.7941176470588235,-0.04411764705882353,-0.9264705882352942,0.23529411764705882,-1.0,0.29411764705882354,-0.8088235294117647,0.22058823529411764,-0.6911764705882353,-0.16176470588235295,-0.9117647058823529,0.14705882352941177,-0.9705882352941176,0.23529411764705882,-0.7647058823529411,0.17647058823529413,-0.6617647058823529,-0.27941176470588236,-0.8529411764705882,0.04411764705882353,-0.9264705882352942,0.14705882352941177,-0.7352941176470589,0.08823529411764706,-0.6176470588235294,-0.38235294117647056,-0.7647058823529411,-0.08823529411764706,-0.8529411764705882,0.014705882352941176,-0.7058823529411765,0.0,-0.5882352941176471
3,0.0,0.0,0.288135593220339,-0.15254237288135594,0.4745762711864407,-0.4745762711864407,0.559322033898305,-0.711864406779661,0.559322033898305,-0.864406779661017,0.0847457627118644,-0.8813559322033898,0.2711864406779661,-1.0,0.3389830508474576,-0.7966101694915254,0.3050847457627119,-0.6271186440677966,-0.1016949152542373,-0.8813559322033898,0.11864406779661017,-1.0,0.1864406779661017,-0.7457627118644068,0.15254237288135594,-0.576271186440678,-0.288135593220339,-0.847457627118644,-0.06779661016949153,-0.9661016949152542,0.03389830508474576,-0.7288135593220338,0.01694915254237288,-0.559322033898305,-0.4745762711864407,-0.7796610169491526,-0.2711864406779661,-0.9152542372881356,-0.15254237288135594,-0.7288135593220338,-0.13559322033898305,-0.576271186440678
3,0.0,0.0,0.28125,-0.171875,0.46875,-0.46875,0.5625,-0.65625,0.5,-0.765625,0.203125,-0.8125,0.359375,-0.984375,0.375,-0.796875,0.3125,-0.640625,0.046875,-0.828125,0.21875,-1.0,0.265625,-0.78125,0.203125,-0.625,-0.140625,-0.828125,0.046875,-1.0,0.125,-0.78125,0.078125,-0.640625,-0.34375,-0.796875,-0.15625,-0.984375,-0.0625,-0.828125,-0.0625,-0.6875
3,0.0,0.0,0.29850746268656714,-0.13432835820895522,0.4925373134328358,-0.3880597014925373,0.6119402985074627,-0.582089552238806,0.5970149253731343,-0.746268656716418,0.16417910447761194,-0.8059701492537313,0.34328358208955223,-0.9701492537313433,0.373134328358209,-0.7761194029850746,0.31343283582089554,-0.6268656716417911,0.029850746268656716,-0.8208955223880597,0.19402985074626866,-0.9850746268656716,0.23880597014925373,-0.746268656716418,0.1791044776119403,-0.5970149253731343,-0.13432835820895522,-0.835820895522388,0.04477611940298507,-1.0,0.1044776119402985,-0.7611940298507462,0.05970149253731343,-0.6119402985074627,-0.3283582089552239,-0.8059701492537313,-0.13432835820895522,-0.9552238805970149,-0.07462686567164178,-0.7761194029850746,-0.08955223880597014,-0.6567164179104478
3,0.0,0.0,0.28378378378378377,-0.16216216216216217,0.44594594594594594,-0.40540540540540543,0.5405405405405406,-0.5675675675675675,0.5135135135135135,-0.6486486486486487,0.0945945945945946,-0.8378378378378378,0.35135135135135137,-0.9324324324324325,0.33783783783783783,-0.7027027027027027,0.22972972972972974,-0.5945945945945946,-0.02702702702702703,-0.8648648648648649,0.28378378378378377,-0.9594594594594594,0.28378378378378377,-0.6891891891891891,0.17567567567567569,-0.581081081081081,-0.14864864864864866,-0.8783783783783784,0.1891891891891892,-0.9864864864864865,0.20270270270270271,-0.7297297297297297,0.10810810810810811,-0.6081081081081081,-0.28378378378378377,-0.8783783783783784,0.04054054054054054,-1.0,0.08108108108108109,-0.7972972972972973,0.013513513513513514,-0.6891891891891891
4,0.0,0.0,-0.043478260869565216,-0.25217391304347825,-0.1826086956521739,-0.5652173913043478,-0.23478260869565218,-0.8,-0.22608695652173913,-1.0,-0.26956521739130435,-0.5217391304347826,-0.6434782608695652,-0.5304347826086957,-0.5478260869565217,-0.46956521739130436,-0.4260869565217391,-0.4608695652173913,-0.3130434782608696,-0.3391304347826087,-0.6695652173913044,-0.3652173913043478,-0.5739130434782609,-0.3130434782608696,-0.45217391304347826,-0.28695652173913044,-0.3391304347826087,-0.1565217391304348,-0.6608695652173913,-0.19130434782608696,-0.5739130434782609,-0.14782608695652175,-0.4608695652173913,-0.12173913043478261,-0.3739130434782609,0.02608695652173913,-0.6347826086956522,-0.008695652173913044,-0.5391304347826087,0.008695652173913044,-0.43478260869565216,0.02608695652173913
4,0.0,0.0,-0.1,-0.275,-0.275,-0.5666666666666667,-0.3333333333333333,-0.8,-0.3,-1.0,-0.36666666666666664,-0.5416666666666666,-0.7166666666666667,-0.48333333333333334,-0.625,-0.4166666666666667,-0.5,-0.425,-0.38333333333333336,-0.35,-0.75,-0.325,-0.65,-0.26666666666666666,-0.5083333333333333,-0.26666666666666666,-0.4083333333333333,-0.15833333333333333,-0.7416666666666667,-0.15,-0.6333333333333333,-0.11666666666666667,-0.5,-0.10833333333333334,-0.425,0.03333333333333333,-0.6916666666666667,0.016666666666666666,-0.6,0.03333333333333333,-0.48333333333333334,0.041666666666666664
4,0.0,0.0,-0.09917355371900827,-0.2727272727272727,-0.2644628099173554,-0.5702479338842975,-0.3305785123966942,-0.8016528925619835,-0.2975206611570248,-1.0,-0.33884297520661155,-0.5454545454545454,-0.7024793388429752,-0.49586776859504134,-0.6198347107438017,-0.4214876033057851,-0.48760330578512395,-0.4214876033057851,-0.36363636363636365,-0.35537190082644626,-0.743801652892562,-0.3305785123966942,-0.6363636363636364,-0.2644628099173554,-0.49586776859504134,-0.2644628099173554,-0.3884297520661157,-0.1652892561983471,-0.7355371900826446,-0.1652892561983471,-0.628099173553719,-0.11570247933884298,-0.48760330578512395,-0.11570247933884298,-0.4049586776859504,0.024793388429752067,-0.6694214876033058,0.008264462809917356,-0.5867768595041323,0.024793388429752067,-0.47107438016528924,0.03305785123966942
4,0.0,0.0,-0.10569105691056911,-0.2682926829268293,-0.2682926829268293,-0.5691056910569106,-0.3252032520325203,-0.7967479674796748,-0.3008130081300813,-1.0,-0.34959349593495936,-0.5528455284552846,-0.6829268292682927,-0.5040650406504065,-0.6097560975609756,-0.43902439024390244,-0.4878048780487805,-0.43902439024390244,-0.37398373983739835,-0.36585365853658536,-0.7317073170731707,-0.34146341463414637,-0.6341463414634146,-0.2845528455284553,-0.4959349593495935,-0.2845528455284553,-0.3983739837398374,-0.17886178861788618,-0.7317073170731707,-0.17886178861788618,-0.6341463414634146,-0.13821138211382114,-0.5040650406504065,-0.13821138211382114,-0.42276422764227645,0.008130081300813009,-0.6666666666666666,0.0,-0.5853658536585366,0.016260162601626018,-0.4715447154471545,0.016260162601626018
4,0.0,0.0,-0.1092436974789916,-0.2689075630252101,-0.2689075630252101,-0.5714285714285714,-0.3277310924369748,-0.7983193277310925,-0.3025210084033613,-1.0,-0.3697478991596639,-0.5462184873949579,-0.7058823529411765,-0.5042016806722689,-0.6218487394957983,-0.44537815126050423,-0.4957983193277311,-0.453781512605042,-0.3949579831932773,-0.3697478991596639,-0.7310924369747899,-0.3445378151260504,-0.6470588235294118,-0.29411764705882354,-0.5126050420168067,-0.29411764705882354,-0.4117647058823529,-0.18487394957983194,-0.7310924369747899,-0.17647058823529413,-0.6470588235294118,-0.14285714285714285,-0.5210084033613446,-0.13445378151260504,-0.4369747899159664,0.0,-0.6974789915966386,-0.008403361344537815,-0.6218487394957983,0.008403361344537815,-0.5042016806722689,0.01680672268907563
4,0.0,0.0,-0.09243697478991597,-0.2605042016806723,-0.25210084033613445,-0.5630252100840336,-0.3025210084033613,-0.7983193277310925,-0.2857142857142857,-1.0,-0.3445378151260504,-0.5714285714285714,-0.6722689075630253,-0.4957983193277311,-0.6050420168067226,-0.42857142857142855,-0.4957983193277311,-0.44537815126050423,-0.3697478991596639,-0.40336134453781514,-0.7058823529411765,-0.33613445378151263,-0.6302521008403361,-0.2773109243697479,-0.5126050420168067,-0.2857142857142857,-0.3949579831932773,-0.2184873949579832,-0.7058823529411765,-0.16806722689075632,-0.6218487394957983,-0.12605042016806722,-0.5042016806722689,-0.13445378151260504,-0.42016806722689076,-0.03361344537815126,-0.6722689075630253,-0.008403361344537815,-0.5882352941176471,0.01680672268907563,-0.4789915966386555,0.0
4,0.0,0.0,-0.10256410256410256,-0.26495726495726496,-0.26495726495726496,-0.5641025641025641,-0.3418803418803419,-0.7948717948717948,-0.3333333333333333,-1.0,-0.4017094017094017,-0.5726495726495726,-0.7350427350427351,-0.49572649572649574,-0.6666666666666666,-0.41025641025641024,-0.5555555555555556,-0.4188034188034188,-0.42735042735042733,-0.4017094017094017,-0.7692307692307693,-0.3418803418803419,-0.6923076923076923,-0.27350427350427353,-0.5726495726495726,-0.28205128205128205,-0.4444444444444444,-0.21367521367521367,-0.7606837606837606,-0.17094017094017094,-0.6837606837606838,-0.11965811965811966,-0.5641025641025641,-0.11965811965811966,-0.4700854700854701,-0.017094017094017096,-0.7264957264957265,-0.008547008547008548,-0.6581196581196581,0.017094017094017096,-0.5384615384615384,0.017094017094017096
4,0.0,0.0,-0.11016949152542373,-0.2796610169491525,-0.2711864406779661,-0.576271186440678,-0.3305084745762712,-0.8050847457627118,-0.3220338983050847,-1.0,-0.4491525423728814,-0.6016949152542372,-0.7372881355932204,-0.4745762711864407,-0.6610169491525424,-0.4067796610169492,-0.5508474576271186,-0.423728813559322,-0.4661016949152542,-0.4322033898305085,-0.7796610169491526,-0.3135593220338983,-0.6949152542372882,-0.2627118644067797,-0.576271186440678,-0.2796610169491525,-0.4830508474576271,-0.2457627118644068,-0.7711864406779662,-0.1440677966101695,-0.6779661016949152,-0.1016949152542373,-0.5677966101694916,-0.1271186440677966,-0.5,-0.05084745762711865,-0.7372881355932204,0.01694915254237288,-0.6440677966101694,0.03389830508474576,-0.5423728813559322,0.01694915254237288
4,0.0,0.0,-0.10084033613445378,-0.2773109243697479,-0.2689075630252101,-0.5714285714285714,-0.33613445378151263,-0.8067226890756303,-0.3277310924369748,-1.0,-0.44537815126050423,-0.5714285714285714,-0.7394957983193278,-0.46218487394957986,-0.6638655462184874,-0.3865546218487395,-0.5462184873949579,-0.40336134453781514,-0.47058823529411764,-0.3949579831932773,-0.773109243697479,-0.31092436974789917,-0.6890756302521008,-0.25210084033613445,-0.5714285714285714,-0.2605042016806723,-0.48739495798319327,-0.21008403361344538,-0.7647058823529411,-0.14285714285714285,-0.680672268907563,-0.09243697478991597,-0.5546218487394958,-0.1092436974789916,-0.5042016806722689,-0.008403361344537815,-0.7310924369747899,0.025210084033613446,-0.6386554621848739,0.05042016806722689,-0.5294117647058824,0.04201680672268908
4,0.0,0.0,-0.10526315789473684,-0.2807017543859649,-0.2807017543859649,-0.5789473684210527,-0.35964912280701755,-0.8070175438596491,-0.3508771929824561,-1.0,-0.4473684210526316,-0.5877192982456141,-0.7631578947368421,-0.4824561403508772,-0.7017543859649122,-0.38596491228070173,-0.5789473684210527,-0.37719298245614036,-0.4824561403508772,-0.41228070175438597,-0.7982456140350878,-0.3157894736842105,-0.7280701754385965,-0.23684210526315788,-0.6052631578947368,-0.23684210526315788,-0.5087719298245614,-0.21929824561403508,-0.7894736842105263,-0.14035087719298245,-0.7280701754385965,-0.07894736842105263,-0.6140350877192983,-0.07894736842105263,-0.5350877192982456,-0.017543859649122806,-0.7807017543859649,0.017543859649122806,-0.7105263157894737,0.06140350877192982,-0.6052631578947368,0.06140350877192982
4,0.0,0.0,-0.1532258064516129,-0.2903225806451613,-0.33064516129032256,-0.5645161290322581,-0.4112903225806452,-0.7983870967741935,-0.3870967741935484,-1.0,-0.5161290322580645,-0.5080645161290323,-0.8064516129032258,-0.3951612903225806,-0.7580645161290323,-0.31451612903225806,-0.6693548387096774,-0.3225806451612903,-0.5403225806451613,-0.33064516129032256,-0.8387096774193549,-0.22580645161290322,-0.782258064516129,-0.1693548387096774,-0.6774193548387096,-0.1774193548387097,-0.5483870967741935,-0.14516129032258066,-0.8306451612903226,-0.06451612903225806,-0.782258064516129,-0.016129032258064516,-0.6854838709677419,-0.024193548387096774,-0.5403225806451613,0.04032258064516129,-0.7661290322580645,0.08870967741935484,-0.7258064516129032,0.12096774193548387,-0.6532258064516129,0.11290322580645161
4,0.0,0.0,-0.11538461538461539,-0.34615384615384615,-0.27884615384615385,-0.6538461538461539,-0.4423076923076923,-0.8557692307692307,-0.5865384615384616,-1.0,-0.6346153846153846,-0.5,-0.9134615384615384,-0.41346153846153844,-0.8557692307692307,-0.3557692307692308,-0.7307692307692307,-0.3557692307692308,-0.6826923076923077,-0.27884615384615385,-0.9807692307692307,-0.22115384615384615,-0.9134615384615384,-0.17307692307692307,-0.7788461538461539,-0.18269230769230768,-0.7019230769230769,-0.0673076923076923,-0.9711538461538461,-0.009615384615384616,-0.8942307692307693,0.019230769230769232,-0.7788461538461539,0.0,-0.6826923076923077,0.1346153846153846,-0.9230769230769231,0.16346153846153846,-0.8461538461538461,0.18269230769230768,-0.7307692307692307,0.16346153846153846
4,0.0,0.0,-0.09090909090909091,-0.2975206611570248,-0.2892561983471074,-0.5702479338842975,-0.4462809917355372,-0.7851239669421488,-0.5041322314049587,-1.0,-0.6776859504132231,-0.49586776859504134,-0.6611570247933884,-0.4628099173553719,-0.512396694214876,-0.4297520661157025,-0.4462809917355372,-0.4132231404958678,-0.7355371900826446,-0.30578512396694213,-0.6776859504132231,-0.2809917355371901,-0.5454545454545454,-0.2644628099173554,-0.4628099173553719,-0.24793388429752067,-0.743801652892562,-0.09917355371900827,-0.6859504132231405,-0.09917355371900827,-0.5619834710743802,-0.09917355371900827,-0.4793388429752066,-0.09090909090909091,-0.71900826446281,0.0743801652892562,-0.6859504132231405,0.049586776859504134,-0.5619834710743802,0.049586776859504134,-0.49586776859504134,0.049586776859504134
4,0.0,0.0,-0.07758620689655173,-0.33620689655172414,-0.21551724137931033,-0.5948275862068966,-0.3793103448275862,-0.8017241379310345,-0.4827586206896552,-1.0,-0.6896551724137931,-0.4482758620689655,-0.6379310344827587,-0.4051724137931034,-0.5,-0.3706896551724138,-0.4051724137931034,-0.3448275862068966,-0.75,-0.2413793103448276,-0.6551724137931034,-0.23275862068965517,-0.5258620689655172,-0.20689655172413793,-0.4396551724137931,-0.1810344827586207,-0.7327586206896551,-0.04310344827586207,-0.6551724137931034,-0.05172413793103448,-0.5431034482758621,-0.04310344827586207,-0.45689655172413796,-0.02586206896551724,-0.6896551724137931,0.12931034482758622,-0.6379310344827587,0.11206896551724138,-0.5258620689655172,0.10344827586206896,-0.4482758620689655,0.11206896551724138
4,0.0,0.0,-0.06086956521739131,-0.34782608695652173,-0.21739130434782608,-0.6173913043478261,-0.3826086956521739,-0.808695652173913,-0.4782608695652174,-1.0,-0.6869565217391305,-0.4782608695652174,-0.6173913043478261,-0.48695652173913045,-0.4608695652173913,-0.45217391304347826,-0.3739130434782609,-0.4260869565217391,-0.7565217391304347,-0.26956521739130435,-0.6521739130434783,-0.28695652173913044,-0.5130434782608696,-0.2782608695652174,-0.4260869565217391,-0.23478260869565218,-0.7478260869565218,-0.06956521739130435,-0.6608695652173913,-0.10434782608695652,-0.5391304347826087,-0.10434782608695652,-0.45217391304347826,-0.0782608695652174,-0.7130434782608696,0.11304347826086956,-0.6521739130434783,0.06086956521739131,-0.5391304347826087,0.043478260869565216,-0.4608695652173913,0.05217391304347826
4,0.0,0.0,-0.07758620689655173,-0.31896551724137934,-0.25,-0.5862068965517241,-0.4051724137931034,-0.8017241379310345,-0.47413793103448276,-1.0,-0.6982758620689655,-0.46551724137931033,-0.6206896551724138,-0.41379310344827586,-0.47413793103448276,-0.3793103448275862,-0.39655172413793105,-0.3620689655172414,-0.7586206896551724,-0.25,-0.646551724137931,-0.22413793103448276,-0.5172413793103449,-0.21551724137931033,-0.43103448275862066,-0.1896551724137931,-0.7586206896551724,-0.04310344827586207,-0.6551724137931034,-0.04310344827586207,-0.5344827586206896,-0.04310344827586207,-0.4482758620689655,-0.034482758620689655,-0.7241379310344828,0.13793103448275862,-0.646551724137931,0.1206896551724138,-0.5258620689655172,0.09482758620689655,-0.4396551724137931,0.10344827586206896
4,0.0,0.0,-0.05217391304347826,-0.33043478260869563,-0.22608695652173913,-0.591304347826087,-0.3826086956521739,-0.8,-0.43478260869565216,-1.0,-0.6608695652173913,-0.46956521739130436,-0.6173913043478261,-0.4434782608695652,-0.4608695652173913,-0.40869565217391307,-0.3826086956521739,-0.3826086956521739,-0.7304347826086957,-0.2608695652173913,-0.6434782608695652,-0.25217391304347825,-0.5130434782608696,-0.23478260869565218,-0.4260869565217391,-0.2,-0.7391304347826086,-0.05217391304347826,-0.6521739130434783,-0.06956521739130435,-0.5304347826086957,-0.06086956521739131,-0.45217391304347826,-0.05217391304347826,-0.7130434782608696,0.13043478260869565,-0.6434782608695652,0.10434782608695652,-0.5304347826086957,0.08695652173913043,-0.45217391304347826,0.09565217391304348
4,0.0,0.0,-0.05309734513274336,-0.3185840707964602,-0.23008849557522124,-0.584070796460177,-0.37168141592920356,-0.8053097345132744,-0.4247787610619469,-1.0,-0.672566371681416,-0.48672566371681414,-0.6548672566371682,-0.4424778761061947,-0.5221238938053098,-0.40707964601769914,-0.4424778761061947,-0.3805309734513274,-0.7433628318584071,-0.2920353982300885,-0.6814159292035398,-0.26548672566371684,-0.5486725663716814,-0.24778761061946902,-0.4690265486725664,-0.22123893805309736,-0.7522123893805309,-0.09734513274336283,-0.6991150442477876,-0.09734513274336283,-0.584070796460177,-0.08849557522123894,-0.49557522123893805,-0.07964601769911504,-0.7345132743362832,0.07964601769911504,-0.6991150442477876,0.061946902654867256,-0.5929203539823009,0.05309734513274336,-0.5132743362831859,0.07079646017699115
4,0.0,0.0,-0.10679611650485436,-0.32038834951456313,-0.30097087378640774,-0.5922330097087378,-0.42718446601941745,-0.7961165048543689,-0.46601941747572817,-1.0,-0.7378640776699029,-0.5533980582524272,-0.9029126213592233,-0.4563106796116505,-0.7572815533980582,-0.3883495145631068,-0.6213592233009708,-0.36893203883495146,-0.8155339805825242,-0.33980582524271846,-0.941747572815534,-0.2912621359223301,-0.8058252427184466,-0.24271844660194175,-0.6601941747572816,-0.21359223300970873,-0.8349514563106796,-0.1262135922330097,-0.9514563106796117,-0.11650485436893204,-0.8252427184466019,-0.07766990291262135,-0.6893203883495146,-0.05825242718446602,-0.8252427184466019,0.05825242718446602,-0.9320388349514563,0.06796116504854369,-0.8155339805825242,0.08737864077669903,-0.6990291262135923,0.08737864077669903
4,0.0,0.0,0.0,-0.29411764705882354,0.14705882352941177,-0.6078431372549019,0.29411764705882354,-0.8235294117647058,0.3431372549019608,-1.0,0.37254901960784315,-0.5392156862745098,0.6862745098039216,-0.5392156862745098,0.5882352941176471,-0.5,0.4411764705882353,-0.49019607843137253,0.4117647058823529,-0.35294117647058826,0.6862745098039216,-0.3627450980392157,0.5784313725490197,-0.3431372549019608,0.43137254901960786,-0.3333333333333333,0.45098039215686275,-0.17647058823529413,0.6862745098039216,-0.20588235294117646,0.5882352941176471,-0.19607843137254902,0.45098039215686275,-0.18627450980392157,0.47058823529411764,0.0,0.6666666666666666,-0.058823529411764705,0.5686274509803921,-0.049019607843137254,0.45098039215686275,-0.029411764705882353
4,0.0,0.0,0.11926605504587157,-0.29357798165137616,0.27522935779816515,-0.5688073394495413,0.3486238532110092,-0.7981651376146789,0.3669724770642202,-1.0,0.3669724770642202,-0.5045871559633027,0.5779816513761468,-0.5321100917431193,0.7247706422018348,-0.5045871559633027,0.8440366972477065,-0.46788990825688076,0.3669724770642202,-0.3486238532110092,0.5779816513761468,-0.3669724770642202,0.7431192660550459,-0.3302752293577982,0.8623853211009175,-0.29357798165137616,0.3577981651376147,-0.1651376146788991,0.5779816513761468,-0.1926605504587156,0.7339449541284404,-0.1651376146788991,0.8256880733944955,-0.13761467889908258,0.3486238532110092,0.01834862385321101,0.5596330275229358,0.0,0.6697247706422018,0.01834862385321101,0.7522935779816514,0.01834862385321101
4,0.0,0.0,0.09174311926605505,-0.27522935779816515,0.27522935779816515,-0.5596330275229358,0.3669724770642202,-0.7981651376146789,0.3394495412844037,-1.0,0.5137614678899083,-0.5504587155963303,0.8623853211009175,-0.3944954128440367,0.7522935779816514,-0.3394495412844037,0.6146788990825688,-0.3761467889908257,0.5045871559633027,-0.3853211009174312,0.8532110091743119,-0.22935779816513763,0.7247706422018348,-0.2018348623853211,0.5871559633027523,-0.23853211009174313,0.48623853211009177,-0.1926605504587156,0.8165137614678899,-0.07339449541284404,0.6972477064220184,-0.05504587155963303,0.5688073394495413,-0.09174311926605505,0.46788990825688076,-0.009174311926605505,0.7339449541284404,0.07339449541284404,0.6238532110091743,0.08256880733944955,0.4954128440366973,0.045871559633027525
4,0.0,0.0,0.10185185185185185,-0.26851851851851855,0.2777777777777778,-0.5555555555555556,0.37037037037037035,-0.7962962962962963,0.35185185185185186,-1.0,0.5185185185185185,-0.5462962962962963,0.8703703703703703,-0.39814814814814814,0.7685185185185185,-0.3425925925925926,0.6296296296296297,-0.37037037037037035,0.5092592592592593,-0.37962962962962965,0.8518518518518519,-0.23148148148148148,0.7407407407407407,-0.2037037037037037,0.5925925925925926,-0.23148148148148148,0.49074074074074076,-0.19444444444444445,0.8148148148148148,-0.07407407407407407,0.7037037037037037,-0.05555555555555555,0.5648148148148148,-0.08333333333333333,0.46296296296296297,0.0,0.7407407407407407,0.07407407407407407,0.6296296296296297,0.08333333333333333,0.5,0.05555555555555555
4,0.0,0.0,0.09523809523809523,-0.2761904761904762,0.2761904761904762,-0.5714285714285714,0.38095238095238093,-0.8,0.37142857142857144,-1.0,0.5238095238095238,-0.5333333333333333,0.8761904761904762,-0.38095238095238093,0.7619047619047619,-0.3523809523809524,0.6190476190476191,-0.3904761904761905,0.5047619047619047,-0.3523809523809524,0.8571428571428571,-0.21904761904761905,0.7428571428571429,-0.20952380952380953,0.6095238095238096,-0.24761904761904763,0.4857142857142857,-0.17142857142857143,0.8,-0.06666666666666667,0.7047619047619048,-0.06666666666666667,0.580952380952381,-0.09523809523809523,0.45714285714285713,0.0,0.7238095238095238,0.06666666666666667,0.638095238095238,0.0761904761904762,0.5238095238095238,0.047619047619047616
4,0.0,0.0,0.10101010101010101,-0.2727272727272727,0.2828282828282828,-0.5555555555555556,0.3939393939393939,-0.7878787878787878,0.40404040404040403,-1.0,0.5454545454545454,-0.5454545454545454,0.8585858585858586,-0.3838383838383838,0.7575757575757576,-0.3434343434343434,0.6262626262626263,-0.36363636363636365,0.5454545454545454,-0.3939393939393939,0.8686868686868687,-0.24242424242424243,0.7575757575757576,-0.21212121212121213,0.6262626262626263,-0.24242424242424243,0.5353535353535354,-0.23232323232323232,0.8282828282828283,-0.09090909090909091,0.7373737373737373,-0.0707070707070707,0.6060606060606061,-0.09090909090909091,0.5151515151515151,-0.06060606060606061,0.7676767676767676,0.04040404040404041,0.696969696969697,0.06060606060606061,0.5858585858585859,0.04040404040404041
4,0.0,0.0,0.1188118811881188,-0.26732673267326734,0.31683168316831684,-0.5544554455445545,0.42574257425742573,-0.7821782178217822,0.43564356435643564,-1.0,0.594059405940594,-0.5544554455445545,0.9108910891089109,-0.33663366336633666,0.8118811881188119,-0.2871287128712871,0.6633663366336634,-0.31683168316831684,0.5841584158415841,-0.39603960396039606,0.8910891089108911,-0.1782178217821782,0.7821782178217822,-0.13861386138613863,0.6534653465346535,-0.18811881188118812,0.5643564356435643,-0.2079207920792079,0.8514851485148515,-0.019801980198019802,0.7425742574257426,0.019801980198019802,0.6237623762376238,-0.019801980198019802,0.5247524752475248,-0.009900990099009901,0.7722772277227723,0.13861386138613863,0.6633663366336634,0.15841584158415842,0.5544554455445545,0.1188118811881188
4,0.0,0.0,0.11224489795918367,-0.2653061224489796,0.29591836734693877,-0.5306122448979592,0.40816326530612246,-0.7755102040816326,0.3877551020408163,-1.0,0.5918367346938775,-0.4897959183673469,0.9285714285714286,-0.2653061224489796,0.9285714285714286,-0.1836734693877551,0.8571428571428571,-0.1836734693877551,0.5816326530612245,-0.3163265306122449,0.8979591836734694,-0.10204081632653061,0.7959183673469388,-0.07142857142857142,0.6632653061224489,-0.12244897959183673,0.5510204081632653,-0.1326530612244898,0.8571428571428571,0.04081632653061224,0.7551020408163265,0.07142857142857142,0.6428571428571429,0.030612244897959183,0.5204081632653061,0.061224489795918366,0.7653061224489796,0.20408163265306123,0.7040816326530612,0.22448979591836735,0.6224489795918368,0.20408163265306123
4,0.0,0.0,0.08849557522123894,-0.3008849557522124,0.2831858407079646,-0.5752212389380531,0.4336283185840708,-0.7964601769911505,0.49557522123893805,-1.0,0.584070796460177,-0.415929203539823,0.6106194690265486,-0.48672566371681414,0.4778761061946903,-0.45132743362831856,0.39823008849557523,-0.415929203539823,0.6194690265486725,-0.23008849557522124,0.6460176991150443,-0.3274336283185841,0.5398230088495575,-0.30973451327433627,0.45132743362831856,-0.24778761061946902,0.6106194690265486,-0.061946902654867256,0.672566371681416,-0.1592920353982301,0.5752212389380531,-0.1592920353982301,0.48672566371681414,-0.10619469026548672,0.5929203539823009,0.07964601769911504,0.672566371681416,-0.008849557522123894,0.584070796460177,-0.017699115044247787,0.5132743362831859,0.02654867256637168
4,0.0,0.0,0.08490566037735849,-0.3490566037735849,0.29245283018867924,-0.6037735849056604,0.46226415094339623,-0.8018867924528302,0.5283018867924528,-1.0,0.660377358490566,-0.4528301886792453,0.6698113207547169,-0.5094339622641509,0.5283018867924528,-0.46226415094339623,0.44339622641509435,-0.42452830188679247,0.7075471698113207,-0.25471698113207547,0.6886792452830188,-0.330188679245283,0.5754716981132075,-0.3113207547169811,0.49056603773584906,-0.25471698113207547,0.6981132075471698,-0.0660377358490566,0.6981132075471698,-0.16037735849056603,0.5943396226415094,-0.14150943396226415,0.5094339622641509,-0.10377358490566038,0.6698113207547169,0.07547169811320754,0.6792452830188679,-0.009433962264150943,0.5849056603773585,0.0,0.5283018867924528,0.03773584905660377
4,0.0,0.0,0.058823529411764705,-0.35294117647058826,0.2549019607843137,-0.6176470588235294,0.43137254901960786,-0.8137254901960784,0.5196078431372549,-1.0,0.696078431372549,-0.4803921568627451,0.6078431372549019,-0.5,0.4803921568627451,-0.45098039215686275,0.4215686274509804,-0.43137254901960786,0.7549019607843137,-0.28431372549019607,0.6470588235294118,-0.3235294117647059,0.5294117647058824,-0.30392156862745096,0.46078431372549017,-0.2647058823529412,0.7352941176470589,-0.09803921568627451,0.6568627450980392,-0.16666666666666666,0.5490196078431373,-0.1568627450980392,0.4803921568627451,-0.12745098039215685,0.696078431372549,0.058823529411764705,0.6372549019607843,0.0,0.5490196078431373,0.0,0.4803921568627451,0.0196078431372549
4,0.0,0.0,0.04807692307692308,-0.375,0.23076923076923078,-0.6346153846153846,0.41346153846153844,-0.8173076923076923,0.5192307692307693,-1.0,0.6538461538461539,-0.5096153846153846,0.5576923076923077,-0.5,0.4423076923076923,-0.4519230769230769,0.375,-0.41346153846153844,0.7115384615384616,-0.2980769230769231,0.5961538461538461,-0.3173076923076923,0.49038461538461536,-0.2980769230769231,0.4230769230769231,-0.25961538461538464,0.7019230769230769,-0.11538461538461539,0.6057692307692307,-0.15384615384615385,0.5096153846153846,-0.14423076923076922,0.4423076923076923,-0.11538461538461539,0.6634615384615384,0.04807692307692308,0.5865384615384616,0.009615384615384616,0.5,0.009615384615384616,0.4326923076923077,0.019230769230769232
4,0.0,0.0,0.05825242718446602,-0.3592233009708738,0.2621359223300971,-0.6310679611650486,0.44660194174757284,-0.8155339805825242,0.5533980582524272,-1.0,0.6893203883495146,-0.5145631067961165,0.6213592233009708,-0.49514563106796117,0.49514563106796117,-0.4563106796116505,0.42718446601941745,-0.4368932038834951,0.7475728155339806,-0.30097087378640774,0.6601941747572816,-0.32038834951456313,0.5436893203883495,-0.2912621359223301,0.46601941747572817,-0.2621359223300971,0.7475728155339806,-0.10679611650485436,0.6601941747572816,-0.14563106796116504,0.5533980582524272,-0.13592233009708737,0.47572815533980584,-0.11650485436893204,0.7087378640776699,0.06796116504854369,0.6504854368932039,0.009708737864077669,0.5436893203883495,0.019417475728155338,0.4854368932038835,0.02912621359223301
4,0.0,0.0,0.0784313725490196,-0.35294117647058826,0.2647058823529412,-0.6176470588235294,0.45098039215686275,-0.803921568627451,0.5588235294117647,-1.0,0.696078431372549,-0.46078431372549017,0.6078431372549019,-0.4803921568627451,0.47058823529411764,-0.4215686274509804,0.39215686274509803,-0.38235294117647056,0.7549019607843137,-0.2647058823529412,0.6372549019607843,-0.30392156862745096,0.5098039215686274,-0.27450980392156865,0.43137254901960786,-0.22549019607843138,0.7352941176470589,-0.08823529411764706,0.6372549019607843,-0.13725490196078433,0.5294117647058824,-0.12745098039215685,0.4411764705882353,-0.08823529411764706,0.696078431372549,0.0784313725490196,0.6176470588235294,0.029411764705882353,0.5098039215686274,0.029411764705882353,0.45098039215686275,0.058823529411764705
4,0.0,0.0,0.058823529411764705,-0.3627450980392157,0.22549019607843138,-0.6176470588235294,0.4019607843137255,-0.803921568627451,0.5098039215686274,-1.0,0.6470588235294118,-0.45098039215686275,0.5686274509803921,-0.46078431372549017,0.4411764705882353,-0.4117647058823529,0.3627450980392157,-0.38235294117647056,0.7156862745098039,-0.2549019607843137,0.5980392156862745,-0.29411764705882354,0.4803921568627451,-0.2647058823529412,0.4019607843137255,-0.22549019607843138,0.696078431372549,-0.06862745098039216,0.5980392156862745,-0.12745098039215685,0.49019607843137253,-0.11764705882352941,0.4019607843137255,-0.08823529411764706,0.6568627450980392,0.08823529411764706,0.5686274509803921,0.0392156862745098,0.47058823529411764,0.0392156862745098,0.4019607843137255,0.058823529411764705
4,0.0,0.0,0.07216494845360824,-0.3711340206185567,0.24742268041237114,-0.6288659793814433,0.4329896907216495,-0.8041237113402062,0.5463917525773195,-1.0,0.7010309278350515,-0.4536082474226804,0.5876288659793815,-0.4639175257731959,0.4639175257731959,-0.41237113402061853,0.4020618556701031,-0.3711340206185567,0.7525773195876289,-0.25773195876288657,0.6185567010309279,-0.27835051546391754,0.5154639175257731,-0.25773195876288657,0.44329896907216493,-0.21649484536082475,0.7319587628865979,-0.061855670103092786,0.6288659793814433,-0.10309278350515463,0.5257731958762887,-0.09278350515463918,0.4536082474226804,-0.07216494845360824,0.6804123711340206,0.1134020618556701,0.6082474226804123,0.07216494845360824,0.5257731958762887,0.061855670103092786,0.4639175257731959,0.07216494845360824
4,0.0,0.0,0.08080808080808081,-0.37373737373737376,0.2828282828282828,-0.6363636363636364,0.46464646464646464,-0.8181818181818182,0.5858585858585859,-1.0,0.7272727272727273,-0.48484848484848486,0.5959595959595959,-0.494949494949495,0.47474747474747475,-0.4444444444444444,0.40404040404040403,-0.40404040404040403,0.797979797979798,-0.2727272727272727,0.6464646464646465,-0.31313131313131315,0.5454545454545454,-0.2828282828282828,0.46464646464646464,-0.24242424242424243,0.7777777777777778,-0.08080808080808081,0.6666666666666666,-0.1414141414141414,0.5656565656565656,-0.12121212121212122,0.494949494949495,-0.09090909090909091,0.7272727272727273,0.09090909090909091,0.6363636363636364,0.04040404040404041,0.5353535353535354,0.030303030303030304,0.48484848484848486,0.04040404040404041
4,0.0,0.0,0.07526881720430108,-0.3655913978494624,0.26881720430107525,-0.6344086021505376,0.46236559139784944,-0.8172043010752689,0.5806451612903226,-1.0,0.7204301075268817,-0.45161290322580644,0.6989247311827957,-0.3763440860215054,0.5698924731182796,-0.3333333333333333,0.4731182795698925,-0.3333333333333333,0.7956989247311828,-0.24731182795698925,0.7096774193548387,-0.20430107526881722,0.5806451612903226,-0.1935483870967742,0.4838709677419355,-0.1827956989247312,0.7849462365591398,-0.053763440860215055,0.6989247311827957,-0.03225806451612903,0.5806451612903226,-0.03225806451612903,0.4838709677419355,-0.03225806451612903,0.7419354838709677,0.12903225806451613,0.6559139784946236,0.15053763440860216,0.5483870967741935,0.12903225806451613,0.46236559139784944,0.10752688172043011
4,0.0,0.0,0.022222222222222223,-0.37777777777777777,0.2111111111111111,-0.6444444444444445,0.4111111111111111,-0.8222222222222222,0.5111111111111111,-1.0,0.6666666666666666,-0.43333333333333335,0.6333333333333333,-0.36666666666666664,0.5111111111111111,-0.3333333333333333,0.4222222222222222,-0.3111111111111111,0.7333333333333333,-0.2222222222222222,0.6555555555555556,-0.18888888888888888,0.5444444444444444,-0.16666666666666666,0.45555555555555555,-0.15555555555555556,0.7222222222222222,-0.022222222222222223,0.6444444444444445,-0.011111111111111112,0.5444444444444444,-0.011111111111111112,0.45555555555555555,-0.011111111111111112,0.6777777777777778,0.16666666666666666,0.6111111111111112,0.17777777777777778,0.5111111111111111,0.16666666666666666,0.43333333333333335,0.14444444444444443
4,0.0,0.0,0.05555555555555555,-0.36666666666666664,0.25555555555555554,-0.6333333333333333,0.45555555555555555,-0.8111111111111111,0.5666666666666667,-1.0,0.7111111111111111,-0.45555555555555555,0.6444444444444445,-0.4,0.5222222222222223,-0.35555555555555557,0.4444444444444444,-0.35555555555555557,0.7777777777777778,-0.24444444444444444,0.6666666666666666,-0.2111111111111111,0.5444444444444444,-0.18888888888888888,0.45555555555555555,-0.17777777777777778,0.7555555555555555,-0.044444444444444446,0.6555555555555556,-0.022222222222222223,0.5444444444444444,-0.022222222222222223,0.4666666666666667,-0.03333333333333333,0.7111111111111111,0.13333333333333333,0.6222222222222222,0.15555555555555556,0.5222222222222223,0.14444444444444443,0.45555555555555555,0.12222222222222222
4,0.0,0.0,0.045454545454545456,-0.3522727272727273,0.23863636363636365,-0.6136363636363636,0.4318181818181818,-0.8068181818181818,0.5454545454545454,-1.0,0.7045454545454546,-0.45454545454545453,0.625,-0.42045454545454547,0.48863636363636365,-0.375,0.3977272727272727,-0.3522727272727273,0.7613636363636364,-0.25,0.6363636363636364,-0.25,0.5227272727272727,-0.22727272727272727,0.4318181818181818,-0.20454545454545456,0.75,-0.056818181818181816,0.6363636363636364,-0.06818181818181818,0.5227272727272727,-0.056818181818181816,0.4318181818181818,-0.045454545454545456,0.6931818181818182,0.125,0.5909090909090909,0.13636363636363635,0.4772727272727273,0.13636363636363635,0.42045454545454547,0.13636363636363635
4,0.0,0.0,0.09302325581395349,-0.32558139534883723,0.29069767441860467,-0.5930232558139535,0.45348837209302323,-0.813953488372093,0.5581395348837209,-1.0,0.7325581395348837,-0.38372093023255816,0.7093023255813954,-0.4069767441860465,0.5581395348837209,-0.38372093023255816,0.46511627906976744,-0.36046511627906974,0.7790697674418605,-0.19767441860465115,0.6976744186046512,-0.23255813953488372,0.5581395348837209,-0.22093023255813954,0.46511627906976744,-0.19767441860465115,0.7558139534883721,-0.023255813953488372,0.686046511627907,-0.05813953488372093,0.5581395348837209,-0.05813953488372093,0.47674418604651164,-0.03488372093023256,0.6976744186046512,0.13953488372093023,0.6511627906976745,0.11627906976744186,0.5465116279069767,0.11627906976744186,0.47674418604651164,0.11627906976744186
4,0.0,0.0,0.0975609756097561,-0.34146341463414637,0.2926829268292683,-0.6219512195121951,0.45121951219512196,-0.8170731707317073,0.573170731707317,-1.0,0.7682926829268293,-0.4634146341463415,0.7439024390243902,-0.34146341463414637,0.5975609756097561,-0.2926829268292683,0.4878048780487805,-0.2926829268292683,0.8414634146341463,-0.24390243902439024,0.7560975609756098,-0.14634146341463414,0.6097560975609756,-0.12195121951219512,0.5121951219512195,-0.13414634146341464,0.8292682926829268,-0.024390243902439025,0.7317073170731707,0.036585365853658534,0.5975609756097561,0.06097560975609756,0.4878048780487805,0.036585365853658534,0.7682926829268293,0.1951219512195122,0.6951219512195121,0.2682926829268293,0.5609756097560976,0.2682926829268293,0.47560975609756095,0.21951219512195122
4,0.0,0.0,0.12162162162162163,-0.3918918918918919,0.32432432432432434,-0.6756756756756757,0.5135135135135135,-0.8513513513513513,0.6486486486486487,-1.0,0.8918918918918919,-0.5135135135135135,0.972972972972973,-0.2972972972972973,0.8243243243243243,-0.22972972972972974,0.6756756756756757,-0.22972972972972974,0.9594594594594594,-0.28378378378378377,0.972972972972973,-0.08108108108108109,0.8108108108108109,-0.06756756756756757,0.6756756756756757,-0.0945945945945946,0.9459459459459459,-0.04054054054054054,0.9324324324324325,0.10810810810810811,0.7972972972972973,0.13513513513513514,0.6621621621621622,0.0945945945945946,0.8918918918918919,0.1891891891891892,0.8648648648648649,0.33783783783783783,0.7297297297297297,0.33783783783783783,0.6216216216216216,0.2972972972972973
4,0.0,0.0,0.10843373493975904,-0.3373493975903614,0.30120481927710846,-0.6024096385542169,0.4578313253012048,-0.8072289156626506,0.5421686746987951,-1.0,0.7469879518072289,-0.5060240963855421,0.7108433734939759,-0.3493975903614458,0.5662650602409639,-0.2891566265060241,0.4457831325301205,-0.3132530120481928,0.7951807228915663,-0.27710843373493976,0.6867469879518072,-0.18072289156626506,0.5542168674698795,-0.1566265060240964,0.43373493975903615,-0.14457831325301204,0.7710843373493976,-0.060240963855421686,0.6626506024096386,0.0,0.5421686746987951,0.012048192771084338,0.42168674698795183,0.012048192771084338,0.7228915662650602,0.13253012048192772,0.6265060240963856,0.1927710843373494,0.5180722891566265,0.20481927710843373,0.42168674698795183,0.1927710843373494
4,0.0,0.0,0.06666666666666667,-0.29333333333333333,0.26666666666666666,-0.5866666666666667,0.4266666666666667,-0.8133333333333334,0.5333333333333333,-1.0,0.72,-0.5066666666666667,0.84,-0.3466666666666667,0.68,-0.28,0.5333333333333333,-0.30666666666666664,0.7733333333333333,-0.30666666666666664,0.8266666666666667,-0.17333333333333334,0.6933333333333334,-0.13333333333333333,0.5733333333333334,-0.14666666666666667,0.7733333333333333,-0.09333333333333334,0.8266666666666667,0.013333333333333334,0.7066666666666667,0.04,0.6,0.04,0.7333333333333333,0.12,0.8133333333333334,0.2,0.7066666666666667,0.21333333333333335,0.6133333333333333,0.21333333333333335
4,0.0,0.0,0.12359550561797752,-0.29213483146067415,0.3595505617977528,-0.5617977528089888,0.5168539325842697,-0.7865168539325843,0.5730337078651685,-1.0,0.651685393258427,-0.4943820224719101,0.898876404494382,-0.34831460674157305,0.8202247191011236,-0.25842696629213485,0.6741573033707865,-0.2696629213483146,0.6853932584269663,-0.34831460674157305,0.9325842696629213,-0.19101123595505617,0.8426966292134831,-0.10112359550561797,0.7078651685393258,-0.10112359550561797,0.6966292134831461,-0.16853932584269662,0.9325842696629213,-0.033707865168539325,0.8426966292134831,0.0449438202247191,0.7078651685393258,0.056179775280898875,0.6629213483146067,0.011235955056179775,0.8876404494382022,0.11235955056179775,0.797752808988764,0.1797752808988764,0.6741573033707865,0.19101123595505617
4,0.0,0.0,0.08641975308641975,-0.2962962962962963,0.2962962962962963,-0.5802469135802469,0.4567901234567901,-0.7901234567901234,0.5555555555555556,-0.9753086419753086,0.6296296296296297,-0.5925925925925926,0.9876543209876543,-0.49382716049382713,0.8765432098765432,-0.4074074074074074,0.7160493827160493,-0.3950617283950617,0.654320987654321,-0.4444444444444444,1.0,-0.3333333333333333,0.8888888888888888,-0.2716049382716049,0.7407407407407407,-0.2716049382716049,0.6666666666666666,-0.25925925925925924,0.9753086419753086,-0.16049382716049382,0.8765432098765432,-0.1111111111111111,0.7407407407407407,-0.1111111111111111,0.6419753086419753,-0.06172839506172839,0.9135802469135802,0.012345679012345678,0.8148148148148148,0.06172839506172839,0.7037037037037037,0.06172839506172839
4,0.0,0.0,0.10975609756097561,-0.2804878048780488,0.32926829268292684,-0.5609756097560976,0.4878048780487805,-0.7682926829268293,0.5487804878048781,-0.975609756097561,0.6341463414634146,-0.5487804878048781,0.9878048780487805,-0.43902439024390244,0.8780487804878049,-0.36585365853658536,0.7317073170731707,-0.36585365853658536,0.6463414634146342,-0.3780487804878049,1.0,-0.24390243902439024,0.8780487804878049,-0.1951219512195122,0.7317073170731707,-0.23170731707317074,0.6341463414634146,-0.18292682926829268,0.9634146341463414,-0.04878048780487805,0.8414634146341463,-0.012195121951219513,0.6951219512195121,-0.04878048780487805,0.5975609756097561,0.024390243902439025,0.8902439024390244,0.10975609756097561,0.7682926829268293,0.13414634146341464,0.6341463414634146,0.10975609756097561
4,0.0,0.0,0.11224489795918367,-0.25510204081632654,0.30612244897959184,-0.5408163265306123,0.4387755102040816,-0.7857142857142857,0.4489795918367347,-1.0,0.5204081632653061,-0.5306122448979592,0.8469387755102041,-0.3673469387755102,0.7346938775510204,-0.3163265306122449,0.6020408163265306,-0.3469387755102041,0.5204081632653061,-0.37755102040816324,0.8469387755102041,-0.21428571428571427,0.7448979591836735,-0.17346938775510204,0.6020408163265306,-0.20408163265306123,0.5102040816326531,-0.20408163265306123,0.8163265306122449,-0.061224489795918366,0.7142857142857143,-0.030612244897959183,0.5918367346938775,-0.061224489795918366,0.5,-0.02040816326530612,0.7448979591836735,0.07142857142857142,0.6632653061224489,0.10204081632653061,0.5510204081632653,0.08163265306122448
4,0.0,0.0,0.1590909090909091,-0.29545454545454547,0.38636363636363635,-0.5454545454545454,0.6022727272727273,-0.6931818181818182,0.7727272727272727,-0.7840909090909091,0.6931818181818182,-0.4772727272727273,1.0,-0.29545454545454547,0.9204545454545454,-0.26136363636363635,0.7727272727272727,-0.2840909090909091,0.6931818181818182,-0.26136363636363635,0.9886363636363636,-0.10227272727272728,0.8863636363636364,-0.06818181818181818,0.75,-0.09090909090909091,0.6590909090909091,-0.022727272727272728,0.9318181818181818,0.10227272727272728,0.8409090909090909,0.13636363636363635,0.7159090909090909,0.11363636363636363,0.5909090909090909,0.20454545454545456,0.8295454545454546,0.3068181818181818,0.7613636363636364,0.3181818181818182,0.6704545454545454,0.3068181818181818
4,0.0,0.0,0.15555555555555556,-0.2777777777777778,0.3888888888888889,-0.5333333333333333,0.6,-0.6666666666666666,0.7888888888888889,-0.7555555555555555,0.7,-0.4888888888888889,1.0,-0.3,0.9222222222222223,-0.24444444444444444,0.7888888888888889,-0.2777777777777778,0.6888888888888889,-0.28888888888888886,0.9777777777777777,-0.12222222222222222,0.8888888888888888,-0.07777777777777778,0.7555555555555555,-0.1,0.6555555555555556,-0.06666666666666667,0.9333333333333333,0.07777777777777778,0.8444444444444444,0.12222222222222222,0.7222222222222222,0.1111111111111111,0.5888888888888889,0.15555555555555556,0.8222222222222222,0.26666666666666666,0.7777777777777778,0.28888888888888886,0.6777777777777778,0.28888888888888886
4,0.0,0.0,0.13861386138613863,-0.2871287128712871,0.36633663366336633,-0.5643564356435643,0.5346534653465347,-0.7920792079207921,0.594059405940594,-1.0,0.6831683168316832,-0.504950495049505,0.9207920792079208,-0.36633663366336633,0.8316831683168316,-0.297029702970297,0.7029702970297029,-0.31683168316831684,0.7128712871287128,-0.31683168316831684,0.9108910891089109,-0.19801980198019803,0.8217821782178217,-0.13861386138613863,0.6831683168316832,-0.15841584158415842,0.693069306930693,-0.09900990099009901,0.8712871287128713,-0.009900990099009901,0.7722772277227723,0.0297029702970297,0.6435643564356436,0.009900990099009901,0.6534653465346535,0.12871287128712872,0.801980198019802,0.1782178217821782,0.7029702970297029,0.18811881188118812,0.594059405940594,0.16831683168316833
4,0.0,0.0,0.13402061855670103,-0.29896907216494845,0.35051546391752575,-0.5876288659793815,0.5154639175257731,-0.8041237113402062,0.5979381443298969,-1.0,0.6701030927835051,-0.4948453608247423,0.8969072164948454,-0.41237113402061853,0.8041237113402062,-0.3402061855670103,0.6391752577319587,-0.3402061855670103,0.6907216494845361,-0.29896907216494845,0.9072164948453608,-0.1958762886597938,0.8041237113402062,-0.15463917525773196,0.6494845360824743,-0.17525773195876287,0.6701030927835051,-0.08247422680412371,0.8762886597938144,0.0,0.7938144329896907,0.010309278350515464,0.6494845360824743,-0.010309278350515464,0.6288659793814433,0.1134020618556701,0.8144329896907216,0.16494845360824742,0.7319587628865979,0.16494845360824742,0.6185567010309279,0.14432989690721648
4,0.0,0.0,0.13725490196078433,-0.29411764705882354,0.3431372549019608,-0.5686274509803921,0.49019607843137253,-0.7843137254901961,0.5490196078431373,-1.0,0.6568627450980392,-0.49019607843137253,0.8627450980392157,-0.35294117647058826,0.7450980392156863,-0.29411764705882354,0.6078431372549019,-0.3137254901960784,0.6764705882352942,-0.29411764705882354,0.8529411764705882,-0.16666666666666666,0.7352941176470589,-0.12745098039215685,0.5980392156862745,-0.1568627450980392,0.6666666666666666,-0.08823529411764706,0.8431372549019608,0.0196078431372549,0.7352941176470589,0.029411764705882353,0.5980392156862745,0.0,0.6274509803921569,0.10784313725490197,0.7941176470588235,0.17647058823529413,0.696078431372549,0.17647058823529413,0.5784313725490197,0.14705882352941177
4,0.0,0.0,0.13131313131313133,-0.29292929292929293,0.36363636363636365,-0.5858585858585859,0.5252525252525253,-0.797979797979798,0.5858585858585859,-1.0,0.6666666666666666,-0.5050505050505051,0.8888888888888888,-0.3838383838383838,0.797979797979798,-0.32323232323232326,0.6565656565656566,-0.3434343434343434,0.6767676767676768,-0.30303030303030304,0.8888888888888888,-0.1919191919191919,0.7878787878787878,-0.15151515151515152,0.6464646464646465,-0.1717171717171717,0.6565656565656566,-0.09090909090909091,0.8585858585858586,0.0,0.7575757575757576,0.020202020202020204,0.6262626262626263,0.0,0.6161616161616161,0.1111111111111111,0.797979797979798,0.1717171717171717,0.7070707070707071,0.1717171717171717,0.5959595959595959,0.15151515151515152
4,0.0,0.0,0.1188118811881188,-0.3069306930693069,0.3465346534653465,-0.5841584158415841,0.5148514851485149,-0.801980198019802,0.5544554455445545,-1.0,0.6633663366336634,-0.45544554455445546,0.8712871287128713,-0.40594059405940597,0.7524752475247525,-0.36633663366336633,0.6039603960396039,-0.36633663366336633,0.6831683168316832,-0.25742574257425743,0.8712871287128713,-0.21782178217821782,0.7524752475247525,-0.1782178217821782,0.6138613861386139,-0.18811881188118812,0.6633663366336634,-0.04950495049504951,0.8415841584158416,-0.019801980198019802,0.7425742574257426,0.0,0.6138613861386139,-0.009900990099009901,0.6138613861386139,0.13861386138613863,0.7821782178217822,0.15841584158415842,0.693069306930693,0.1485148514851485,0.5841584158415841,0.13861386138613863
4,0.0,0.0,0.10679611650485436,-0.32038834951456313,0.32038834951456313,-0.5922330097087378,0.4854368932038835,-0.8058252427184466,0.5339805825242718,-1.0,0.6601941747572816,-0.4368932038834951,0.8155339805825242,-0.3883495145631068,0.6893203883495146,-0.3592233009708738,0.5631067961165048,-0.3592233009708738,0.6990291262135923,-0.23300970873786409,0.8058252427184466,-0.20388349514563106,0.6990291262135923,-0.1941747572815534,0.5728155339805825,-0.1941747572815534,0.6796116504854369,-0.038834951456310676,0.7766990291262136,-0.02912621359223301,0.6796116504854369,-0.019417475728155338,0.5728155339805825,-0.019417475728155338,0.6310679611650486,0.13592233009708737,0.7281553398058253,0.13592233009708737,0.6407766990291263,0.13592233009708737,0.5533980582524272,0.13592233009708737
4,0.0,0.0,0.13592233009708737,-0.2912621359223301,0.3883495145631068,-0.5728155339805825,0.5533980582524272,-0.7864077669902912,0.6019417475728155,-1.0,0.6019417475728155,-0.47572815533980584,0.8737864077669902,-0.3786407766990291,0.7669902912621359,-0.33980582524271846,0.6310679611650486,-0.3592233009708738,0.5922330097087378,-0.2621359223300971,0.8640776699029126,-0.1941747572815534,0.7669902912621359,-0.1553398058252427,0.6213592233009708,-0.17475728155339806,0.5728155339805825,-0.038834951456310676,0.8349514563106796,0.0,0.7475728155339806,0.019417475728155338,0.6019417475728155,0.009708737864077669,0.5436893203883495,0.1650485436893204,0.7766990291262136,0.17475728155339806,0.6893203883495146,0.17475728155339806,0.5631067961165048,0.1553398058252427
5,0.0,0.0,-0.2808988764044944,0.2247191011235955,-0.5955056179775281,0.449438202247191,-0.8202247191011236,0.6629213483146067,-0.9550561797752809,0.8651685393258427,-0.898876404494382,0.11235955056179775,-1.0,0.11235955056179775,-0.7640449438202247,0.1348314606741573,-0.651685393258427,0.14606741573033707,-0.8539325842696629,-0.10112359550561797,-0.9325842696629213,-0.07865168539325842,-0.6741573033707865,-0.011235955056179775,-0.5730337078651685,0.011235955056179775,-0.7752808988764045,-0.29213483146067415,-0.8426966292134831,-0.2808988764044944,-0.6179775280898876,-0.19101123595505617,-0.5168539325842697,-0.14606741573033707,-0.6741573033707865,-0.47191011235955055,-0.797752808988764,-0.4943820224719101,-0.6629213483146067,-0.39325842696629215,-0.5617977528089888,-0.3258426966292135
5,0.0,0.0,-0.21686746987951808,0.27710843373493976,-0.5180722891566265,0.5421686746987951,-0.7108433734939759,0.7710843373493976,-0.8192771084337349,1.0,-0.8674698795180723,0.25301204819277107,-0.9518072289156626,0.21686746987951808,-0.7108433734939759,0.20481927710843373,-0.5783132530120482,0.21686746987951808,-0.8674698795180723,0.024096385542168676,-0.9156626506024096,0.0,-0.6265060240963856,0.03614457831325301,-0.5301204819277109,0.07228915662650602,-0.8072289156626506,-0.20481927710843373,-0.8795180722891566,-0.21686746987951808,-0.6144578313253012,-0.1566265060240964,-0.5301204819277109,-0.10843373493975904,-0.7228915662650602,-0.40963855421686746,-0.8674698795180723,-0.43373493975903615,-0.6746987951807228,-0.3614457831325301,-0.5903614457831325,-0.3132530120481928
5,0.0,0.0,-0.20238095238095238,0.2857142857142857,-0.5,0.5357142857142857,-0.6904761904761905,0.7738095238095238,-0.7976190476190477,1.0,-0.8095238095238095,0.2619047619047619,-0.9404761904761905,0.23809523809523808,-0.7261904761904762,0.2261904761904762,-0.5714285714285714,0.21428571428571427,-0.8095238095238095,0.03571428571428571,-0.9404761904761905,0.011904761904761904,-0.6666666666666666,0.047619047619047616,-0.5357142857142857,0.07142857142857142,-0.7619047619047619,-0.17857142857142858,-0.8928571428571429,-0.21428571428571427,-0.6428571428571429,-0.15476190476190477,-0.5238095238095238,-0.10714285714285714,-0.6785714285714286,-0.36904761904761907,-0.8571428571428571,-0.42857142857142855,-0.6904761904761905,-0.35714285714285715,-0.5833333333333334,-0.30952380952380953
5,0.0,0.0,-0.1744186046511628,0.29069767441860467,-0.45348837209302323,0.5581395348837209,-0.6395348837209303,0.7790697674418605,-0.7325581395348837,1.0,-0.7558139534883721,0.29069767441860467,-0.9069767441860465,0.27906976744186046,-0.6744186046511628,0.2558139534883721,-0.5116279069767442,0.2441860465116279,-0.7674418604651163,0.06976744186046512,-0.9069767441860465,0.046511627906976744,-0.627906976744186,0.05813953488372093,-0.4883720930232558,0.06976744186046512,-0.7325581395348837,-0.1511627906976744,-0.8837209302325582,-0.1744186046511628,-0.627906976744186,-0.13953488372093023,-0.5,-0.10465116279069768,-0.6744186046511628,-0.3488372093023256,-0.8488372093023255,-0.37209302325581395,-0.6744186046511628,-0.313953488372093,-0.5581395348837209,-0.27906976744186046
5,0.0,0.0,-0.2235294117647059,0.27058823529411763,-0.5176470588235295,0.5411764705882353,-0.7058823529411765,0.7764705882352941,-0.8117647058823529,1.0,-0.8,0.29411764705882354,-1.0,0.2823529411764706,-0.7764705882352941,0.24705882352941178,-0.611764705882353,0.2235294117647059,-0.8,0.07058823529411765,-1.0,0.047058823529411764,-0.7176470588235294,0.058823529411764705,-0.5647058823529412,0.07058823529411765,-0.7647058823529411,-0.1411764705882353,-0.9176470588235294,-0.16470588235294117,-0.6823529411764706,-0.12941176470588237,-0.5411764705882353,-0.10588235294117647,-0.7058823529411765,-0.3411764705882353,-0.8941176470588236,-0.3764705882352941,-0.7294117647058823,-0.3058823529411765,-0.611764705882353,-0.27058823529411763
5,0.0,0.0,-0.16483516483516483,0.25274725274725274,-0.3956043956043956,0.5274725274725275,-0.5604395604395604,0.7802197802197802,-0.6483516483516484,1.0,-0.7142857142857143,0.34065934065934067,-0.9120879120879121,0.32967032967032966,-0.6923076923076923,0.2857142857142857,-0.5384615384615384,0.27472527472527475,-0.7252747252747253,0.13186813186813187,-0.9010989010989011,0.12087912087912088,-0.6483516483516484,0.10989010989010989,-0.5164835164835165,0.13186813186813187,-0.7142857142857143,-0.07692307692307693,-0.8681318681318682,-0.0989010989010989,-0.6483516483516484,-0.07692307692307693,-0.5164835164835165,-0.054945054945054944,-0.6593406593406593,-0.26373626373626374,-0.8571428571428571,-0.2967032967032967,-0.7032967032967034,-0.26373626373626374,-0.5824175824175825,-0.21978021978021978
5,0.0,0.0,-0.15789473684210525,0.2631578947368421,-0.35789473684210527,0.5368421052631579,-0.5052631578947369,0.7894736842105263,-0.5684210526315789,1.0,-0.7052631578947368,0.35789473684210527,-0.8631578947368421,0.35789473684210527,-0.6421052631578947,0.30526315789473685,-0.47368421052631576,0.2736842105263158,-0.7368421052631579,0.16842105263157894,-0.8736842105263158,0.15789473684210525,-0.6,0.1368421052631579,-0.45263157894736844,0.1368421052631579,-0.7157894736842105,-0.031578947368421054,-0.8421052631578947,-0.05263157894736842,-0.6,-0.042105263157894736,-0.4631578947368421,-0.021052631578947368,-0.6736842105263158,-0.21052631578947367,-0.8526315789473684,-0.23157894736842105,-0.6736842105263158,-0.21052631578947367,-0.5578947368421052,-0.17894736842105263
5,0.0,0.0,-0.1326530612244898,0.25510204081632654,-0.32653061224489793,0.5408163265306123,-0.47959183673469385,0.7857142857142857,-0.5510204081632653,1.0,-0.6836734693877551,0.40816326530612246,-0.8673469387755102,0.37755102040816324,-0.6326530612244898,0.3163265306122449,-0.4897959183673469,0.29591836734693877,-0.7142857142857143,0.20408163265306123,-0.8979591836734694,0.1836734693877551,-0.6224489795918368,0.15306122448979592,-0.4897959183673469,0.15306122448979592,-0.7142857142857143,0.01020408163265306,-0.8673469387755102,-0.02040816326530612,-0.6224489795918368,-0.030612244897959183,-0.4897959183673469,-0.01020408163265306,-0.6836734693877551,-0.1836734693877551,-0.8469387755102041,-0.19387755102040816,-0.6632653061224489,-0.1836734693877551,-0.5408163265306123,-0.15306122448979592
5,0.0,0.0,-0.1414141414141414,0.26262626262626265,-0.31313131313131315,0.5353535353535354,-0.4444444444444444,0.7777777777777778,-0.5151515151515151,1.0,-0.6464646464646465,0.41414141414141414,-0.8181818181818182,0.40404040404040403,-0.6060606060606061,0.3434343434343434,-0.46464646464646464,0.32323232323232326,-0.696969696969697,0.2222222222222222,-0.8484848484848485,0.2222222222222222,-0.5959595959595959,0.18181818181818182,-0.46464646464646464,0.1717171717171717,-0.696969696969697,0.020202020202020204,-0.8383838383838383,0.010101010101010102,-0.6060606060606061,0.0,-0.47474747474747475,0.010101010101010102,-0.6666666666666666,-0.16161616161616163,-0.8383838383838383,-0.1717171717171717,-0.6767676767676768,-0.15151515151515152,-0.5555555555555556,-0.13131313131313133
5,0.0,0.0,-0.09574468085106383,0.2978723404255319,-0.2872340425531915,0.6170212765957447,-0.4574468085106383,0.8404255319148937,-0.5425531914893617,1.0,-0.723404255319149,0.5425531914893617,-0.8617021276595744,0.5638297872340425,-0.6170212765957447,0.4787234042553192,-0.46808510638297873,0.44680851063829785,-0.8085106382978723,0.3404255319148936,-0.8936170212765957,0.3191489361702128,-0.5851063829787234,0.24468085106382978,-0.46808510638297873,0.2553191489361702,-0.8297872340425532,0.11702127659574468,-0.8936170212765957,0.0851063829787234,-0.6170212765957447,0.05319148936170213,-0.5,0.0851063829787234,-0.8297872340425532,-0.0851063829787234,-0.8936170212765957,-0.11702127659574468,-0.6595744680851063,-0.10638297872340426,-0.5531914893617021,-0.07446808510638298
5,0.0,0.0,-0.0891089108910891,0.26732673267326734,-0.25742574257425743,0.5544554455445545,-0.38613861386138615,0.801980198019802,-0.43564356435643564,1.0,-0.6039603960396039,0.45544554455445546,-0.7722772277227723,0.46534653465346537,-0.5544554455445545,0.40594059405940597,-0.42574257425742573,0.37623762376237624,-0.6435643564356436,0.26732673267326734,-0.801980198019802,0.27722772277227725,-0.5346534653465347,0.2376237623762376,-0.42574257425742573,0.2376237623762376,-0.6534653465346535,0.07920792079207921,-0.801980198019802,0.0891089108910891,-0.5544554455445545,0.06930693069306931,-0.44554455445544555,0.07920792079207921,-0.6435643564356436,-0.09900990099009901,-0.8118811881188119,-0.0891089108910891,-0.6336633663366337,-0.07920792079207921,-0.5247524752475248,-0.06930693069306931
5,0.0,0.0,-0.1134020618556701,0.26804123711340205,-0.28865979381443296,0.5463917525773195,-0.4020618556701031,0.7938144329896907,-0.4329896907216495,1.0,-0.6494845360824743,0.4329896907216495,-0.8041237113402062,0.4536082474226804,-0.5979381443298969,0.4020618556701031,-0.4845360824742268,0.38144329896907214,-0.6907216494845361,0.24742268041237114,-0.845360824742268,0.26804123711340205,-0.5876288659793815,0.23711340206185566,-0.4742268041237113,0.2268041237113402,-0.7010309278350515,0.061855670103092786,-0.865979381443299,0.07216494845360824,-0.6185567010309279,0.061855670103092786,-0.4948453608247423,0.061855670103092786,-0.6907216494845361,-0.12371134020618557,-0.865979381443299,-0.1134020618556701,-0.6804123711340206,-0.09278350515463918,-0.5670103092783505,-0.09278350515463918
5,0.0,0.0,-0.11458333333333333,0.2708333333333333,-0.2708333333333333,0.5625,-0.3645833333333333,0.8125,-0.4166666666666667,1.0,-0.6041666666666666,0.4375,-0.7916666666666666,0.4895833333333333,-0.6145833333333334,0.4375,-0.46875,0.3958333333333333,-0.65625,0.2604166666666667,-0.8541666666666666,0.2916666666666667,-0.6145833333333334,0.2604166666666667,-0.4583333333333333,0.23958333333333334,-0.6666666666666666,0.07291666666666667,-0.8645833333333334,0.09375,-0.6354166666666666,0.08333333333333333,-0.46875,0.07291666666666667,-0.65625,-0.11458333333333333,-0.84375,-0.09375,-0.6770833333333334,-0.08333333333333333,-0.5520833333333334,-0.07291666666666667
5,0.0,0.0,-0.0784313725490196,0.2647058823529412,-0.20588235294117646,0.5490196078431373,-0.30392156862745096,0.803921568627451,-0.3431372549019608,1.0,-0.5784313725490197,0.4215686274509804,-0.6666666666666666,0.45098039215686275,-0.5,0.38235294117647056,-0.45098039215686275,0.3627450980392157,-0.6372549019607843,0.23529411764705882,-0.7254901960784313,0.2549019607843137,-0.5098039215686274,0.21568627450980393,-0.4411764705882353,0.21568627450980393,-0.6568627450980392,0.049019607843137254,-0.7647058823529411,0.06862745098039216,-0.5490196078431373,0.058823529411764705,-0.45098039215686275,0.058823529411764705,-0.6470588235294118,-0.11764705882352941,-0.7549019607843137,-0.10784313725490197,-0.5882352941176471,-0.09803921568627451,-0.5,-0.08823529411764706
5,0.0,0.0,-0.09259259259259259,0.2962962962962963,-0.24074074074074073,0.5833333333333334,-0.3611111111111111,0.8055555555555556,-0.39814814814814814,1.0,-0.5833333333333334,0.4444444444444444,-0.7129629629629629,0.46296296296296297,-0.5370370370370371,0.4074074074074074,-0.42592592592592593,0.3611111111111111,-0.6388888888888888,0.26851851851851855,-0.7777777777777778,0.2962962962962963,-0.5555555555555556,0.25,-0.42592592592592593,0.2222222222222222,-0.6666666666666666,0.10185185185185185,-0.7962962962962963,0.12037037037037036,-0.5925925925925926,0.10185185185185185,-0.4537037037037037,0.08333333333333333,-0.6481481481481481,-0.07407407407407407,-0.7962962962962963,-0.046296296296296294,-0.6574074074074074,-0.037037037037037035,-0.5370370370370371,-0.046296296296296294
5,0.0,0.0,-0.08333333333333333,0.28703703703703703,-0.2222222222222222,0.5740740740740741,-0.3333333333333333,0.8055555555555556,-0.37962962962962965,1.0,-0.5277777777777778,0.42592592592592593,-0.7222222222222222,0.46296296296296297,-0.5370370370370371,0.4074074074074074,-0.4166666666666667,0.35185185185185186,-0.5925925925925926,0.25,-0.7870370370370371,0.28703703703703703,-0.5555555555555556,0.24074074074074073,-0.4166666666666667,0.21296296296296297,-0.6203703703703703,0.08333333333333333,-0.8055555555555556,0.1111111111111111,-0.5833333333333334,0.10185185185185185,-0.42592592592592593,0.07407407407407407,-0.6111111111111112,-0.08333333333333333,-0.7962962962962963,-0.05555555555555555,-0.6388888888888888,-0.046296296296296294,-0.5092592592592593,-0.046296296296296294
5,0.0,0.0,-0.09433962264150944,0.29245283018867924,-0.22641509433962265,0.5660377358490566,-0.32075471698113206,0.8113207547169812,-0.3584905660377358,1.0,-0.5188679245283019,0.4056603773584906,-0.7169811320754716,0.46226415094339623,-0.5471698113207547,0.4056603773584906,-0.4056603773584906,0.3584905660377358,-0.5849056603773585,0.24528301886792453,-0.7924528301886793,0.29245283018867924,-0.5660377358490566,0.25471698113207547,-0.41509433962264153,0.22641509433962265,-0.6037735849056604,0.07547169811320754,-0.8018867924528302,0.10377358490566038,-0.5943396226415094,0.09433962264150944,-0.44339622641509435,0.07547169811320754,-0.6037735849056604,-0.08490566037735849,-0.7924528301886793,-0.0660377358490566,-0.6509433962264151,-0.04716981132075472,-0.5283018867924528,-0.05660377358490566
5,0.0,0.0,-0.09259259259259259,0.2962962962962963,-0.23148148148148148,0.5833333333333334,-0.3425925925925926,0.8240740740740741,-0.39814814814814814,1.0,-0.5462962962962963,0.4444444444444444,-0.7314814814814815,0.4722222222222222,-0.5648148148148148,0.4074074074074074,-0.42592592592592593,0.3611111111111111,-0.6018518518518519,0.26851851851851855,-0.8055555555555556,0.2962962962962963,-0.5925925925925926,0.25925925925925924,-0.4351851851851852,0.23148148148148148,-0.6203703703703703,0.10185185185185185,-0.8055555555555556,0.12037037037037036,-0.6111111111111112,0.1111111111111111,-0.4537037037037037,0.09259259259259259,-0.6203703703703703,-0.05555555555555555,-0.7962962962962963,-0.037037037037037035,-0.6574074074074074,-0.037037037037037035,-0.5370370370370371,-0.046296296296296294
5,0.0,0.0,-0.09433962264150944,0.25471698113207547,-0.25471698113207547,0.5566037735849056,-0.36792452830188677,0.8113207547169812,-0.41509433962264153,1.0,-0.5943396226415094,0.4528301886792453,-0.7452830188679245,0.4339622641509434,-0.5471698113207547,0.37735849056603776,-0.44339622641509435,0.36792452830188677,-0.6509433962264151,0.2641509433962264,-0.8018867924528302,0.25471698113207547,-0.5471698113207547,0.2169811320754717,-0.44339622641509435,0.2358490566037736,-0.6698113207547169,0.09433962264150944,-0.7924528301886793,0.0660377358490566,-0.5660377358490566,0.05660377358490566,-0.4716981132075472,0.07547169811320754,-0.660377358490566,-0.07547169811320754,-0.7830188679245284,-0.09433962264150944,-0.6132075471698113,-0.08490566037735849,-0.5283018867924528,-0.05660377358490566
5,0.0,0.0,-0.125,0.2708333333333333,-0.3333333333333333,0.5833333333333334,-0.4895833333333333,0.8125,-0.5833333333333334,1.0,-0.6770833333333334,0.4270833333333333,-0.875,0.4375,-0.6666666666666666,0.40625,-0.5416666666666666,0.3854166666666667,-0.7291666666666666,0.23958333333333334,-0.9270833333333334,0.25,-0.6666666666666666,0.22916666666666666,-0.5729166666666666,0.22916666666666666,-0.7708333333333334,0.0625,-0.9270833333333334,0.0625,-0.6979166666666666,0.052083333333333336,-0.6041666666666666,0.052083333333333336,-0.78125,-0.125,-0.9375,-0.125,-0.7604166666666666,-0.11458333333333333,-0.6666666666666666,-0.10416666666666667
5,0.0,0.0,-0.10714285714285714,0.2857142857142857,-0.34523809523809523,0.5952380952380952,-0.5714285714285714,0.7976190476190477,-0.7023809523809523,0.9404761904761905,-0.7738095238095238,0.4642857142857143,-0.9166666666666666,0.4880952380952381,-0.6904761904761905,0.4166666666666667,-0.6547619047619048,0.40476190476190477,-0.8333333333333334,0.23809523809523808,-0.9880952380952381,0.25,-0.7142857142857143,0.21428571428571427,-0.6904761904761905,0.2261904761904762,-0.8571428571428571,0.011904761904761904,-1.0,0.011904761904761904,-0.7619047619047619,0.0,-0.7142857142857143,0.011904761904761904,-0.8452380952380952,-0.20238095238095238,-1.0,-0.21428571428571427,-0.8214285714285714,-0.19047619047619047,-0.75,-0.17857142857142858
5,0.0,0.0,-0.1326530612244898,0.2755102040816326,-0.3877551020408163,0.5510204081632653,-0.5612244897959183,0.7857142857142857,-0.6428571428571429,1.0,-0.6836734693877551,0.3469387755102041,-0.8877551020408163,0.3469387755102041,-0.6836734693877551,0.30612244897959184,-0.5510204081632653,0.29591836734693877,-0.7040816326530612,0.15306122448979592,-0.8571428571428571,0.1326530612244898,-0.6326530612244898,0.12244897959183673,-0.5306122448979592,0.14285714285714285,-0.6938775510204082,-0.04081632653061224,-0.8469387755102041,-0.061224489795918366,-0.6428571428571429,-0.05102040816326531,-0.5408163265306123,-0.030612244897959183,-0.673469387755102,-0.23469387755102042,-0.8571428571428571,-0.25510204081632654,-0.7142857142857143,-0.22448979591836735,-0.6122448979591837,-0.19387755102040816
5,0.0,0.0,-0.17391304347826086,0.2608695652173913,-0.43478260869565216,0.5434782608695652,-0.6086956521739131,0.782608695652174,-0.6739130434782609,1.0,-0.75,0.3695652173913043,-0.9456521739130435,0.33695652173913043,-0.7282608695652174,0.30434782608695654,-0.5869565217391305,0.30434782608695654,-0.782608695652174,0.15217391304347827,-0.967391304347826,0.11956521739130435,-0.7065217391304348,0.11956521739130435,-0.5760869565217391,0.13043478260869565,-0.7717391304347826,-0.06521739130434782,-0.9239130434782609,-0.09782608695652174,-0.6847826086956522,-0.07608695652173914,-0.5652173913043478,-0.043478260869565216,-0.7391304347826086,-0.2717391304347826,-0.8913043478260869,-0.29347826086956524,-0.7282608695652174,-0.25,-0.6195652173913043,-0.20652173913043478
5,0.0,0.0,-0.16853932584269662,0.2696629213483146,-0.449438202247191,0.550561797752809,-0.6179775280898876,0.7865168539325843,-0.6853932584269663,1.0,-0.7865168539325843,0.3146067415730337,-0.9662921348314607,0.29213483146067415,-0.7191011235955056,0.29213483146067415,-0.5393258426966292,0.29213483146067415,-0.7865168539325843,0.0898876404494382,-0.9775280898876404,0.0449438202247191,-0.6741573033707865,0.0898876404494382,-0.550561797752809,0.11235955056179775,-0.7640449438202247,-0.12359550561797752,-0.9101123595505618,-0.16853932584269662,-0.651685393258427,-0.11235955056179775,-0.550561797752809,-0.07865168539325842,-0.7078651685393258,-0.3258426966292135,-0.8764044943820225,-0.3707865168539326,-0.6966292134831461,-0.30337078651685395,-0.6179775280898876,-0.25842696629213485
5,0.0,0.0,-0.14285714285714285,0.26373626373626374,-0.3626373626373626,0.5494505494505495,-0.4835164835164835,0.7802197802197802,-0.5714285714285714,1.0,-0.7582417582417582,0.3626373626373626,-0.8351648351648352,0.3516483516483517,-0.6043956043956044,0.3076923076923077,-0.4835164835164835,0.2857142857142857,-0.8021978021978022,0.13186813186813187,-0.8571428571428571,0.13186813186813187,-0.5824175824175825,0.12087912087912088,-0.4945054945054945,0.14285714285714285,-0.7802197802197802,-0.07692307692307693,-0.8681318681318682,-0.08791208791208792,-0.6153846153846154,-0.07692307692307693,-0.5164835164835165,-0.054945054945054944,-0.7142857142857143,-0.27472527472527475,-0.8571428571428571,-0.2967032967032967,-0.6813186813186813,-0.26373626373626374,-0.5824175824175825,-0.23076923076923078
5,0.0,0.0,-0.11702127659574468,0.24468085106382978,-0.35106382978723405,0.5319148936170213,-0.4787234042553192,0.7872340425531915,-0.5319148936170213,1.0,-0.7127659574468085,0.3617021276595745,-0.7872340425531915,0.3404255319148936,-0.5638297872340425,0.2765957446808511,-0.4574468085106383,0.2553191489361702,-0.7446808510638298,0.14893617021276595,-0.8191489361702128,0.10638297872340426,-0.5425531914893617,0.09574468085106383,-0.4787234042553192,0.1276595744680851,-0.7340425531914894,-0.07446808510638298,-0.7978723404255319,-0.11702127659574468,-0.5531914893617021,-0.09574468085106383,-0.48936170212765956,-0.05319148936170213,-0.6808510638297872,-0.2553191489361702,-0.7872340425531915,-0.30851063829787234,-0.6063829787234043,-0.26595744680851063,-0.5425531914893617,-0.22340425531914893
5,0.0,0.0,-0.09574468085106383,0.24468085106382978,-0.30851063829787234,0.5319148936170213,-0.425531914893617,0.776595744680851,-0.48936170212765956,1.0,-0.7340425531914894,0.40425531914893614,-0.6808510638297872,0.35106382978723405,-0.4787234042553192,0.2978723404255319,-0.4574468085106383,0.2978723404255319,-0.7978723404255319,0.19148936170212766,-0.7021276595744681,0.13829787234042554,-0.4574468085106383,0.11702127659574468,-0.43617021276595747,0.14893617021276595,-0.7978723404255319,-0.010638297872340425,-0.7021276595744681,-0.06382978723404255,-0.46808510638297873,-0.05319148936170213,-0.44680851063829785,-0.010638297872340425,-0.7659574468085106,-0.20212765957446807,-0.723404255319149,-0.24468085106382978,-0.5319148936170213,-0.2127659574468085,-0.4787234042553192,-0.1595744680851064
5,0.0,0.0,-0.11235955056179775,0.24719101123595505,-0.3146067415730337,0.5168539325842697,-0.4606741573033708,0.7640449438202247,-0.5393258426966292,1.0,-0.7865168539325843,0.33707865168539325,-0.7640449438202247,0.3258426966292135,-0.550561797752809,0.30337078651685395,-0.47191011235955055,0.29213483146067415,-0.8089887640449438,0.11235955056179775,-0.7640449438202247,0.10112359550561797,-0.5280898876404494,0.10112359550561797,-0.43820224719101125,0.12359550561797752,-0.7528089887640449,-0.0898876404494382,-0.7303370786516854,-0.10112359550561797,-0.5168539325842697,-0.07865168539325842,-0.449438202247191,-0.0449438202247191,-0.6741573033707865,-0.29213483146067415,-0.7191011235955056,-0.30337078651685395,-0.5617977528089888,-0.2696629213483146,-0.48314606741573035,-0.23595505617977527
5,0.0,0.0,-0.12048192771084337,0.27710843373493976,-0.3373493975903614,0.5542168674698795,-0.4819277108433735,0.7831325301204819,-0.5542168674698795,1.0,-0.7349397590361446,0.3373493975903614,-0.8313253012048193,0.3132530120481928,-0.6265060240963856,0.30120481927710846,-0.5301204819277109,0.2891566265060241,-0.7469879518072289,0.0963855421686747,-0.8313253012048193,0.0963855421686747,-0.6144578313253012,0.0963855421686747,-0.5180722891566265,0.10843373493975904,-0.7228915662650602,-0.12048192771084337,-0.7831325301204819,-0.12048192771084337,-0.6024096385542169,-0.08433734939759036,-0.5180722891566265,-0.07228915662650602,-0.6626506024096386,-0.3253012048192771,-0.7710843373493976,-0.3373493975903614,-0.6265060240963856,-0.2891566265060241,-0.5421686746987951,-0.26506024096385544
5,0.0,0.0,-0.10344827586206896,0.25287356321839083,-0.3218390804597701,0.5287356321839081,-0.45977011494252873,0.7816091954022989,-0.5287356321839081,1.0,-0.7586206896551724,0.3563218390804598,-0.735632183908046,0.3333333333333333,-0.5172413793103449,0.27586206896551724,-0.42528735632183906,0.25287356321839083,-0.8160919540229885,0.12643678160919541,-0.735632183908046,0.10344827586206896,-0.4942528735632184,0.10344827586206896,-0.42528735632183906,0.12643678160919541,-0.7931034482758621,-0.09195402298850575,-0.7241379310344828,-0.11494252873563218,-0.4942528735632184,-0.08045977011494253,-0.4367816091954023,-0.04597701149425287,-0.7241379310344828,-0.28735632183908044,-0.7241379310344828,-0.3103448275862069,-0.5517241379310345,-0.26436781609195403,-0.4827586206896552,-0.21839080459770116
5,0.0,0.0,-0.10227272727272728,0.25,-0.32954545454545453,0.5340909090909091,-0.4772727272727273,0.7727272727272727,-0.5568181818181818,1.0,-0.7272727272727273,0.375,-0.7840909090909091,0.3409090909090909,-0.5568181818181818,0.29545454545454547,-0.4772727272727273,0.29545454545454547,-0.7840909090909091,0.1590909090909091,-0.7954545454545454,0.125,-0.5340909090909091,0.11363636363636363,-0.4772727272727273,0.14772727272727273,-0.7613636363636364,-0.045454545454545456,-0.7727272727272727,-0.07954545454545454,-0.5340909090909091,-0.056818181818181816,-0.4772727272727273,-0.022727272727272728,-0.7159090909090909,-0.23863636363636365,-0.75,-0.26136363636363635,-0.5568181818181818,-0.22727272727272727,-0.5,-0.18181818181818182
5,0.0,0.0,-0.14942528735632185,0.25287356321839083,-0.3793103448275862,0.5287356321839081,-0.5287356321839081,0.7701149425287356,-0.6091954022988506,1.0,-0.7241379310344828,0.3218390804597701,-0.8045977011494253,0.3563218390804598,-0.6551724137931034,0.3333333333333333,-0.5862068965517241,0.3103448275862069,-0.7471264367816092,0.12643678160919541,-0.8390804597701149,0.14942528735632185,-0.6666666666666666,0.13793103448275862,-0.5977011494252874,0.11494252873563218,-0.735632183908046,-0.08045977011494253,-0.8160919540229885,-0.05747126436781609,-0.6551724137931034,-0.04597701149425287,-0.5977011494252874,-0.05747126436781609,-0.6896551724137931,-0.26436781609195403,-0.7816091954022989,-0.25287356321839083,-0.6666666666666666,-0.22988505747126436,-0.6091954022988506,-0.21839080459770116
5,0.0,0.0,-0.1927710843373494,0.27710843373493976,-0.43373493975903615,0.5301204819277109,-0.5783132530120482,0.7710843373493976,-0.6746987951807228,1.0,-0.6867469879518072,0.25301204819277107,-0.8554216867469879,0.27710843373493976,-0.8795180722891566,0.3614457831325301,-0.8674698795180723,0.46987951807228917,-0.6987951807228916,0.07228915662650602,-0.8554216867469879,0.08433734939759036,-0.8313253012048193,0.14457831325301204,-0.7951807228915663,0.20481927710843373,-0.6746987951807228,-0.12048192771084337,-0.8433734939759037,-0.12048192771084337,-0.8192771084337349,-0.060240963855421686,-0.7831325301204819,0.0,-0.6144578313253012,-0.3132530120481928,-0.7951807228915663,-0.3253012048192771,-0.7951807228915663,-0.27710843373493976,-0.7831325301204819,-0.21686746987951808
5,0.0,0.0,-0.15789473684210525,0.2631578947368421,-0.3684210526315789,0.5368421052631579,-0.5157894736842106,0.7789473684210526,-0.5894736842105263,1.0,-0.6842105263157895,0.3894736842105263,-0.7684210526315789,0.4105263157894737,-0.5789473684210527,0.35789473684210527,-0.4631578947368421,0.3157894736842105,-0.7263157894736842,0.22105263157894736,-0.8210526315789474,0.24210526315789474,-0.6,0.21052631578947367,-0.47368421052631576,0.17894736842105263,-0.7368421052631579,0.042105263157894736,-0.8210526315789474,0.05263157894736842,-0.6210526315789474,0.05263157894736842,-0.5052631578947369,0.042105263157894736,-0.7157894736842105,-0.1368421052631579,-0.8315789473684211,-0.1368421052631579,-0.6842105263157895,-0.09473684210526316,-0.5894736842105263,-0.08421052631578947
5,0.0,0.0,-0.12371134020618557,0.27835051546391754,-0.31958762886597936,0.5670103092783505,-0.4536082474226804,0.7835051546391752,-0.5154639175257731,1.0,-0.6494845360824743,0.4020618556701031,-0.7835051546391752,0.4536082474226804,-0.5670103092783505,0.4020618556701031,-0.4639175257731959,0.38144329896907214,-0.6804123711340206,0.2268041237113402,-0.8247422680412371,0.28865979381443296,-0.5670103092783505,0.25773195876288657,-0.4639175257731959,0.2268041237113402,-0.6907216494845361,0.041237113402061855,-0.8041237113402062,0.09278350515463918,-0.5670103092783505,0.08247422680412371,-0.4845360824742268,0.061855670103092786,-0.6701030927835051,-0.14432989690721648,-0.7835051546391752,-0.10309278350515463,-0.6082474226804123,-0.08247422680412371,-0.5360824742268041,-0.08247422680412371
5,0.0,0.0,-0.08602150537634409,0.26881720430107525,-0.25806451612903225,0.5591397849462365,-0.3870967741935484,0.7849462365591398,-0.45161290322580644,1.0,-0.6451612903225806,0.45161290322580644,-0.7526881720430108,0.5161290322580645,-0.5483870967741935,0.44086021505376344,-0.40860215053763443,0.3763440860215054,-0.7096774193548387,0.27956989247311825,-0.8064516129032258,0.34408602150537637,-0.5591397849462365,0.2903225806451613,-0.44086021505376344,0.24731182795698925,-0.7311827956989247,0.0967741935483871,-0.8172043010752689,0.12903225806451613,-0.5913978494623656,0.11827956989247312,-0.4946236559139785,0.0967741935483871,-0.7419354838709677,-0.0967741935483871,-0.8602150537634409,-0.053763440860215055,-0.7096774193548387,-0.03225806451612903,-0.6236559139784946,-0.03225806451612903
5,0.0,0.0,-0.0989010989010989,0.2857142857142857,-0.2857142857142857,0.5824175824175825,-0.42857142857142855,0.8021978021978022,-0.4835164835164835,1.0,-0.6373626373626373,0.4835164835164835,-0.7692307692307693,0.5384615384615384,-0.5934065934065934,0.45054945054945056,-0.43956043956043955,0.37362637362637363,-0.7142857142857143,0.3076923076923077,-0.8571428571428571,0.3626373626373626,-0.6153846153846154,0.2967032967032967,-0.4725274725274725,0.24175824175824176,-0.7582417582417582,0.10989010989010989,-0.8901098901098901,0.15384615384615385,-0.6813186813186813,0.13186813186813187,-0.5494505494505495,0.0989010989010989,-0.7802197802197802,-0.07692307692307693,-0.9560439560439561,-0.054945054945054944,-0.8681318681318682,-0.03296703296703297,-0.8131868131868132,-0.03296703296703297
5,0.0,0.0,-0.12871287128712872,0.2871287128712871,-0.297029702970297,0.5643564356435643,-0.40594059405940597,0.7920792079207921,-0.43564356435643564,1.0,-0.6237623762376238,0.44554455445544555,-0.7920792079207921,0.4752475247524752,-0.6237623762376238,0.4158415841584158,-0.48514851485148514,0.37623762376237624,-0.6831683168316832,0.26732673267326734,-0.8316831683168316,0.3069306930693069,-0.6039603960396039,0.27722772277227725,-0.46534653465346537,0.24752475247524752,-0.7128712871287128,0.0891089108910891,-0.8316831683168316,0.1188118811881188,-0.6237623762376238,0.10891089108910891,-0.48514851485148514,0.09900990099009901,-0.7029702970297029,-0.09900990099009901,-0.8514851485148515,-0.06930693069306931,-0.7029702970297029,-0.039603960396039604,-0.6039603960396039,-0.019801980198019802
5,0.0,0.0,-0.0761904761904762,0.26666666666666666,-0.20952380952380953,0.5523809523809524,-0.3142857142857143,0.7904761904761904,-0.37142857142857144,1.0,-0.49523809523809526,0.45714285714285713,-0.6857142857142857,0.5333333333333333,-0.5619047619047619,0.47619047619047616,-0.4857142857142857,0.42857142857142855,-0.5714285714285714,0.2857142857142857,-0.780952380952381,0.3619047619047619,-0.580952380952381,0.3142857142857143,-0.47619047619047616,0.26666666666666666,-0.6095238095238096,0.11428571428571428,-0.8,0.17142857142857143,-0.6,0.14285714285714285,-0.4857142857142857,0.11428571428571428,-0.6190476190476191,-0.06666666666666667,-0.7904761904761904,-0.01904761904761905,-0.638095238095238,-0.009523809523809525,-0.5333333333333333,-0.02857142857142857
5,0.0,0.0,-0.10638297872340426,0.2978723404255319,-0.2765957446808511,0.5851063829787234,-0.3829787234042553,0.8085106382978723,-0.43617021276595747,1.0,-0.6808510638297872,0.4574468085106383,-0.7978723404255319,0.5638297872340425,-0.5957446808510638,0.5212765957446809,-0.4787234042553192,0.44680851063829785,-0.7553191489361702,0.2872340425531915,-0.9148936170212766,0.3723404255319149,-0.648936170212766,0.3404255319148936,-0.5106382978723404,0.2872340425531915,-0.7872340425531915,0.09574468085106383,-0.9361702127659575,0.1702127659574468,-0.6808510638297872,0.1595744680851064,-0.5319148936170213,0.11702127659574468,-0.776595744680851,-0.10638297872340426,-0.9361702127659575,-0.0425531914893617,-0.7340425531914894,-0.010638297872340425,-0.6170212765957447,-0.031914893617021274
5,0.0,0.0,-0.07207207207207207,0.2702702702702703,-0.22522522522522523,0.5765765765765766,-0.2972972972972973,0.8108108108108109,-0.3063063063063063,1.0,-0.5405405405405406,0.40540540540540543,-0.6576576576576577,0.5135135135135135,-0.46846846846846846,0.43243243243243246,-0.43243243243243246,0.3963963963963964,-0.5945945945945946,0.25225225225225223,-0.6936936936936937,0.36036036036036034,-0.4864864864864865,0.2972972972972973,-0.46846846846846846,0.26126126126126126,-0.6216216216216216,0.0990990990990991,-0.7207207207207207,0.1981981981981982,-0.5225225225225225,0.15315315315315314,-0.4954954954954955,0.11711711711711711,-0.6306306306306306,-0.06306306306306306,-0.7207207207207207,0.018018018018018018,-0.5675675675675675,0.018018018018018018,-0.5225225225225225,-0.009009009009009009
5,0.0,0.0,-0.06666666666666667,0.29523809523809524,-0.18095238095238095,0.580952380952381,-0.2857142857142857,0.8095238095238095,-0.3142857142857143,1.0,-0.5523809523809524,0.44761904761904764,-0.7142857142857143,0.49523809523809526,-0.5523809523809524,0.4380952380952381,-0.4,0.38095238095238093,-0.6095238095238096,0.2761904761904762,-0.780952380952381,0.3238095238095238,-0.5619047619047619,0.26666666666666666,-0.4,0.22857142857142856,-0.638095238095238,0.10476190476190476,-0.8,0.13333333333333333,-0.5904761904761905,0.10476190476190476,-0.42857142857142855,0.08571428571428572,-0.6190476190476191,-0.0761904761904762,-0.8,-0.0380952380952381,-0.6571428571428571,-0.047619047619047616,-0.5333333333333333,-0.05714285714285714
5,0.0,0.0,-0.09523809523809523,0.2761904761904762,-0.21904761904761905,0.5523809523809524,-0.2857142857142857,0.8095238095238095,-0.3238095238095238,1.0,-0.5428571428571428,0.41904761904761906,-0.7142857142857143,0.49523809523809526,-0.5428571428571428,0.4380952380952381,-0.4,0.38095238095238093,-0.6,0.2571428571428571,-0.7904761904761904,0.3142857142857143,-0.5523809523809524,0.2761904761904762,-0.4,0.23809523809523808,-0.6285714285714286,0.09523809523809523,-0.819047619047619,0.13333333333333333,-0.5904761904761905,0.11428571428571428,-0.4380952380952381,0.08571428571428572,-0.6285714285714286,-0.08571428571428572,-0.8095238095238095,-0.047619047619047616,-0.6571428571428571,-0.0380952380952381,-0.5333333333333333,-0.047619047619047616
5,0.0,0.0,-0.07547169811320754,0.3018867924528302,-0.1792452830188679,0.5660377358490566,-0.24528301886792453,0.8018867924528302,-0.27358490566037735,1.0,-0.5094339622641509,0.41509433962264153,-0.6698113207547169,0.49056603773584906,-0.5094339622641509,0.42452830188679247,-0.36792452830188677,0.3584905660377358,-0.5660377358490566,0.24528301886792453,-0.7452830188679245,0.3113207547169811,-0.5283018867924528,0.2641509433962264,-0.37735849056603776,0.2169811320754717,-0.5849056603773585,0.08490566037735849,-0.7641509433962265,0.12264150943396226,-0.5566037735849056,0.11320754716981132,-0.39622641509433965,0.07547169811320754,-0.5849056603773585,-0.08490566037735849,-0.7641509433962265,-0.05660377358490566,-0.6320754716981132,-0.03773584905660377,-0.5094339622641509,-0.04716981132075472
5,0.0,0.0,-0.07272727272727272,0.2909090909090909,-0.18181818181818182,0.5727272727272728,-0.2818181818181818,0.8,-0.3090909090909091,1.0,-0.5181818181818182,0.42727272727272725,-0.7,0.4727272727272727,-0.509090909090909,0.4090909090909091,-0.37272727272727274,0.35454545454545455,-0.5727272727272728,0.2545454545454545,-0.7545454545454545,0.3,-0.5181818181818182,0.2545454545454545,-0.39090909090909093,0.21818181818181817,-0.6,0.09090909090909091,-0.7818181818181819,0.11818181818181818,-0.5545454545454546,0.1,-0.41818181818181815,0.08181818181818182,-0.6,-0.07272727272727272,-0.7727272727272727,-0.05454545454545454,-0.6090909090909091,-0.045454545454545456,-0.5,-0.05454545454545454
5,0.0,0.0,-0.10619469026548672,0.2743362831858407,-0.23893805309734514,0.5752212389380531,-0.3185840707964602,0.8141592920353983,-0.35398230088495575,1.0,-0.5575221238938053,0.4424778761061947,-0.7433628318584071,0.4690265486725664,-0.5575221238938053,0.40707964601769914,-0.4247787610619469,0.37168141592920356,-0.6106194690265486,0.2743362831858407,-0.8141592920353983,0.3008849557522124,-0.5752212389380531,0.25663716814159293,-0.4424778761061947,0.23893805309734514,-0.6371681415929203,0.10619469026548672,-0.8141592920353983,0.12389380530973451,-0.6017699115044248,0.11504424778761062,-0.4690265486725664,0.09734513274336283,-0.6371681415929203,-0.04424778761061947,-0.8053097345132744,-0.035398230088495575,-0.672566371681416,-0.02654867256637168,-0.5752212389380531,-0.02654867256637168
5,0.0,0.0,-0.07207207207207207,0.27927927927927926,-0.1981981981981982,0.5585585585585585,-0.2972972972972973,0.8018018018018018,-0.32432432432432434,1.0,-0.5315315315315315,0.42342342342342343,-0.7207207207207207,0.4594594594594595,-0.5315315315315315,0.38738738738738737,-0.3783783783783784,0.35135135135135137,-0.5855855855855856,0.25225225225225223,-0.7747747747747747,0.27927927927927926,-0.5315315315315315,0.23423423423423423,-0.3783783783783784,0.21621621621621623,-0.6036036036036037,0.09009009009009009,-0.7927927927927928,0.10810810810810811,-0.5675675675675675,0.08108108108108109,-0.40540540540540543,0.07207207207207207,-0.5945945945945946,-0.06306306306306306,-0.7747747747747747,-0.06306306306306306,-0.6396396396396397,-0.05405405405405406,-0.5135135135135135,-0.05405405405405406
5,0.0,0.0,-0.09734513274336283,0.2743362831858407,-0.24778761061946902,0.5575221238938053,-0.34513274336283184,0.8053097345132744,-0.3805309734513274,1.0,-0.5486725663716814,0.4247787610619469,-0.7699115044247787,0.45132743362831856,-0.584070796460177,0.3805309734513274,-0.4424778761061947,0.336283185840708,-0.6017699115044248,0.25663716814159293,-0.8141592920353983,0.2743362831858407,-0.5929203539823009,0.22123893805309736,-0.4424778761061947,0.20353982300884957,-0.6194690265486725,0.08849557522123894,-0.8230088495575221,0.10619469026548672,-0.6194690265486725,0.07964601769911504,-0.4690265486725664,0.07079646017699115,-0.6106194690265486,-0.07079646017699115,-0.8053097345132744,-0.05309734513274336,-0.6637168141592921,-0.04424778761061947,-0.5309734513274337,-0.04424778761061947
5,0.0,0.0,-0.10185185185185185,0.25925925925925924,-0.25925925925925924,0.5555555555555556,-0.37962962962962965,0.8055555555555556,-0.4444444444444444,1.0,-0.6111111111111112,0.4166666666666667,-0.8055555555555556,0.4166666666666667,-0.6018518518518519,0.37037037037037035,-0.49074074074074076,0.35185185185185186,-0.6574074074074074,0.24074074074074073,-0.8425925925925926,0.24074074074074073,-0.6111111111111112,0.21296296296296297,-0.5092592592592593,0.21296296296296297,-0.6759259259259259,0.06481481481481481,-0.8611111111111112,0.05555555555555555,-0.6481481481481481,0.05555555555555555,-0.5277777777777778,0.05555555555555555,-0.6759259259259259,-0.10185185185185185,-0.8425925925925926,-0.1111111111111111,-0.6851851851851852,-0.09259259259259259,-0.5925925925925926,-0.07407407407407407
5,0.0,0.0,-0.08256880733944955,0.25688073394495414,-0.2018348623853211,0.5412844036697247,-0.30275229357798167,0.8073394495412844,-0.3302752293577982,1.0,-0.5596330275229358,0.44954128440366975,-0.7522935779816514,0.43119266055045874,-0.5412844036697247,0.3853211009174312,-0.41284403669724773,0.3761467889908257,-0.6146788990825688,0.26605504587155965,-0.7889908256880734,0.24770642201834864,-0.5504587155963303,0.22018348623853212,-0.43119266055045874,0.23853211009174313,-0.6330275229357798,0.10091743119266056,-0.7889908256880734,0.07339449541284404,-0.5779816513761468,0.06422018348623854,-0.45871559633027525,0.08256880733944955,-0.6330275229357798,-0.06422018348623854,-0.7706422018348624,-0.08256880733944955,-0.6146788990825688,-0.06422018348623854,-0.5137614678899083,-0.045871559633027525
5,0.0,0.0,-0.09,0.29,-0.28,0.59,-0.41,0.81,-0.46,1.0,-0.6,0.45,-0.82,0.44,-0.62,0.41,-0.49,0.41,-0.66,0.26,-0.86,0.25,-0.63,0.24,-0.52,0.24,-0.7,0.07,-0.87,0.06,-0.66,0.06,-0.56,0.06,-0.7,-0.12,-0.86,-0.13,-0.7,-0.11,-0.6,-0.09
5,0.0,0.0,-0.14018691588785046,0.2523364485981308,-0.3364485981308411,0.5607476635514018,-0.4766355140186916,0.822429906542056,-0.5607476635514018,1.0,-0.616822429906542,0.411214953271028,-0.794392523364486,0.40186915887850466,-0.5794392523364486,0.37383177570093457,-0.5420560747663551,0.38317757009345793,-0.6728971962616822,0.21495327102803738,-0.8130841121495327,0.21495327102803738,-0.5794392523364486,0.19626168224299065,-0.5514018691588785,0.21495327102803738,-0.7009345794392523,0.018691588785046728,-0.822429906542056,0.018691588785046728,-0.6074766355140186,0.018691588785046728,-0.5607476635514018,0.037383177570093455,-0.7102803738317757,-0.1588785046728972,-0.8411214953271028,-0.1588785046728972,-0.6635514018691588,-0.1308411214953271,-0.5981308411214953,-0.12149532710280374
5,0.0,0.0,-0.1326530612244898,0.2755102040816326,-0.3673469387755102,0.5714285714285714,-0.5204081632653061,0.7959183673469388,-0.5714285714285714,1.0,-0.7040816326530612,0.40816326530612246,-0.8775510204081632,0.35714285714285715,-0.6530612244897959,0.336734693877551,-0.5102040816326531,0.32653061224489793,-0.7346938775510204,0.19387755102040816,-0.9285714285714286,0.15306122448979592,-0.6428571428571429,0.16326530612244897,-0.5102040816326531,0.17346938775510204,-0.7346938775510204,-0.01020408163265306,-0.8775510204081632,-0.04081632653061224,-0.6224489795918368,-0.01020408163265306,-0.5102040816326531,0.01020408163265306,-0.7040816326530612,-0.20408163265306123,-0.8571428571428571,-0.22448979591836735,-0.673469387755102,-0.17346938775510204,-0.5714285714285714,-0.14285714285714285
5,0.0,0.0,-0.15151515151515152,0.26262626262626265,-0.3838383838383838,0.5555555555555556,-0.5252525252525253,0.7878787878787878,-0.5757575757575758,1.0,-0.6868686868686869,0.3838383838383838,-0.8383838383838383,0.3333333333333333,-0.5959595959595959,0.30303030303030304,-0.47474747474747475,0.30303030303030304,-0.7070707070707071,0.1717171717171717,-0.8484848484848485,0.1111111111111111,-0.5858585858585859,0.1111111111111111,-0.494949494949495,0.15151515151515152,-0.696969696969697,-0.030303030303030304,-0.8383838383838383,-0.10101010101010101,-0.5858585858585859,-0.0707070707070707,-0.48484848484848486,-0.020202020202020204,-0.6565656565656566,-0.21212121212121213,-0.8080808080808081,-0.26262626262626265,-0.6262626262626263,-0.23232323232323232,-0.5151515151515151,-0.18181818181818182
5,0.0,0.0,-0.15463917525773196,0.27835051546391754,-0.35051546391752575,0.5567010309278351,-0.4845360824742268,0.7938144329896907,-0.5360824742268041,1.0,-0.6288659793814433,0.38144329896907214,-0.7835051546391752,0.4020618556701031,-0.5979381443298969,0.35051546391752575,-0.4845360824742268,0.30927835051546393,-0.6701030927835051,0.1958762886597938,-0.8041237113402062,0.20618556701030927,-0.5773195876288659,0.17525773195876287,-0.4845360824742268,0.17525773195876287,-0.6907216494845361,0.020618556701030927,-0.8144329896907216,0.020618556701030927,-0.6082474226804123,0.020618556701030927,-0.5051546391752577,0.020618556701030927,-0.6804123711340206,-0.14432989690721648,-0.8350515463917526,-0.15463917525773196,-0.6701030927835051,-0.12371134020618557,-0.5670103092783505,-0.10309278350515463
5,0.0,0.0,-0.14432989690721648,0.26804123711340205,-0.32989690721649484,0.5670103092783505,-0.4536082474226804,0.8041237113402062,-0.4948453608247423,1.0,-0.6082474226804123,0.3917525773195876,-0.7319587628865979,0.41237113402061853,-0.5463917525773195,0.36082474226804123,-0.4536082474226804,0.32989690721649484,-0.6597938144329897,0.20618556701030927,-0.7731958762886598,0.1958762886597938,-0.5463917525773195,0.17525773195876287,-0.44329896907216493,0.17525773195876287,-0.6597938144329897,0.020618556701030927,-0.7835051546391752,0.0,-0.5670103092783505,0.010309278350515464,-0.4639175257731959,0.020618556701030927,-0.6391752577319587,-0.15463917525773196,-0.7938144329896907,-0.18556701030927836,-0.6494845360824743,-0.16494845360824742,-0.5567010309278351,-0.14432989690721648
5,0.0,0.0,0.019417475728155338,0.2815533980582524,0.10679611650485436,0.5825242718446602,0.1650485436893204,0.8155339805825242,0.17475728155339806,1.0,0.5048543689320388,0.47572815533980584,0.6601941747572816,0.5048543689320388,0.49514563106796117,0.4368932038834951,0.3592233009708738,0.3883495145631068,0.5728155339805825,0.3106796116504854,0.7184466019417476,0.33980582524271846,0.5145631067961165,0.27184466019417475,0.36893203883495146,0.24271844660194175,0.6213592233009708,0.13592233009708737,0.7572815533980582,0.1650485436893204,0.5631067961165048,0.1262135922330097,0.42718446601941745,0.10679611650485436,0.6407766990291263,-0.02912621359223301,0.7572815533980582,0.009708737864077669,0.6213592233009708,-0.009708737864077669,0.5048543689320388,-0.019417475728155338
5,0.0,0.0,0.046296296296296294,0.2962962962962963,0.14814814814814814,0.5925925925925926,0.2222222222222222,0.8148148148148148,0.24074074074074073,1.0,0.48148148148148145,0.49074074074074076,0.6111111111111112,0.5370370370370371,0.46296296296296297,0.4537037037037037,0.32407407407407407,0.3888888888888889,0.5555555555555556,0.3148148148148148,0.7129629629629629,0.37037037037037035,0.5185185185185185,0.3055555555555556,0.37037037037037035,0.25,0.5925925925925926,0.14814814814814814,0.7592592592592593,0.2037037037037037,0.5555555555555556,0.1574074074074074,0.4166666666666667,0.12037037037037036,0.6018518518518519,-0.027777777777777776,0.75,0.027777777777777776,0.6018518518518519,0.009259259259259259,0.49074074074074076,-0.009259259259259259
5,0.0,0.0,0.02830188679245283,0.29245283018867924,0.12264150943396226,0.5754716981132075,0.18867924528301888,0.8207547169811321,0.2358490566037736,1.0,0.4528301886792453,0.44339622641509435,0.6226415094339622,0.4811320754716981,0.46226415094339623,0.41509433962264153,0.3113207547169811,0.3584905660377358,0.5188679245283019,0.2641509433962264,0.7169811320754716,0.3018867924528302,0.5094339622641509,0.25471698113207547,0.3584905660377358,0.22641509433962265,0.5471698113207547,0.09433962264150944,0.7452830188679245,0.1320754716981132,0.5471698113207547,0.10377358490566038,0.39622641509433965,0.08490566037735849,0.5566037735849056,-0.07547169811320754,0.7169811320754716,-0.03773584905660377,0.5849056603773585,-0.03773584905660377,0.4528301886792453,-0.04716981132075472
5,0.0,0.0,0.038834951456310676,0.2912621359223301,0.13592233009708737,0.5728155339805825,0.21359223300970873,0.8155339805825242,0.2524271844660194,1.0,0.5145631067961165,0.46601941747572817,0.6504854368932039,0.4854368932038835,0.46601941747572817,0.4077669902912621,0.32038834951456313,0.36893203883495146,0.5825242718446602,0.2912621359223301,0.7572815533980582,0.3300970873786408,0.5242718446601942,0.2621359223300971,0.36893203883495146,0.23300970873786409,0.6019417475728155,0.11650485436893204,0.7766990291262136,0.14563106796116504,0.5436893203883495,0.10679611650485436,0.3883495145631068,0.08737864077669903,0.6019417475728155,-0.05825242718446602,0.7475728155339806,-0.02912621359223301,0.5922330097087378,-0.038834951456310676,0.46601941747572817,-0.04854368932038835
5,0.0,0.0,0.05825242718446602,0.30097087378640774,0.18446601941747573,0.5825242718446602,0.27184466019417475,0.8155339805825242,0.2815533980582524,1.0,0.5145631067961165,0.4368932038834951,0.6601941747572816,0.4563106796116505,0.4854368932038835,0.3883495145631068,0.32038834951456313,0.34951456310679613,0.5825242718446602,0.2524271844660194,0.7766990291262136,0.2815533980582524,0.5533980582524272,0.22330097087378642,0.3786407766990291,0.1941747572815534,0.6116504854368932,0.06796116504854369,0.7864077669902912,0.0970873786407767,0.5825242718446602,0.06796116504854369,0.42718446601941745,0.04854368932038835,0.6116504854368932,-0.0970873786407767,0.7669902912621359,-0.08737864077669903,0.6213592233009708,-0.08737864077669903,0.5048543689320388,-0.08737864077669903
5,0.0,0.0,0.06930693069306931,0.2871287128712871,0.2079207920792079,0.5841584158415841,0.3069306930693069,0.8118811881188119,0.31683168316831684,1.0,0.5643564356435643,0.43564356435643564,0.7227722772277227,0.44554455445544555,0.5247524752475248,0.38613861386138615,0.36633663366336633,0.3564356435643564,0.6138613861386139,0.24752475247524752,0.8118811881188119,0.27722772277227725,0.5742574257425742,0.22772277227722773,0.39603960396039606,0.2079207920792079,0.6336633663366337,0.06930693069306931,0.8118811881188119,0.0891089108910891,0.5742574257425742,0.06930693069306931,0.4158415841584158,0.0594059405940594,0.6237623762376238,-0.10891089108910891,0.7821782178217822,-0.07920792079207921,0.6138613861386139,-0.07920792079207921,0.48514851485148514,-0.0891089108910891
5,0.0,0.0,0.0594059405940594,0.27722772277227725,0.19801980198019803,0.5643564356435643,0.297029702970297,0.8118811881188119,0.33663366336633666,1.0,0.5643564356435643,0.42574257425742573,0.7227722772277227,0.44554455445544555,0.5148514851485149,0.38613861386138615,0.38613861386138615,0.37623762376237624,0.6237623762376238,0.24752475247524752,0.7920792079207921,0.27722772277227725,0.5346534653465347,0.22772277227722773,0.40594059405940597,0.21782178217821782,0.6435643564356436,0.06930693069306931,0.8118811881188119,0.0891089108910891,0.5643564356435643,0.06930693069306931,0.43564356435643564,0.0594059405940594,0.6336633663366337,-0.10891089108910891,0.7623762376237624,-0.09900990099009901,0.5841584158415841,-0.0891089108910891,0.4752475247524752,-0.0891089108910891
5,0.0,0.0,0.04950495049504951,0.27722772277227725,0.21782178217821782,0.5643564356435643,0.33663366336633666,0.8118811881188119,0.38613861386138615,1.0,0.5841584158415841,0.43564356435643564,0.7029702970297029,0.45544554455445546,0.49504950495049505,0.38613861386138615,0.3564356435643564,0.3564356435643564,0.6435643564356436,0.24752475247524752,0.7920792079207921,0.25742574257425743,0.5346534653465347,0.2079207920792079,0.40594059405940597,0.2079207920792079,0.6732673267326733,0.07920792079207921,0.7920792079207921,0.07920792079207921,0.5544554455445545,0.0594059405940594,0.43564356435643564,0.0594059405940594,0.6633663366336634,-0.09900990099009901,0.7920792079207921,-0.0891089108910891,0.6039603960396039,-0.0891089108910891,0.504950495049505,-0.07920792079207921
5,0.0,0.0,0.06060606060606061,0.2828282828282828,0.21212121212121213,0.5757575757575758,0.3333333333333333,0.8181818181818182,0.3939393939393939,1.0,0.5757575757575758,0.42424242424242425,0.7070707070707071,0.45454545454545453,0.5050505050505051,0.3838383838383838,0.36363636363636365,0.35353535353535354,0.6363636363636364,0.24242424242424243,0.797979797979798,0.26262626262626265,0.5252525252525253,0.21212121212121213,0.3838383838383838,0.21212121212121213,0.6565656565656566,0.06060606060606061,0.8080808080808081,0.0707070707070707,0.5454545454545454,0.06060606060606061,0.41414141414141414,0.06060606060606061,0.6464646464646465,-0.12121212121212122,0.7777777777777778,-0.1111111111111111,0.5858585858585859,-0.09090909090909091,0.47474747474747475,-0.09090909090909091
5,0.0,0.0,0.0594059405940594,0.2871287128712871,0.2079207920792079,0.5643564356435643,0.31683168316831684,0.8118811881188119,0.3465346534653465,1.0,0.5544554455445545,0.43564356435643564,0.7128712871287128,0.44554455445544555,0.5247524752475248,0.38613861386138615,0.37623762376237624,0.36633663366336633,0.6138613861386139,0.24752475247524752,0.7722772277227723,0.26732673267326734,0.5445544554455446,0.21782178217821782,0.39603960396039606,0.19801980198019803,0.6336633663366337,0.0594059405940594,0.7722772277227723,0.0891089108910891,0.5544554455445545,0.0594059405940594,0.4158415841584158,0.0594059405940594,0.6237623762376238,-0.10891089108910891,0.7524752475247525,-0.07920792079207921,0.594059405940594,-0.07920792079207921,0.48514851485148514,-0.07920792079207921
5,0.0,0.0,0.08080808080808081,0.30303030303030304,0.21212121212121213,0.5858585858585859,0.30303030303030304,0.8181818181818182,0.32323232323232326,1.0,0.46464646464646464,0.42424242424242425,0.7070707070707071,0.46464646464646464,0.6464646464646465,0.42424242424242425,0.5454545454545454,0.41414141414141414,0.5252525252525253,0.2222222222222222,0.797979797979798,0.2828282828282828,0.696969696969697,0.26262626262626265,0.5656565656565656,0.24242424242424243,0.5656565656565656,0.04040404040404041,0.8181818181818182,0.09090909090909091,0.7070707070707071,0.08080808080808081,0.5858585858585859,0.0707070707070707,0.5757575757575758,-0.13131313131313133,0.7878787878787878,-0.08080808080808081,0.696969696969697,-0.08080808080808081,0.5959595959595959,-0.08080808080808081
5,0.0,0.0,0.06930693069306931,0.27722772277227725,0.18811881188118812,0.5643564356435643,0.24752475247524752,0.8118811881188119,0.2871287128712871,1.0,0.5445544554455446,0.43564356435643564,0.7128712871287128,0.46534653465346537,0.5445544554455446,0.4158415841584158,0.38613861386138615,0.38613861386138615,0.6039603960396039,0.25742574257425743,0.7821782178217822,0.297029702970297,0.5841584158415841,0.25742574257425743,0.4158415841584158,0.22772277227722773,0.6237623762376238,0.07920792079207921,0.7821782178217822,0.1188118811881188,0.594059405940594,0.09900990099009901,0.44554455445544555,0.07920792079207921,0.6138613861386139,-0.0891089108910891,0.7623762376237624,-0.0594059405940594,0.6237623762376238,-0.0594059405940594,0.49504950495049505,-0.06930693069306931
5,0.0,0.0,0.061855670103092786,0.28865979381443296,0.16494845360824742,0.5773195876288659,0.23711340206185566,0.8247422680412371,0.26804123711340205,1.0,0.5463917525773195,0.4742268041237113,0.7010309278350515,0.4948453608247423,0.5154639175257731,0.4329896907216495,0.35051546391752575,0.41237113402061853,0.6082474226804123,0.29896907216494845,0.7835051546391752,0.32989690721649484,0.5463917525773195,0.26804123711340205,0.3917525773195876,0.23711340206185566,0.6288659793814433,0.12371134020618557,0.8041237113402062,0.14432989690721648,0.5876288659793815,0.10309278350515463,0.422680412371134,0.08247422680412371,0.6288659793814433,-0.05154639175257732,0.7731958762886598,-0.041237113402061855,0.6082474226804123,-0.05154639175257732,0.4845360824742268,-0.061855670103092786
5,0.0,0.0,0.07142857142857142,0.2857142857142857,0.16326530612244897,0.5816326530612245,0.21428571428571427,0.826530612244898,0.25510204081632654,1.0,0.5,0.5,0.7959183673469388,0.5306122448979592,0.8367346938775511,0.46938775510204084,0.8061224489795918,0.42857142857142855,0.5612244897959183,0.32653061224489793,0.8469387755102041,0.3673469387755102,0.673469387755102,0.3163265306122449,0.47959183673469385,0.2755102040816326,0.5816326530612245,0.14285714285714285,0.8469387755102041,0.17346938775510204,0.6938775510204082,0.14285714285714285,0.5306122448979592,0.12244897959183673,0.5816326530612245,-0.04081632653061224,0.8163265306122449,0.0,0.6836734693877551,-0.01020408163265306,0.5510204081632653,-0.030612244897959183
5,0.0,0.0,0.04950495049504951,0.2871287128712871,0.16831683168316833,0.5742574257425742,0.24752475247524752,0.8217821782178217,0.26732673267326734,1.0,0.5247524752475248,0.43564356435643564,0.7227722772277227,0.44554455445544555,0.5445544554455446,0.40594059405940597,0.37623762376237624,0.37623762376237624,0.5742574257425742,0.25742574257425743,0.7623762376237624,0.27722772277227725,0.5445544554455446,0.2376237623762376,0.39603960396039606,0.21782178217821782,0.5841584158415841,0.07920792079207921,0.7623762376237624,0.09900990099009901,0.5643564356435643,0.07920792079207921,0.4158415841584158,0.06930693069306931,0.5742574257425742,-0.09900990099009901,0.7326732673267327,-0.06930693069306931,0.5841584158415841,-0.06930693069306931,0.45544554455445546,-0.07920792079207921
5,0.0,0.0,0.07692307692307693,0.2980769230769231,0.20192307692307693,0.5673076923076923,0.2692307692307692,0.8173076923076923,0.2692307692307692,1.0,0.5192307692307693,0.4519230769230769,0.7307692307692307,0.46153846153846156,0.5673076923076923,0.41346153846153844,0.3942307692307692,0.38461538461538464,0.5576923076923077,0.27884615384615385,0.7788461538461539,0.2980769230769231,0.5673076923076923,0.25,0.40384615384615385,0.23076923076923078,0.5673076923076923,0.10576923076923077,0.7788461538461539,0.125,0.5865384615384616,0.09615384615384616,0.4326923076923077,0.08653846153846154,0.5576923076923077,-0.0673076923076923,0.75,-0.04807692307692308,0.6057692307692307,-0.04807692307692308,0.47115384615384615,-0.04807692307692308
5,0.0,0.0,0.13253012048192772,0.3373493975903614,0.2891566265060241,0.6265060240963856,0.43373493975903615,0.8192771084337349,0.5783132530120482,0.9156626506024096,0.6144578313253012,0.5301204819277109,0.9156626506024096,0.5903614457831325,0.7590361445783133,0.5421686746987951,0.5903614457831325,0.5180722891566265,0.6626506024096386,0.3253012048192771,1.0,0.37349397590361444,0.8072289156626506,0.3253012048192771,0.6144578313253012,0.30120481927710846,0.6746987951807228,0.10843373493975904,1.0,0.14457831325301204,0.8072289156626506,0.12048192771084337,0.6385542168674698,0.10843373493975904,0.6626506024096386,-0.10843373493975904,0.9518072289156626,-0.060240963855421686,0.7951807228915663,-0.07228915662650602,0.6385542168674698,-0.08433734939759036
5,0.0,0.0,0.09195402298850575,0.3448275862068966,0.21839080459770116,0.6666666666666666,0.3448275862068966,0.8850574712643678,0.40229885057471265,1.0,0.6091954022988506,0.5172413793103449,0.7816091954022989,0.5632183908045977,0.5517241379310345,0.5057471264367817,0.4482758620689655,0.4942528735632184,0.6781609195402298,0.3218390804597701,0.8505747126436781,0.367816091954023,0.5747126436781609,0.3103448275862069,0.45977011494252873,0.28735632183908044,0.7011494252873564,0.13793103448275862,0.8735632183908046,0.16091954022988506,0.5977011494252874,0.12643678160919541,0.4827586206896552,0.11494252873563218,0.6896551724137931,-0.05747126436781609,0.8275862068965517,-0.034482758620689655,0.6436781609195402,-0.034482758620689655,0.5402298850574713,-0.04597701149425287
5,0.0,0.0,0.04081632653061224,0.3163265306122449,0.1326530612244898,0.5918367346938775,0.21428571428571427,0.826530612244898,0.22448979591836735,1.0,0.4489795918367347,0.46938775510204084,0.6632653061224489,0.5,0.47959183673469385,0.42857142857142855,0.336734693877551,0.40816326530612246,0.5,0.2857142857142857,0.7142857142857143,0.3163265306122449,0.47959183673469385,0.25510204081632654,0.3469387755102041,0.24489795918367346,0.5204081632653061,0.11224489795918367,0.7142857142857143,0.1326530612244898,0.5,0.10204081632653061,0.3673469387755102,0.09183673469387756,0.5102040816326531,-0.061224489795918366,0.673469387755102,-0.04081632653061224,0.5204081632653061,-0.05102040816326531,0.40816326530612246,-0.05102040816326531
5,0.0,0.0,0.06862745098039216,0.3235294117647059,0.1568627450980392,0.5882352941176471,0.22549019607843138,0.8235294117647058,0.22549019607843138,1.0,0.46078431372549017,0.4803921568627451,0.6568627450980392,0.49019607843137253,0.47058823529411764,0.43137254901960786,0.3431372549019608,0.4117647058823529,0.5,0.30392156862745096,0.7058823529411765,0.3235294117647059,0.4803921568627451,0.2647058823529412,0.35294117647058826,0.2647058823529412,0.5098039215686274,0.13725490196078433,0.7058823529411765,0.1568627450980392,0.5,0.11764705882352941,0.37254901960784315,0.11764705882352941,0.5,-0.029411764705882353,0.6666666666666666,-0.0196078431372549,0.5196078431372549,-0.029411764705882353,0.4117647058823529,-0.0196078431372549
5,0.0,0.0,0.06060606060606061,0.30303030303030304,0.12121212121212122,0.5858585858585859,0.1717171717171717,0.8282828282828283,0.18181818181818182,1.0,0.4444444444444444,0.46464646464646464,0.6262626262626263,0.47474747474747475,0.43434343434343436,0.42424242424242425,0.31313131313131315,0.41414141414141414,0.494949494949495,0.2828282828282828,0.6767676767676768,0.32323232323232326,0.45454545454545453,0.2727272727272727,0.3434343434343434,0.26262626262626265,0.5050505050505051,0.13131313131313133,0.6666666666666666,0.1414141414141414,0.46464646464646464,0.12121212121212122,0.35353535353535354,0.12121212121212122,0.494949494949495,-0.030303030303030304,0.6363636363636364,-0.020202020202020204,0.48484848484848486,-0.020202020202020204,0.3838383838383838,-0.020202020202020204
5,0.0,0.0,0.07,0.31,0.12,0.57,0.17,0.83,0.18,1.0,0.43,0.47,0.63,0.5,0.46,0.43,0.32,0.4,0.48,0.3,0.68,0.32,0.47,0.28,0.34,0.27,0.49,0.14,0.68,0.16,0.48,0.14,0.34,0.13,0.47,-0.02,0.63,0.0,0.49,0.01,0.38,0.01
5,0.0,0.0,0.049019607843137254,0.3137254901960784,0.08823529411764706,0.5784313725490197,0.13725490196078433,0.8235294117647058,0.1568627450980392,1.0,0.4019607843137255,0.4803921568627451,0.5980392156862745,0.5098039215686274,0.43137254901960786,0.4411764705882353,0.29411764705882354,0.4117647058823529,0.46078431372549017,0.3137254901960784,0.6568627450980392,0.3333333333333333,0.4411764705882353,0.28431372549019607,0.3137254901960784,0.27450980392156865,0.4803921568627451,0.14705882352941177,0.6568627450980392,0.17647058823529413,0.45098039215686275,0.14705882352941177,0.3235294117647059,0.13725490196078433,0.47058823529411764,-0.00980392156862745,0.6176470588235294,0.00980392156862745,0.47058823529411764,0.0196078431372549,0.3627450980392157,0.0196078431372549
5,0.0,0.0,0.0625,0.3125,0.125,0.5729166666666666,0.1875,0.8020833333333334,0.19791666666666666,1.0,0.4895833333333333,0.4270833333333333,0.6666666666666666,0.4583333333333333,0.4895833333333333,0.4166666666666667,0.40625,0.4166666666666667,0.53125,0.28125,0.7083333333333334,0.28125,0.5208333333333334,0.2604166666666667,0.4479166666666667,0.2604166666666667,0.5625,0.125,0.71875,0.13541666666666666,0.5416666666666666,0.11458333333333333,0.46875,0.125,0.5729166666666666,-0.020833333333333332,0.6979166666666666,-0.020833333333333332,0.5729166666666666,-0.010416666666666666,0.4791666666666667,-0.010416666666666666
5,0.0,0.0,0.009174311926605505,0.29357798165137616,0.08256880733944955,0.5779816513761468,0.1559633027522936,0.8165137614678899,0.1834862385321101,1.0,0.3853211009174312,0.48623853211009177,0.5504587155963303,0.5045871559633027,0.3944954128440367,0.45871559633027525,0.3211009174311927,0.47706422018348627,0.44036697247706424,0.3486238532110092,0.5963302752293578,0.3486238532110092,0.42201834862385323,0.3119266055045872,0.3577981651376147,0.3119266055045872,0.46788990825688076,0.22018348623853212,0.6146788990825688,0.21100917431192662,0.44954128440366975,0.1926605504587156,0.3853211009174312,0.1926605504587156,0.4954128440366973,0.08256880733944955,0.6055045871559633,0.07339449541284404,0.47706422018348627,0.06422018348623854,0.3944954128440367,0.07339449541284404
5,0.0,0.0,0.038834951456310676,0.2912621359223301,0.1262135922330097,0.5728155339805825,0.21359223300970873,0.8155339805825242,0.24271844660194175,1.0,0.4563106796116505,0.4563106796116505,0.6407766990291263,0.42718446601941745,0.46601941747572817,0.36893203883495146,0.36893203883495146,0.4077669902912621,0.5048543689320388,0.30097087378640774,0.6796116504854369,0.2524271844660194,0.4854368932038835,0.22330097087378642,0.4174757281553398,0.27184466019417475,0.5242718446601942,0.1553398058252427,0.6796116504854369,0.11650485436893204,0.49514563106796117,0.0970873786407767,0.42718446601941745,0.14563106796116504,0.5339805825242718,0.019417475728155338,0.6504854368932039,-0.019417475728155338,0.5145631067961165,-0.02912621359223301,0.4174757281553398,0.009708737864077669
5,0.0,0.0,0.06666666666666667,0.2857142857142857,0.1523809523809524,0.5714285714285714,0.23809523809523808,0.819047619047619,0.26666666666666666,1.0,0.4666666666666667,0.4666666666666667,0.6571428571428571,0.42857142857142855,0.4666666666666667,0.37142857142857144,0.3523809523809524,0.4,0.49523809523809526,0.29523809523809524,0.6952380952380952,0.26666666666666666,0.47619047619047616,0.22857142857142856,0.37142857142857144,0.26666666666666666,0.5142857142857142,0.1523809523809524,0.6857142857142857,0.12380952380952381,0.47619047619047616,0.09523809523809523,0.37142857142857144,0.12380952380952381,0.5047619047619047,0.009523809523809525,0.6571428571428571,-0.009523809523809525,0.49523809523809526,-0.01904761904761905,0.38095238095238093,0.0
5,0.0,0.0,0.04854368932038835,0.2621359223300971,0.1553398058252427,0.5533980582524272,0.2524271844660194,0.8155339805825242,0.30097087378640774,1.0,0.49514563106796117,0.49514563106796117,0.6504854368932039,0.4368932038834951,0.47572815533980584,0.3786407766990291,0.42718446601941745,0.4563106796116505,0.5436893203883495,0.33980582524271846,0.6796116504854369,0.27184466019417475,0.4854368932038835,0.23300970873786409,0.4563106796116505,0.30097087378640774,0.5631067961165048,0.18446601941747573,0.6796116504854369,0.11650485436893204,0.5048543689320388,0.0970873786407767,0.46601941747572817,0.1553398058252427,0.5825242718446602,0.02912621359223301,0.6699029126213593,-0.02912621359223301,0.5339805825242718,-0.038834951456310676,0.46601941747572817,0.009708737864077669
5,0.0,0.0,0.06862745098039216,0.27450980392156865,0.20588235294117646,0.5588235294117647,0.30392156862745096,0.803921568627451,0.3431372549019608,1.0,0.5196078431372549,0.5,0.696078431372549,0.4117647058823529,0.5,0.35294117647058826,0.4117647058823529,0.43137254901960786,0.5588235294117647,0.3431372549019608,0.7254901960784313,0.2647058823529412,0.5098039215686274,0.22549019607843138,0.4411764705882353,0.27450980392156865,0.5784313725490197,0.18627450980392157,0.7254901960784313,0.11764705882352941,0.5196078431372549,0.08823529411764706,0.4411764705882353,0.14705882352941177,0.5784313725490197,0.029411764705882353,0.696078431372549,-0.0392156862745098,0.5294117647058824,-0.0392156862745098,0.45098039215686275,0.00980392156862745
5,0.0,0.0,0.047619047619047616,0.2857142857142857,0.14285714285714285,0.5523809523809524,0.21904761904761905,0.8,0.26666666666666666,1.0,0.4380952380952381,0.4380952380952381,0.5523809523809524,0.4,0.4,0.3523809523809524,0.3047619047619048,0.37142857142857144,0.4857142857142857,0.26666666666666666,0.6190476190476191,0.23809523809523808,0.41904761904761906,0.20952380952380953,0.3142857142857143,0.21904761904761905,0.5047619047619047,0.11428571428571428,0.6285714285714286,0.08571428571428572,0.42857142857142855,0.06666666666666667,0.3142857142857143,0.08571428571428572,0.49523809523809526,-0.0380952380952381,0.6,-0.0761904761904762,0.44761904761904764,-0.06666666666666667,0.34285714285714286,-0.0380952380952381
5,0.0,0.0,0.08,0.27,0.22,0.56,0.3,0.81,0.36,1.0,0.6,0.43,0.69,0.41,0.53,0.38,0.4,0.39,0.64,0.27,0.73,0.25,0.53,0.23,0.4,0.23,0.65,0.11,0.74,0.09,0.54,0.08,0.41,0.09,0.64,-0.05,0.72,-0.07,0.56,-0.06,0.45,-0.04
5,0.0,0.0,0.10204081632653061,0.2857142857142857,0.25510204081632654,0.5612244897959183,0.3469387755102041,0.8061224489795918,0.40816326530612246,1.0,0.673469387755102,0.3979591836734694,0.6428571428571429,0.40816326530612246,0.47959183673469385,0.35714285714285715,0.3877551020408163,0.32653061224489793,0.7346938775510204,0.23469387755102042,0.6632653061224489,0.22448979591836735,0.47959183673469385,0.19387755102040816,0.37755102040816324,0.1836734693877551,0.7448979591836735,0.07142857142857142,0.6836734693877551,0.061224489795918366,0.5102040816326531,0.04081632653061224,0.3979591836734694,0.04081632653061224,0.7346938775510204,-0.10204081632653061,0.7040816326530612,-0.09183673469387756,0.5510204081632653,-0.09183673469387756,0.45918367346938777,-0.10204081632653061
5,0.0,0.0,0.10752688172043011,0.3010752688172043,0.27956989247311825,0.5913978494623656,0.40860215053763443,0.8172043010752689,0.4838709677419355,1.0,0.5806451612903226,0.44086021505376344,0.7526881720430108,0.43010752688172044,0.5698924731182796,0.3870967741935484,0.43010752688172044,0.3870967741935484,0.6236559139784946,0.25806451612903225,0.8064516129032258,0.24731182795698925,0.5913978494623656,0.20430107526881722,0.41935483870967744,0.20430107526881722,0.6451612903225806,0.06451612903225806,0.8172043010752689,0.053763440860215055,0.5913978494623656,0.043010752688172046,0.44086021505376344,0.043010752688172046,0.6451612903225806,-0.11827956989247312,0.7956989247311828,-0.13978494623655913,0.6236559139784946,-0.12903225806451613,0.4946236559139785,-0.0967741935483871
5,0.0,0.0,0.12222222222222222,0.28888888888888886,0.3,0.5777777777777777,0.4222222222222222,0.8111111111111111,0.4888888888888889,1.0,0.6666666666666666,0.4777777777777778,0.8111111111111111,0.4444444444444444,0.6,0.3888888888888889,0.5,0.3888888888888889,0.7222222222222222,0.2777777777777778,0.8666666666666667,0.24444444444444444,0.6222222222222222,0.2,0.5,0.2222222222222222,0.7444444444444445,0.07777777777777778,0.8666666666666667,0.044444444444444446,0.6333333333333333,0.022222222222222223,0.5,0.044444444444444446,0.7333333333333333,-0.1,0.8444444444444444,-0.14444444444444443,0.6666666666666666,-0.14444444444444443,0.5555555555555556,-0.12222222222222222
5,0.0,0.0,0.08247422680412371,0.28865979381443296,0.25773195876288657,0.5773195876288659,0.3917525773195876,0.8041237113402062,0.4742268041237113,1.0,0.5876288659793815,0.4329896907216495,0.7010309278350515,0.41237113402061853,0.5154639175257731,0.3402061855670103,0.3711340206185567,0.30927835051546393,0.6288659793814433,0.23711340206185566,0.7835051546391752,0.20618556701030927,0.5567010309278351,0.15463917525773196,0.4020618556701031,0.15463917525773196,0.6494845360824743,0.05154639175257732,0.7731958762886598,0.010309278350515464,0.5567010309278351,-0.010309278350515464,0.422680412371134,0.010309278350515464,0.6391752577319587,-0.1134020618556701,0.7628865979381443,-0.15463917525773196,0.5979381443298969,-0.14432989690721648,0.4742268041237113,-0.12371134020618557
5,0.0,0.0,0.11702127659574468,0.2978723404255319,0.2978723404255319,0.5851063829787234,0.43617021276595747,0.8191489361702128,0.5212765957446809,1.0,0.648936170212766,0.43617021276595747,0.7659574468085106,0.425531914893617,0.5638297872340425,0.3723404255319149,0.46808510638297873,0.3829787234042553,0.6914893617021277,0.24468085106382978,0.8191489361702128,0.23404255319148937,0.5957446808510638,0.20212765957446807,0.48936170212765956,0.22340425531914893,0.7021276595744681,0.05319148936170213,0.8191489361702128,0.031914893617021274,0.5957446808510638,0.031914893617021274,0.48936170212765956,0.05319148936170213,0.6808510638297872,-0.13829787234042554,0.7872340425531915,-0.14893617021276595,0.6063829787234043,-0.1276595744680851,0.5,-0.10638297872340426
5,0.0,0.0,0.09278350515463918,0.26804123711340205,0.28865979381443296,0.5463917525773195,0.422680412371134,0.8041237113402062,0.4948453608247423,1.0,0.5876288659793815,0.32989690721649484,0.7319587628865979,0.3917525773195876,0.5670103092783505,0.36082474226804123,0.4639175257731959,0.3402061855670103,0.6082474226804123,0.15463917525773196,0.7216494845360825,0.2268041237113402,0.5360824742268041,0.21649484536082475,0.422680412371134,0.18556701030927836,0.6082474226804123,0.0,0.7010309278350515,0.061855670103092786,0.5360824742268041,0.07216494845360824,0.4329896907216495,0.05154639175257732,0.5773195876288659,-0.15463917525773196,0.6701030927835051,-0.09278350515463918,0.5257731958762887,-0.08247422680412371,0.4329896907216495,-0.08247422680412371
5,0.0,0.0,0.1595744680851064,0.2553191489361702,0.3617021276595745,0.5,0.46808510638297873,0.776595744680851,0.5425531914893617,1.0,0.776595744680851,0.010638297872340425,0.8085106382978723,0.43617021276595747,0.6276595744680851,0.43617021276595747,0.5638297872340425,0.3191489361702128,0.6702127659574468,-0.09574468085106383,0.7127659574468085,0.39361702127659576,0.5531914893617021,0.35106382978723405,0.48936170212765956,0.23404255319148937,0.5212765957446809,-0.13829787234042554,0.5531914893617021,0.3191489361702128,0.4148936170212766,0.2872340425531915,0.3723404255319149,0.18085106382978725,0.3617021276595745,-0.1276595744680851,0.39361702127659576,0.26595744680851063,0.30851063829787234,0.26595744680851063,0.26595744680851063,0.1702127659574468
5,0.0,0.0,0.10526315789473684,0.28421052631578947,0.3157894736842105,0.5578947368421052,0.45263157894736844,0.8,0.49473684210526314,1.0,0.631578947368421,0.3684210526315789,0.7684210526315789,0.37894736842105264,0.5684210526315789,0.3473684210526316,0.43157894736842106,0.3263157894736842,0.6736842105263158,0.16842105263157894,0.8315789473684211,0.18947368421052632,0.5789473684210527,0.15789473684210525,0.4421052631578947,0.15789473684210525,0.6736842105263158,-0.010526315789473684,0.8105263157894737,0.0,0.5894736842105263,0.0,0.45263157894736844,0.010526315789473684,0.6526315789473685,-0.18947368421052632,0.8,-0.16842105263157894,0.631578947368421,-0.14736842105263157,0.5052631578947369,-0.12631578947368421
5,0.0,0.0,0.10638297872340426,0.2872340425531915,0.3191489361702128,0.5638297872340425,0.4787234042553192,0.7978723404255319,0.5531914893617021,1.0,0.6595744680851063,0.3617021276595745,0.8085106382978723,0.3829787234042553,0.6063829787234043,0.35106382978723405,0.44680851063829785,0.32978723404255317,0.7021276595744681,0.1702127659574468,0.8723404255319149,0.18085106382978725,0.6170212765957447,0.1702127659574468,0.4574468085106383,0.1702127659574468,0.7021276595744681,-0.010638297872340425,0.8617021276595744,0.0,0.6276595744680851,0.010638297872340425,0.48936170212765956,0.02127659574468085,0.6808510638297872,-0.19148936170212766,0.8297872340425532,-0.18085106382978725,0.6702127659574468,-0.13829787234042554,0.5425531914893617,-0.1276595744680851
6,0.0,0.0,0.4067796610169492,0.05084745762711865,0.7966101694915254,0.01694915254237288,1.0,-0.01694915254237288,0.9830508474576272,-0.1694915254237288,0.6949152542372882,-0.847457627118644,0.559322033898305,-0.1864406779661017,0.6101694915254238,-0.0847457627118644,0.6949152542372882,-0.1864406779661017,0.288135593220339,-0.8813559322033898,0.2033898305084746,-0.05084745762711865,0.288135593220339,-0.03389830508474576,0.3559322033898305,-0.23728813559322035,-0.1016949152542373,-0.7966101694915254,-0.13559322033898305,-0.01694915254237288,-0.06779661016949153,-0.01694915254237288,-0.01694915254237288,-0.23728813559322035,-0.4576271186440678,-0.6610169491525424,-0.4576271186440678,-0.0847457627118644,-0.3728813559322034,-0.03389830508474576,-0.3050847457627119,-0.2033898305084746
6,0.0,0.0,0.328125,0.046875,0.6875,0.03125,0.90625,0.015625,1.0,-0.015625,0.609375,-0.6875,0.484375,-0.015625,0.484375,0.03125,0.546875,-0.109375,0.203125,-0.71875,0.140625,0.03125,0.171875,-0.015625,0.203125,-0.203125,-0.15625,-0.640625,-0.1875,0.03125,-0.140625,0.0,-0.125,-0.1875,-0.46875,-0.53125,-0.484375,-0.015625,-0.40625,-0.03125,-0.375,-0.203125
6,0.0,0.0,0.4126984126984127,0.047619047619047616,0.8095238095238095,0.031746031746031744,1.0,-0.031746031746031744,0.873015873015873,-0.12698412698412698,0.746031746031746,-0.7619047619047619,0.6349206349206349,-0.14285714285714285,0.6031746031746031,-0.06349206349206349,0.6349206349206349,-0.19047619047619047,0.36507936507936506,-0.7936507936507936,0.30158730158730157,-0.06349206349206349,0.31746031746031744,-0.047619047619047616,0.31746031746031744,-0.20634920634920634,-0.015873015873015872,-0.7301587301587301,-0.031746031746031744,-0.06349206349206349,-0.015873015873015872,-0.031746031746031744,0.0,-0.19047619047619047,-0.3492063492063492,-0.6190476190476191,-0.3492063492063492,-0.12698412698412698,-0.30158730158730157,-0.047619047619047616,-0.2857142857142857,-0.15873015873015872
6,0.0,0.0,0.41379310344827586,0.034482758620689655,0.8103448275862069,0.017241379310344827,1.0,-0.05172413793103448,0.9655172413793104,-0.13793103448275862,0.7758620689655172,-0.8275862068965517,0.6551724137931034,-0.1206896551724138,0.6379310344827587,-0.05172413793103448,0.6724137931034483,-0.1724137931034483,0.3793103448275862,-0.8793103448275862,0.3103448275862069,-0.06896551724137931,0.3103448275862069,-0.06896551724137931,0.29310344827586204,-0.2413793103448276,-0.017241379310344827,-0.8275862068965517,-0.05172413793103448,-0.06896551724137931,-0.034482758620689655,-0.05172413793103448,-0.05172413793103448,-0.22413793103448276,-0.3793103448275862,-0.7068965517241379,-0.39655172413793105,-0.1206896551724138,-0.3620689655172414,-0.06896551724137931,-0.3448275862068966,-0.1896551724137931
6,0.0,0.0,0.3770491803278688,0.03278688524590164,0.7377049180327869,-0.03278688524590164,0.9508196721311475,-0.09836065573770492,1.0,-0.18032786885245902,0.7704918032786885,-0.8688524590163934,0.6557377049180327,-0.3442622950819672,0.6065573770491803,-0.19672131147540983,0.639344262295082,-0.29508196721311475,0.39344262295081966,-0.9508196721311475,0.29508196721311475,-0.3114754098360656,0.29508196721311475,-0.19672131147540983,0.3114754098360656,-0.32786885245901637,0.01639344262295082,-0.9180327868852459,-0.04918032786885246,-0.29508196721311475,-0.01639344262295082,-0.19672131147540983,0.01639344262295082,-0.3442622950819672,-0.3114754098360656,-0.819672131147541,-0.36065573770491804,-0.3442622950819672,-0.3114754098360656,-0.22950819672131148,-0.2459016393442623,-0.3114754098360656
6,0.0,0.0,0.3898305084745763,0.01694915254237288,0.7627118644067796,-0.05084745762711865,0.9830508474576272,-0.11864406779661017,0.9661016949152542,-0.1864406779661017,0.7627118644067796,-0.9322033898305084,0.6779661016949152,-0.4576271186440678,0.6271186440677966,-0.2711864406779661,0.6610169491525424,-0.3559322033898305,0.3898305084745763,-1.0,0.3050847457627119,-0.3389830508474576,0.288135593220339,-0.2033898305084746,0.3050847457627119,-0.3728813559322034,0.0,-0.9491525423728814,-0.05084745762711865,-0.3050847457627119,-0.01694915254237288,-0.1864406779661017,0.01694915254237288,-0.3728813559322034,-0.3220338983050847,-0.847457627118644,-0.3728813559322034,-0.3389830508474576,-0.3220338983050847,-0.2033898305084746,-0.2711864406779661,-0.3050847457627119
6,0.0,0.0,0.36666666666666664,0.0,0.7166666666666667,-0.06666666666666667,0.9333333333333333,-0.13333333333333333,1.0,-0.16666666666666666,0.7666666666666667,-0.9333333333333333,0.6666666666666666,-0.4166666666666667,0.65,-0.21666666666666667,0.7166666666666667,-0.31666666666666665,0.38333333333333336,-1.0,0.31666666666666665,-0.35,0.31666666666666665,-0.2,0.35,-0.36666666666666664,0.016666666666666666,-0.95,-0.03333333333333333,-0.36666666666666664,-0.016666666666666666,-0.2,0.016666666666666666,-0.3333333333333333,-0.31666666666666665,-0.8333333333333334,-0.35,-0.43333333333333335,-0.31666666666666665,-0.25,-0.26666666666666666,-0.31666666666666665
6,0.0,0.0,0.34375,-0.015625,0.703125,-0.09375,0.921875,-0.171875,0.96875,-0.25,0.765625,-0.921875,0.640625,-0.46875,0.59375,-0.265625,0.625,-0.34375,0.390625,-1.0,0.328125,-0.484375,0.28125,-0.25,0.296875,-0.359375,0.046875,-0.96875,0.0,-0.5,0.0,-0.265625,0.03125,-0.34375,-0.265625,-0.890625,-0.296875,-0.53125,-0.25,-0.3125,-0.203125,-0.328125
6,0.0,0.0,0.359375,0.015625,0.796875,-0.078125,1.0,-0.140625,0.921875,-0.203125,0.75,-0.875,0.65625,-0.609375,0.59375,-0.328125,0.65625,-0.359375,0.390625,-0.953125,0.3125,-0.609375,0.28125,-0.296875,0.296875,-0.34375,0.046875,-0.9375,-0.015625,-0.609375,-0.015625,-0.296875,0.015625,-0.3125,-0.265625,-0.875,-0.328125,-0.609375,-0.296875,-0.34375,-0.25,-0.328125
6,0.0,0.0,0.36923076923076925,0.03076923076923077,0.7846153846153846,-0.046153846153846156,1.0,-0.13846153846153847,0.9230769230769231,-0.23076923076923078,0.7846153846153846,-0.8769230769230769,0.676923076923077,-0.5538461538461539,0.6,-0.3076923076923077,0.6461538461538462,-0.3230769230769231,0.4307692307692308,-0.9538461538461539,0.35384615384615387,-0.5846153846153846,0.3076923076923077,-0.3230769230769231,0.3076923076923077,-0.3230769230769231,0.09230769230769231,-0.9384615384615385,0.046153846153846156,-0.6,0.03076923076923077,-0.3230769230769231,0.046153846153846156,-0.27692307692307694,-0.2153846153846154,-0.8769230769230769,-0.24615384615384617,-0.6307692307692307,-0.23076923076923078,-0.36923076923076925,-0.2,-0.3076923076923077
6,0.0,0.0,0.36507936507936506,0.015873015873015872,0.7777777777777778,-0.06349206349206349,1.0,-0.1111111111111111,1.0,-0.15873015873015872,0.7936507936507936,-0.9206349206349206,0.6825396825396826,-0.5396825396825397,0.6190476190476191,-0.2698412698412698,0.6666666666666666,-0.3492063492063492,0.42857142857142855,-1.0,0.36507936507936506,-0.6031746031746031,0.3333333333333333,-0.30158730158730157,0.3333333333333333,-0.38095238095238093,0.07936507936507936,-0.9841269841269841,0.031746031746031744,-0.6349206349206349,0.015873015873015872,-0.3333333333333333,0.047619047619047616,-0.3492063492063492,-0.25396825396825395,-0.9047619047619048,-0.2698412698412698,-0.6507936507936508,-0.25396825396825395,-0.38095238095238093,-0.2222222222222222,-0.36507936507936506
6,0.0,0.0,0.35294117647058826,-0.014705882352941176,0.7205882352941176,-0.10294117647058823,0.9411764705882353,-0.14705882352941177,1.0,-0.14705882352941177,0.6911764705882353,-0.9117647058823529,0.7205882352941176,-0.6911764705882353,0.6617647058823529,-0.4117647058823529,0.6764705882352942,-0.38235294117647056,0.39705882352941174,-0.9852941176470589,0.4117647058823529,-0.6176470588235294,0.35294117647058826,-0.3088235294117647,0.35294117647058826,-0.3088235294117647,0.08823529411764706,-0.9705882352941176,0.10294117647058823,-0.5882352941176471,0.10294117647058823,-0.3088235294117647,0.10294117647058823,-0.29411764705882354,-0.19117647058823528,-0.9117647058823529,-0.17647058823529413,-0.6029411764705882,-0.16176470588235295,-0.36764705882352944,-0.14705882352941177,-0.3235294117647059
6,0.0,0.0,0.31343283582089554,0.014925373134328358,0.6716417910447762,-0.08955223880597014,0.9253731343283582,-0.11940298507462686,1.0,-0.1791044776119403,0.6567164179104478,-0.7313432835820896,0.7910447761194029,-0.835820895522388,0.7313432835820896,-0.5223880597014925,0.6716417910447762,-0.31343283582089554,0.373134328358209,-0.8059701492537313,0.4925373134328358,-0.9402985074626866,0.43283582089552236,-0.5373134328358209,0.373134328358209,-0.31343283582089554,0.07462686567164178,-0.8059701492537313,0.16417910447761194,-0.9253731343283582,0.13432835820895522,-0.5074626865671642,0.08955223880597014,-0.26865671641791045,-0.208955223880597,-0.7611940298507462,-0.14925373134328357,-0.835820895522388,-0.13432835820895522,-0.5223880597014925,-0.14925373134328357,-0.34328358208955223
6,0.0,0.0,0.359375,0.0,0.71875,-0.0625,0.953125,-0.109375,0.921875,-0.203125,0.765625,-0.875,0.796875,-0.8125,0.75,-0.46875,0.71875,-0.265625,0.4375,-0.984375,0.5,-0.84375,0.4375,-0.4375,0.390625,-0.25,0.109375,-1.0,0.15625,-0.765625,0.140625,-0.390625,0.109375,-0.25,-0.203125,-0.921875,-0.171875,-0.671875,-0.140625,-0.40625,-0.125,-0.3125
6,0.0,0.0,0.3333333333333333,0.0,0.6507936507936508,-0.07936507936507936,0.8571428571428571,-0.07936507936507936,1.0,-0.06349206349206349,0.8095238095238095,-0.8888888888888888,0.7936507936507936,-0.6031746031746031,0.746031746031746,-0.36507936507936506,0.7619047619047619,-0.3333333333333333,0.5079365079365079,-0.9841269841269841,0.5079365079365079,-0.5396825396825397,0.4126984126984127,-0.2698412698412698,0.38095238095238093,-0.2857142857142857,0.1746031746031746,-1.0,0.19047619047619047,-0.5714285714285714,0.12698412698412698,-0.30158730158730157,0.09523809523809523,-0.2698412698412698,-0.14285714285714285,-0.9365079365079365,-0.12698412698412698,-0.5555555555555556,-0.14285714285714285,-0.31746031746031744,-0.15873015873015872,-0.30158730158730157
6,0.0,0.0,0.3333333333333333,0.0,0.6507936507936508,-0.015873015873015872,0.873015873015873,-0.015873015873015872,0.9682539682539683,-0.06349206349206349,0.8412698412698413,-0.8571428571428571,0.8571428571428571,-0.5714285714285714,0.8253968253968254,-0.38095238095238093,0.8412698412698413,-0.38095238095238093,0.5396825396825397,-0.9841269841269841,0.5238095238095238,-0.5555555555555556,0.47619047619047616,-0.31746031746031744,0.49206349206349204,-0.31746031746031744,0.2222222222222222,-1.0,0.19047619047619047,-0.4444444444444444,0.15873015873015872,-0.2698412698412698,0.1746031746031746,-0.3333333333333333,-0.07936507936507936,-0.9206349206349206,-0.12698412698412698,-0.42857142857142855,-0.15873015873015872,-0.2857142857142857,-0.14285714285714285,-0.3492063492063492
6,0.0,0.0,0.3709677419354839,0.04838709677419355,0.7096774193548387,0.03225806451612903,0.9354838709677419,0.016129032258064516,1.0,-0.04838709677419355,0.8870967741935484,-0.8548387096774194,0.8387096774193549,-0.4032258064516129,0.7258064516129032,-0.22580645161290322,0.6935483870967742,-0.3064516129032258,0.5483870967741935,-0.967741935483871,0.532258064516129,-0.41935483870967744,0.43548387096774194,-0.22580645161290322,0.4032258064516129,-0.3064516129032258,0.1935483870967742,-0.9838709677419355,0.20967741935483872,-0.5,0.14516129032258066,-0.27419354838709675,0.11290322580645161,-0.3225806451612903,-0.14516129032258066,-0.9193548387096774,-0.11290322580645161,-0.5161290322580645,-0.14516129032258066,-0.3225806451612903,-0.16129032258064516,-0.3387096774193548
6,0.0,0.0,0.3380281690140845,0.04225352112676056,0.647887323943662,0.028169014084507043,0.8450704225352113,0.028169014084507043,1.0,0.0,0.8309859154929577,-0.7323943661971831,0.8591549295774648,-0.29577464788732394,0.704225352112676,-0.16901408450704225,0.647887323943662,-0.2535211267605634,0.5492957746478874,-0.8450704225352113,0.5633802816901409,-0.30985915492957744,0.43661971830985913,-0.16901408450704225,0.39436619718309857,-0.23943661971830985,0.2535211267605634,-0.8591549295774648,0.2676056338028169,-0.323943661971831,0.18309859154929578,-0.18309859154929578,0.14084507042253522,-0.28169014084507044,-0.04225352112676056,-0.7887323943661971,-0.028169014084507043,-0.38028169014084506,-0.07042253521126761,-0.23943661971830985,-0.08450704225352113,-0.30985915492957744
6,0.0,0.0,0.2717391304347826,0.021739130434782608,0.5652173913043478,-0.043478260869565216,0.782608695652174,-0.08695652173913043,1.0,-0.13043478260869565,0.5760869565217391,-0.5652173913043478,0.532608695652174,-0.20652173913043478,0.5,-0.11956521739130435,0.5108695652173914,-0.17391304347826086,0.34782608695652173,-0.6521739130434783,0.33695652173913043,-0.18478260869565216,0.29347826086956524,-0.11956521739130435,0.2826086956521739,-0.21739130434782608,0.10869565217391304,-0.6521739130434783,0.10869565217391304,-0.20652173913043478,0.08695652173913043,-0.14130434782608695,0.08695652173913043,-0.2391304347826087,-0.11956521739130435,-0.5869565217391305,-0.10869565217391304,-0.2391304347826087,-0.09782608695652174,-0.16304347826086957,-0.10869565217391304,-0.22826086956521738
6,0.0,0.0,0.3170731707317073,0.04878048780487805,0.6219512195121951,0.024390243902439025,0.8292682926829268,-0.012195121951219513,1.0,-0.07317073170731707,0.7560975609756098,-0.6463414634146342,0.7195121951219512,-0.25609756097560976,0.6341463414634146,-0.13414634146341464,0.6219512195121951,-0.18292682926829268,0.5121951219512195,-0.7317073170731707,0.4878048780487805,-0.24390243902439024,0.4146341463414634,-0.13414634146341464,0.4024390243902439,-0.1951219512195122,0.24390243902439024,-0.7439024390243902,0.23170731707317074,-0.24390243902439024,0.1951219512195122,-0.14634146341463414,0.18292682926829268,-0.23170731707317074,-0.012195121951219513,-0.6829268292682927,-0.012195121951219513,-0.2804878048780488,-0.036585365853658534,-0.18292682926829268,-0.036585365853658534,-0.25609756097560976
6,0.0,0.0,0.30864197530864196,0.06172839506172839,0.6049382716049383,0.037037037037037035,0.8271604938271605,0.06172839506172839,1.0,0.09876543209876543,0.7654320987654321,-0.6049382716049383,0.7530864197530864,-0.19753086419753085,0.654320987654321,-0.07407407407407407,0.6296296296296297,-0.12345679012345678,0.5432098765432098,-0.7037037037037037,0.5185185185185185,-0.20987654320987653,0.43209876543209874,-0.09876543209876543,0.3950617283950617,-0.18518518518518517,0.2839506172839506,-0.7160493827160493,0.25925925925925924,-0.2222222222222222,0.18518518518518517,-0.13580246913580246,0.14814814814814814,-0.2222222222222222,0.024691358024691357,-0.6790123456790124,0.012345679012345678,-0.2962962962962963,-0.04938271604938271,-0.19753086419753085,-0.08641975308641975,-0.2716049382716049
6,0.0,0.0,0.3424657534246575,0.0410958904109589,0.6438356164383562,0.0,0.8356164383561644,-0.0273972602739726,1.0,-0.0410958904109589,0.8082191780821918,-0.684931506849315,0.7671232876712328,-0.2602739726027397,0.7123287671232876,-0.1643835616438356,0.6986301369863014,-0.2465753424657534,0.5342465753424658,-0.8082191780821918,0.4931506849315068,-0.273972602739726,0.4520547945205479,-0.1780821917808219,0.4520547945205479,-0.2602739726027397,0.2328767123287671,-0.821917808219178,0.2054794520547945,-0.3150684931506849,0.1917808219178082,-0.2191780821917808,0.1917808219178082,-0.3013698630136986,-0.0410958904109589,-0.7808219178082192,-0.0410958904109589,-0.3835616438356164,-0.0684931506849315,-0.2602739726027397,-0.0684931506849315,-0.2876712328767123
6,0.0,0.0,0.3333333333333333,0.05333333333333334,0.68,0.02666666666666667,0.9066666666666666,0.0,1.0,-0.05333333333333334,0.7866666666666666,-0.68,0.7866666666666666,-0.30666666666666664,0.7066666666666667,-0.16,0.68,-0.17333333333333334,0.5333333333333333,-0.7866666666666666,0.5333333333333333,-0.3333333333333333,0.4666666666666667,-0.16,0.4533333333333333,-0.2,0.25333333333333335,-0.8133333333333334,0.24,-0.3466666666666667,0.2,-0.18666666666666668,0.18666666666666668,-0.22666666666666666,-0.02666666666666667,-0.7733333333333333,-0.04,-0.37333333333333335,-0.08,-0.22666666666666666,-0.09333333333333334,-0.26666666666666666
6,0.0,0.0,0.21311475409836064,0.01639344262295082,0.5245901639344263,-0.08196721311475409,0.7377049180327869,-0.14754098360655737,0.9180327868852459,-0.14754098360655737,0.5409836065573771,-0.8688524590163934,0.6229508196721312,-0.45901639344262296,0.6229508196721312,-0.19672131147540983,0.639344262295082,-0.13114754098360656,0.4262295081967213,-1.0,0.5409836065573771,-0.47540983606557374,0.5409836065573771,-0.18032786885245902,0.5409836065573771,-0.14754098360655737,0.29508196721311475,-1.0,0.4426229508196721,-0.5081967213114754,0.45901639344262296,-0.21311475409836064,0.45901639344262296,-0.19672131147540983,0.14754098360655737,-0.9180327868852459,0.32786885245901637,-0.5245901639344263,0.3770491803278688,-0.26229508196721313,0.39344262295081966,-0.19672131147540983
6,0.0,0.0,-0.38596491228070173,0.05263157894736842,-0.8070175438596491,0.07017543859649122,-0.9824561403508771,0.10526315789473684,-0.8245614035087719,0.10526315789473684,-0.8947368421052632,-0.8771929824561403,-0.8070175438596491,-0.5263157894736842,-0.7017543859649122,-0.17543859649122806,-0.6666666666666666,-0.19298245614035087,-0.45614035087719296,-1.0,-0.40350877192982454,-0.47368421052631576,-0.40350877192982454,-0.12280701754385964,-0.47368421052631576,-0.14035087719298245,-0.05263157894736842,-0.9649122807017544,-0.03508771929824561,-0.47368421052631576,-0.08771929824561403,-0.15789473684210525,-0.15789473684210525,-0.17543859649122806,0.3157894736842105,-0.8947368421052632,0.2807017543859649,-0.5087719298245614,0.22807017543859648,-0.22807017543859648,0.17543859649122806,-0.19298245614035087
6,0.0,0.0,-0.375,0.05357142857142857,-0.8035714285714286,0.03571428571428571,-0.9821428571428571,0.08928571428571429,-0.8571428571428571,0.125,-0.8928571428571429,-0.8571428571428571,-0.8392857142857143,-0.6428571428571429,-0.6964285714285714,-0.21428571428571427,-0.6607142857142857,-0.14285714285714285,-0.4642857142857143,-1.0,-0.39285714285714285,-0.6071428571428571,-0.39285714285714285,-0.16071428571428573,-0.44642857142857145,-0.10714285714285714,-0.03571428571428571,-0.9821428571428571,0.0,-0.5714285714285714,-0.07142857142857142,-0.17857142857142858,-0.14285714285714285,-0.16071428571428573,0.32142857142857145,-0.9107142857142857,0.32142857142857145,-0.5535714285714286,0.25,-0.25,0.19642857142857142,-0.19642857142857142
6,0.0,0.0,-0.40350877192982454,0.03508771929824561,-0.8421052631578947,0.03508771929824561,-1.0,0.08771929824561403,-0.8421052631578947,0.15789473684210525,-0.8421052631578947,-0.8947368421052632,-0.8070175438596491,-0.40350877192982454,-0.7017543859649122,-0.12280701754385964,-0.6842105263157895,-0.21052631578947367,-0.43859649122807015,-0.9649122807017544,-0.38596491228070173,-0.2631578947368421,-0.38596491228070173,-0.05263157894736842,-0.42105263157894735,-0.21052631578947367,-0.03508771929824561,-0.9298245614035088,-0.017543859649122806,-0.24561403508771928,-0.03508771929824561,-0.07017543859649122,-0.07017543859649122,-0.19298245614035087,0.3157894736842105,-0.8245614035087719,0.2807017543859649,-0.3157894736842105,0.24561403508771928,-0.14035087719298245,0.22807017543859648,-0.19298245614035087
6,0.0,0.0,-0.36363636363636365,0.03636363636363636,-0.7818181818181819,0.0,-0.9454545454545454,0.03636363636363636,-0.8727272727272727,0.03636363636363636,-0.8181818181818182,-0.8363636363636363,-0.8909090909090909,-1.0,-0.7636363636363637,-0.509090909090909,-0.7090909090909091,-0.2727272727272727,-0.4,-0.9636363636363636,-0.41818181818181815,-1.0,-0.36363636363636365,-0.41818181818181815,-0.4,-0.18181818181818182,0.0,-0.9636363636363636,0.01818181818181818,-0.8727272727272727,0.0,-0.38181818181818183,-0.07272727272727272,-0.2,0.36363636363636365,-0.8909090909090909,0.34545454545454546,-0.7636363636363637,0.3090909090909091,-0.4,0.2545454545454545,-0.2727272727272727
6,0.0,0.0,-0.32786885245901637,0.08196721311475409,-0.639344262295082,0.11475409836065574,-0.819672131147541,0.16393442622950818,-1.0,0.16393442622950818,-0.819672131147541,-0.8032786885245902,-0.8032786885245902,-0.2459016393442623,-0.6885245901639344,-0.04918032786885246,-0.6557377049180327,-0.19672131147540983,-0.45901639344262296,-0.8852459016393442,-0.39344262295081966,-0.14754098360655737,-0.36065573770491804,-0.01639344262295082,-0.39344262295081966,-0.18032786885245902,-0.09836065573770492,-0.8360655737704918,-0.04918032786885246,-0.13114754098360656,-0.04918032786885246,-0.01639344262295082,-0.08196721311475409,-0.16393442622950818,0.21311475409836064,-0.7377049180327869,0.21311475409836064,-0.18032786885245902,0.18032786885245902,-0.06557377049180328,0.16393442622950818,-0.16393442622950818
6,0.0,0.0,-0.2923076923076923,0.06153846153846154,-0.5846153846153846,0.046153846153846156,-0.8,0.06153846153846154,-1.0,0.09230769230769231,-0.8,-0.7384615384615385,-0.7846153846153846,-0.4153846153846154,-0.6615384615384615,-0.18461538461538463,-0.6153846153846154,-0.24615384615384617,-0.46153846153846156,-0.8461538461538461,-0.4153846153846154,-0.38461538461538464,-0.36923076923076925,-0.12307692307692308,-0.38461538461538464,-0.18461538461538463,-0.13846153846153847,-0.8307692307692308,-0.1076923076923077,-0.38461538461538464,-0.09230769230769231,-0.13846153846153847,-0.1076923076923077,-0.16923076923076924,0.15384615384615385,-0.7692307692307693,0.15384615384615385,-0.4461538461538462,0.13846153846153847,-0.2153846153846154,0.12307692307692308,-0.18461538461538463
6,0.0,0.0,-0.32786885245901637,0.06557377049180328,-0.639344262295082,0.08196721311475409,-0.8360655737704918,0.11475409836065574,-1.0,0.16393442622950818,-0.8032786885245902,-0.7540983606557377,-0.7213114754098361,-0.2459016393442623,-0.6229508196721312,-0.08196721311475409,-0.6065573770491803,-0.21311475409836064,-0.4426229508196721,-0.8688524590163934,-0.3114754098360656,-0.18032786885245902,-0.29508196721311475,-0.09836065573770492,-0.32786885245901637,-0.26229508196721313,-0.09836065573770492,-0.8360655737704918,0.0,-0.18032786885245902,0.0,-0.09836065573770492,-0.03278688524590164,-0.2459016393442623,0.21311475409836064,-0.7540983606557377,0.26229508196721313,-0.2459016393442623,0.2459016393442623,-0.14754098360655737,0.21311475409836064,-0.2459016393442623
6,0.0,0.0,-0.4,0.03636363636363636,-0.8181818181818182,0.05454545454545454,-1.0,0.10909090909090909,-0.8727272727272727,0.16363636363636364,-0.8727272727272727,-0.8909090909090909,-0.8181818181818182,-0.4,-0.7090909090909091,-0.12727272727272726,-0.6909090909090909,-0.21818181818181817,-0.45454545454545453,-0.9818181818181818,-0.4,-0.3090909090909091,-0.38181818181818183,-0.09090909090909091,-0.43636363636363634,-0.2545454545454545,-0.05454545454545454,-0.9454545454545454,-0.03636363636363636,-0.2727272727272727,-0.05454545454545454,-0.09090909090909091,-0.07272727272727272,-0.21818181818181817,0.2909090909090909,-0.8545454545454545,0.2727272727272727,-0.32727272727272727,0.21818181818181817,-0.12727272727272726,0.18181818181818182,-0.18181818181818182
6,0.0,0.0,-0.38181818181818183,0.03636363636363636,-0.7454545454545455,0.01818181818181818,-0.8727272727272727,0.05454545454545454,-0.6909090909090909,0.05454545454545454,-0.8,-0.9090909090909091,-0.7090909090909091,-0.32727272727272727,-0.6,-0.10909090909090909,-0.5818181818181818,-0.2545454545454545,-0.4,-1.0,-0.2909090909090909,-0.2545454545454545,-0.2727272727272727,-0.10909090909090909,-0.32727272727272727,-0.2727272727272727,0.0,-0.9636363636363636,0.05454545454545454,-0.23636363636363636,0.03636363636363636,-0.10909090909090909,-0.01818181818181818,-0.2545454545454545,0.34545454545454546,-0.8545454545454545,0.34545454545454546,-0.3090909090909091,0.2909090909090909,-0.18181818181818182,0.2545454545454545,-0.2727272727272727
6,0.0,0.0,-0.3333333333333333,0.017543859649122806,-0.7017543859649122,0.0,-0.8421052631578947,0.05263157894736842,-0.7719298245614035,0.10526315789473684,-0.7719298245614035,-0.8947368421052632,-0.7543859649122807,-0.5614035087719298,-0.631578947368421,-0.2631578947368421,-0.5789473684210527,-0.24561403508771928,-0.38596491228070173,-1.0,-0.2807017543859649,-0.38596491228070173,-0.2631578947368421,-0.14035087719298245,-0.3157894736842105,-0.21052631578947367,0.0,-0.9649122807017544,0.05263157894736842,-0.3157894736842105,0.03508771929824561,-0.14035087719298245,0.0,-0.24561403508771928,0.3333333333333333,-0.8596491228070176,0.3333333333333333,-0.3684210526315789,0.2982456140350877,-0.21052631578947367,0.2631578947368421,-0.2807017543859649
6,0.0,0.0,-0.35,0.0,-0.7333333333333333,-0.06666666666666667,-0.8666666666666667,-0.06666666666666667,-0.6666666666666666,-0.016666666666666666,-0.8,-0.8666666666666667,-0.7833333333333333,-0.8,-0.6666666666666666,-0.43333333333333335,-0.5833333333333334,-0.2833333333333333,-0.45,-1.0,-0.38333333333333336,-0.75,-0.31666666666666665,-0.35,-0.31666666666666665,-0.23333333333333334,-0.1,-0.9833333333333333,0.0,-0.6333333333333333,-0.016666666666666666,-0.31666666666666665,-0.05,-0.25,0.23333333333333334,-0.9166666666666666,0.2833333333333333,-0.6,0.23333333333333334,-0.35,0.18333333333333332,-0.2833333333333333
6,0.0,0.0,-0.3448275862068966,0.034482758620689655,-0.7068965517241379,0.034482758620689655,-0.8793103448275862,0.034482758620689655,-0.7586206896551724,-0.017241379310344827,-0.7931034482758621,-0.9137931034482759,-0.7068965517241379,-0.41379310344827586,-0.603448275862069,-0.1724137931034483,-0.603448275862069,-0.27586206896551724,-0.41379310344827586,-1.0,-0.3103448275862069,-0.3448275862068966,-0.3103448275862069,-0.15517241379310345,-0.3793103448275862,-0.3103448275862069,-0.05172413793103448,-0.9827586206896551,0.017241379310344827,-0.3448275862068966,-0.017241379310344827,-0.1724137931034483,-0.06896551724137931,-0.3103448275862069,0.25862068965517243,-0.8793103448275862,0.27586206896551724,-0.3793103448275862,0.2413793103448276,-0.2413793103448276,0.20689655172413793,-0.3275862068965517
6,0.0,0.0,-0.36666666666666664,0.016666666666666666,-0.75,-0.016666666666666666,-0.9,-0.016666666666666666,-0.7,0.0,-0.8,-0.9,-0.7,-0.4666666666666667,-0.6,-0.21666666666666667,-0.6,-0.3,-0.45,-1.0,-0.31666666666666665,-0.4,-0.3,-0.16666666666666666,-0.3333333333333333,-0.26666666666666666,-0.08333333333333333,-0.9833333333333333,0.0,-0.38333333333333336,-0.016666666666666666,-0.15,-0.06666666666666667,-0.23333333333333334,0.23333333333333334,-0.9,0.25,-0.4166666666666667,0.2,-0.21666666666666667,0.16666666666666666,-0.25
6,0.0,0.0,-0.3275862068965517,0.05172413793103448,-0.6724137931034483,0.05172413793103448,-0.8620689655172413,0.034482758620689655,-0.8620689655172413,-0.017241379310344827,-0.8448275862068966,-0.8793103448275862,-0.7413793103448276,-0.41379310344827586,-0.6379310344827587,-0.20689655172413793,-0.6379310344827587,-0.3103448275862069,-0.4827586206896552,-1.0,-0.3275862068965517,-0.3448275862068966,-0.3103448275862069,-0.15517241379310345,-0.3620689655172414,-0.3275862068965517,-0.1206896551724138,-0.9827586206896551,0.0,-0.3448275862068966,-0.017241379310344827,-0.1724137931034483,-0.05172413793103448,-0.3103448275862069,0.1896551724137931,-0.896551724137931,0.25862068965517243,-0.39655172413793105,0.22413793103448276,-0.27586206896551724,0.20689655172413793,-0.3793103448275862
6,0.0,0.0,-0.3,0.03333333333333333,-0.6166666666666667,0.016666666666666666,-0.7833333333333333,0.0,-0.8333333333333334,-0.03333333333333333,-0.7666666666666667,-0.8833333333333333,-0.6833333333333333,-0.5166666666666667,-0.5833333333333334,-0.3,-0.5833333333333334,-0.3333333333333333,-0.4,-1.0,-0.25,-0.38333333333333336,-0.26666666666666666,-0.16666666666666666,-0.3333333333333333,-0.2833333333333333,-0.05,-0.9833333333333333,0.06666666666666667,-0.35,0.03333333333333333,-0.18333333333333332,-0.016666666666666666,-0.3,0.26666666666666666,-0.8833333333333333,0.3,-0.36666666666666664,0.2833333333333333,-0.25,0.25,-0.36666666666666664
6,0.0,0.0,-0.35714285714285715,0.05357142857142857,-0.7321428571428571,0.03571428571428571,-0.8928571428571429,0.03571428571428571,-0.875,0.05357142857142857,-0.8571428571428571,-0.875,-0.7678571428571429,-0.4642857142857143,-0.6607142857142857,-0.23214285714285715,-0.6428571428571429,-0.32142857142857145,-0.48214285714285715,-1.0,-0.3392857142857143,-0.3392857142857143,-0.32142857142857145,-0.14285714285714285,-0.375,-0.25,-0.10714285714285714,-0.9821428571428571,0.0,-0.3392857142857143,-0.017857142857142856,-0.16071428571428573,-0.05357142857142857,-0.21428571428571427,0.23214285714285715,-0.9107142857142857,0.26785714285714285,-0.4107142857142857,0.21428571428571427,-0.25,0.17857142857142858,-0.2857142857142857
6,0.0,0.0,-0.32142857142857145,0.05357142857142857,-0.625,0.03571428571428571,-0.8214285714285714,0.03571428571428571,-0.9821428571428571,-0.017857142857142856,-0.8571428571428571,-0.8928571428571429,-0.75,-0.44642857142857145,-0.625,-0.25,-0.6071428571428571,-0.3392857142857143,-0.5,-1.0,-0.35714285714285715,-0.44642857142857145,-0.32142857142857145,-0.23214285714285715,-0.35714285714285715,-0.32142857142857145,-0.14285714285714285,-1.0,-0.03571428571428571,-0.48214285714285715,-0.03571428571428571,-0.26785714285714285,-0.08928571428571429,-0.3392857142857143,0.16071428571428573,-0.9464285714285714,0.21428571428571427,-0.5892857142857143,0.19642857142857142,-0.375,0.14285714285714285,-0.35714285714285715
6,0.0,0.0,-0.31666666666666665,0.06666666666666667,-0.65,0.06666666666666667,-0.8833333333333333,0.05,-1.0,-0.016666666666666666,-0.9333333333333333,-0.8,-0.8,-0.35,-0.6666666666666666,-0.16666666666666666,-0.6166666666666667,-0.25,-0.6,-0.9333333333333333,-0.43333333333333335,-0.38333333333333336,-0.3333333333333333,-0.16666666666666666,-0.3333333333333333,-0.25,-0.26666666666666666,-0.9333333333333333,-0.11666666666666667,-0.4166666666666667,-0.06666666666666667,-0.21666666666666667,-0.1,-0.26666666666666666,0.03333333333333333,-0.9,0.15,-0.48333333333333334,0.16666666666666666,-0.2833333333333333,0.15,-0.3
6,0.0,0.0,-0.3275862068965517,0.08620689655172414,-0.6724137931034483,0.08620689655172414,-0.9137931034482759,0.08620689655172414,-1.0,0.05172413793103448,-0.9137931034482759,-0.7931034482758621,-0.8103448275862069,-0.27586206896551724,-0.6551724137931034,-0.10344827586206896,-0.6206896551724138,-0.22413793103448276,-0.5689655172413793,-0.9137931034482759,-0.4482758620689655,-0.3103448275862069,-0.3620689655172414,-0.13793103448275862,-0.3620689655172414,-0.2413793103448276,-0.22413793103448276,-0.9137931034482759,-0.1206896551724138,-0.3448275862068966,-0.06896551724137931,-0.1896551724137931,-0.08620689655172414,-0.3103448275862069,0.08620689655172414,-0.8448275862068966,0.15517241379310345,-0.41379310344827586,0.1896551724137931,-0.27586206896551724,0.1724137931034483,-0.3793103448275862
6,0.0,0.0,-0.3188405797101449,0.10144927536231885,-0.6231884057971014,0.10144927536231885,-0.8260869565217391,0.08695652173913043,-1.0,0.13043478260869565,-0.855072463768116,-0.6666666666666666,-0.8115942028985508,-0.34782608695652173,-0.6666666666666666,-0.15942028985507245,-0.6086956521739131,-0.2028985507246377,-0.5797101449275363,-0.7971014492753623,-0.463768115942029,-0.34782608695652173,-0.37681159420289856,-0.13043478260869565,-0.36231884057971014,-0.14492753623188406,-0.2898550724637681,-0.8115942028985508,-0.18840579710144928,-0.36231884057971014,-0.13043478260869565,-0.15942028985507245,-0.14492753623188406,-0.17391304347826086,-0.014492753623188406,-0.7681159420289855,0.057971014492753624,-0.391304347826087,0.08695652173913043,-0.2318840579710145,0.07246376811594203,-0.2318840579710145
6,0.0,0.0,-0.3088235294117647,0.11764705882352941,-0.6323529411764706,0.1323529411764706,-0.8529411764705882,0.1323529411764706,-1.0,0.17647058823529413,-0.8823529411764706,-0.6029411764705882,-0.75,-0.2647058823529412,-0.5882352941176471,-0.08823529411764706,-0.5588235294117647,-0.14705882352941177,-0.6029411764705882,-0.7352941176470589,-0.4264705882352941,-0.29411764705882354,-0.3382352941176471,-0.11764705882352941,-0.3382352941176471,-0.14705882352941177,-0.3088235294117647,-0.7647058823529411,-0.14705882352941177,-0.3382352941176471,-0.10294117647058823,-0.16176470588235295,-0.1323529411764706,-0.20588235294117646,-0.029411764705882353,-0.75,0.07352941176470588,-0.4117647058823529,0.10294117647058823,-0.25,0.07352941176470588,-0.27941176470588236
6,0.0,0.0,-0.3448275862068966,0.1206896551724138,-0.6551724137931034,0.15517241379310345,-0.8620689655172413,0.1896551724137931,-1.0,0.2413793103448276,-0.8620689655172413,-0.6551724137931034,-0.9137931034482759,-0.1724137931034483,-0.7586206896551724,-0.034482758620689655,-0.6724137931034483,-0.1206896551724138,-0.5172413793103449,-0.7586206896551724,-0.5344827586206896,-0.20689655172413793,-0.39655172413793105,-0.08620689655172414,-0.3275862068965517,-0.1724137931034483,-0.15517241379310345,-0.7413793103448276,-0.1896551724137931,-0.22413793103448276,-0.08620689655172414,-0.10344827586206896,-0.034482758620689655,-0.1896551724137931,0.1724137931034483,-0.6551724137931034,0.15517241379310345,-0.27586206896551724,0.20689655172413793,-0.15517241379310345,0.22413793103448276,-0.20689655172413793
6,0.0,0.0,-0.390625,0.09375,-0.75,0.171875,-1.0,0.203125,-0.96875,0.1875,-0.9375,-0.6875,-0.890625,-0.140625,-0.75,0.0625,-0.6875,-0.03125,-0.59375,-0.78125,-0.546875,-0.09375,-0.46875,0.03125,-0.46875,-0.09375,-0.234375,-0.765625,-0.21875,-0.09375,-0.171875,0.0,-0.171875,-0.125,0.078125,-0.6875,0.0625,-0.15625,0.09375,-0.078125,0.09375,-0.203125
6,0.0,0.0,-0.4090909090909091,0.10606060606060606,-0.7575757575757576,0.16666666666666666,-1.0,0.21212121212121213,-0.9545454545454546,0.18181818181818182,-0.8939393939393939,-0.6515151515151515,-0.8939393939393939,-0.07575757575757576,-0.7272727272727273,0.0,-0.6666666666666666,-0.18181818181818182,-0.5606060606060606,-0.7272727272727273,-0.5757575757575758,-0.030303030303030304,-0.4696969696969697,-0.045454545454545456,-0.45454545454545453,-0.22727272727272727,-0.22727272727272727,-0.696969696969697,-0.2727272727272727,-0.045454545454545456,-0.19696969696969696,-0.045454545454545456,-0.18181818181818182,-0.21212121212121213,0.09090909090909091,-0.6060606060606061,0.030303030303030304,-0.09090909090909091,0.06060606060606061,-0.12121212121212122,0.07575757575757576,-0.30303030303030304
6,0.0,0.0,-0.3684210526315789,0.10526315789473684,-0.7368421052631579,0.21052631578947367,-0.9473684210526315,0.3508771929824561,-1.0,0.43859649122807015,-0.8070175438596491,-0.47368421052631576,-0.7368421052631579,0.2631578947368421,-0.631578947368421,0.21052631578947367,-0.631578947368421,-0.03508771929824561,-0.40350877192982454,-0.543859649122807,-0.3508771929824561,0.2982456140350877,-0.3333333333333333,0.15789473684210525,-0.38596491228070173,-0.12280701754385964,-0.017543859649122806,-0.5263157894736842,-0.017543859649122806,0.2631578947368421,-0.017543859649122806,0.12280701754385964,-0.07017543859649122,-0.14035087719298245,0.3333333333333333,-0.42105263157894735,0.3157894736842105,0.17543859649122806,0.2982456140350877,0.05263157894736842,0.24561403508771928,-0.21052631578947367
6,0.0,0.0,-0.3709677419354839,0.08064516129032258,-0.6935483870967742,0.1935483870967742,-0.8870967741935484,0.3548387096774194,-1.0,0.46774193548387094,-0.8064516129032258,-0.45161290322580644,-0.7903225806451613,0.22580645161290322,-0.6774193548387096,0.1935483870967742,-0.6451612903225806,-0.016129032258064516,-0.45161290322580644,-0.5161290322580645,-0.41935483870967744,0.25806451612903225,-0.3870967741935484,0.14516129032258066,-0.41935483870967744,-0.08064516129032258,-0.0967741935483871,-0.46774193548387094,-0.11290322580645161,0.24193548387096775,-0.11290322580645161,0.11290322580645161,-0.14516129032258066,-0.12903225806451613,0.22580645161290322,-0.3548387096774194,0.1935483870967742,0.1774193548387097,0.1935483870967742,0.04838709677419355,0.1935483870967742,-0.1935483870967742
6,0.0,0.0,-0.41818181818181815,0.10909090909090909,-0.7636363636363637,0.23636363636363636,-0.9272727272727272,0.45454545454545453,-1.0,0.6545454545454545,-0.8,-0.45454545454545453,-0.7454545454545455,0.3090909090909091,-0.6363636363636364,0.2909090909090909,-0.6181818181818182,0.07272727272727272,-0.4,-0.5272727272727272,-0.34545454545454546,0.38181818181818183,-0.34545454545454546,0.2727272727272727,-0.36363636363636365,0.0,0.0,-0.4909090909090909,-0.01818181818181818,0.36363636363636365,-0.03636363636363636,0.23636363636363636,-0.05454545454545454,-0.01818181818181818,0.34545454545454546,-0.38181818181818183,0.32727272727272727,0.2909090909090909,0.3090909090909091,0.16363636363636364,0.2909090909090909,-0.09090909090909091
6,0.0,0.0,-0.3559322033898305,0.06779661016949153,-0.6610169491525424,0.1864406779661017,-0.864406779661017,0.3728813559322034,-1.0,0.5423728813559322,-0.7966101694915254,-0.423728813559322,-0.7457627118644068,0.15254237288135594,-0.6779661016949152,0.23728813559322035,-0.6949152542372882,0.13559322033898305,-0.4576271186440678,-0.5254237288135594,-0.3728813559322034,0.22033898305084745,-0.423728813559322,0.2542372881355932,-0.4915254237288136,0.13559322033898305,-0.1016949152542373,-0.4915254237288136,-0.06779661016949153,0.22033898305084745,-0.13559322033898305,0.22033898305084745,-0.1864406779661017,0.0847457627118644,0.2033898305084746,-0.4067796610169492,0.23728813559322035,0.15254237288135594,0.1864406779661017,0.13559322033898305,0.11864406779661017,0.0
6,0.0,0.0,-0.43859649122807015,0.08771929824561403,-0.7894736842105263,0.24561403508771928,-1.0,0.43859649122807015,-0.9824561403508771,0.5614035087719298,-0.8070175438596491,-0.40350877192982454,-0.7719298245614035,0.24561403508771928,-0.7368421052631579,0.2631578947368421,-0.7543859649122807,0.08771929824561403,-0.42105263157894735,-0.49122807017543857,-0.40350877192982454,0.3333333333333333,-0.45614035087719296,0.2631578947368421,-0.49122807017543857,0.08771929824561403,-0.05263157894736842,-0.45614035087719296,-0.10526315789473684,0.3333333333333333,-0.15789473684210525,0.24561403508771928,-0.19298245614035087,0.07017543859649122,0.2631578947368421,-0.3508771929824561,0.24561403508771928,0.2982456140350877,0.21052631578947367,0.22807017543859648,0.17543859649122806,0.017543859649122806
6,0.0,0.0,-0.36363636363636365,0.06060606060606061,-0.6363636363636364,0.15151515151515152,-0.8484848484848485,0.2878787878787879,-1.0,0.4393939393939394,-0.7121212121212122,-0.3484848484848485,-0.696969696969697,0.19696969696969696,-0.6060606060606061,0.18181818181818182,-0.5909090909090909,0.015151515151515152,-0.3939393939393939,-0.4090909090909091,-0.3787878787878788,0.2727272727272727,-0.36363636363636365,0.18181818181818182,-0.3787878787878788,0.0,-0.09090909090909091,-0.3787878787878788,-0.09090909090909091,0.2727272727272727,-0.12121212121212122,0.18181818181818182,-0.15151515151515152,0.0,0.18181818181818182,-0.30303030303030304,0.16666666666666666,0.24242424242424243,0.13636363636363635,0.16666666666666666,0.09090909090909091,-0.015151515151515152
6,0.0,0.0,-0.39344262295081966,0.04918032786885246,-0.7213114754098361,0.16393442622950818,-0.9508196721311475,0.36065573770491804,-1.0,0.4918032786885246,-0.7704918032786885,-0.3770491803278688,-0.7868852459016393,0.29508196721311475,-0.6885245901639344,0.26229508196721313,-0.639344262295082,0.04918032786885246,-0.4262295081967213,-0.4098360655737705,-0.4426229508196721,0.36065573770491804,-0.4098360655737705,0.22950819672131148,-0.4262295081967213,0.0,-0.08196721311475409,-0.3442622950819672,-0.13114754098360656,0.36065573770491804,-0.13114754098360656,0.21311475409836064,-0.14754098360655737,-0.01639344262295082,0.22950819672131148,-0.2459016393442623,0.18032786885245902,0.3114754098360656,0.16393442622950818,0.19672131147540983,0.13114754098360656,-0.03278688524590164
6,0.0,0.0,-0.36231884057971014,0.057971014492753624,-0.6811594202898551,0.10144927536231885,-0.8840579710144928,0.2318840579710145,-1.0,0.36231884057971014,-0.7536231884057971,-0.391304347826087,-0.7536231884057971,0.18840579710144928,-0.6521739130434783,0.13043478260869565,-0.6086956521739131,-0.07246376811594203,-0.463768115942029,-0.42028985507246375,-0.4782608695652174,0.21739130434782608,-0.4057971014492754,0.10144927536231885,-0.42028985507246375,-0.11594202898550725,-0.15942028985507245,-0.37681159420289856,-0.18840579710144928,0.21739130434782608,-0.13043478260869565,0.08695652173913043,-0.11594202898550725,-0.10144927536231885,0.13043478260869565,-0.2753623188405797,0.11594202898550725,0.17391304347826086,0.13043478260869565,0.043478260869565216,0.11594202898550725,-0.17391304347826086
6,0.0,0.0,-0.48214285714285715,0.08928571428571429,-0.8571428571428571,0.21428571428571427,-1.0,0.44642857142857145,-0.875,0.6071428571428571,-0.7857142857142857,-0.42857142857142855,-0.8214285714285714,0.2857142857142857,-0.6964285714285714,0.25,-0.6607142857142857,0.03571428571428571,-0.4107142857142857,-0.4642857142857143,-0.44642857142857145,0.32142857142857145,-0.39285714285714285,0.17857142857142858,-0.39285714285714285,-0.03571428571428571,-0.03571428571428571,-0.4107142857142857,-0.10714285714285714,0.3392857142857143,-0.07142857142857142,0.19642857142857142,-0.08928571428571429,-0.017857142857142856,0.30357142857142855,-0.30357142857142855,0.25,0.2857142857142857,0.25,0.17857142857142858,0.23214285714285715,-0.03571428571428571
6,0.0,0.0,-0.4375,0.08333333333333333,-0.8125,0.22916666666666666,-1.0,0.4583333333333333,-0.9791666666666666,0.6041666666666666,-0.8958333333333334,-0.4375,-0.8958333333333334,0.3333333333333333,-0.8125,0.2708333333333333,-0.7708333333333334,0.020833333333333332,-0.5,-0.4791666666666667,-0.4791666666666667,0.375,-0.4375,0.20833333333333334,-0.4375,-0.0625,-0.08333333333333333,-0.4166666666666667,-0.125,0.375,-0.10416666666666667,0.20833333333333334,-0.10416666666666667,-0.0625,0.2916666666666667,-0.2916666666666667,0.2708333333333333,0.3125,0.2708333333333333,0.1875,0.25,-0.0625
6,0.0,0.0,-0.4772727272727273,0.13636363636363635,-0.8409090909090909,0.4090909090909091,-1.0,0.7045454545454546,-0.8636363636363636,0.8636363636363636,-0.8409090909090909,-0.3409090909090909,-0.7272727272727273,0.5909090909090909,-0.6136363636363636,0.5454545454545454,-0.5681818181818182,0.25,-0.36363636363636365,-0.38636363636363635,-0.25,0.6136363636363636,-0.22727272727272727,0.45454545454545453,-0.2727272727272727,0.13636363636363635,0.11363636363636363,-0.3181818181818182,0.1590909090909091,0.6136363636363636,0.13636363636363635,0.45454545454545453,0.09090909090909091,0.1590909090909091,0.5,-0.20454545454545456,0.5454545454545454,0.5,0.5,0.38636363636363635,0.4318181818181818,0.13636363636363635
6,0.0,0.0,-0.42857142857142855,0.08163265306122448,-0.7551020408163265,0.24489795918367346,-0.9591836734693877,0.42857142857142855,-1.0,0.5918367346938775,-0.8775510204081632,-0.5918367346938775,-0.8571428571428571,0.22448979591836735,-0.7346938775510204,0.1836734693877551,-0.6938775510204082,-0.10204081632653061,-0.4489795918367347,-0.6326530612244898,-0.42857142857142855,0.30612244897959184,-0.3673469387755102,0.14285714285714285,-0.3877551020408163,-0.16326530612244897,-0.04081632653061224,-0.5510204081632653,-0.061224489795918366,0.32653061224489793,-0.04081632653061224,0.1836734693877551,-0.061224489795918366,-0.10204081632653061,0.3469387755102041,-0.40816326530612246,0.30612244897959184,0.2857142857142857,0.30612244897959184,0.20408163265306123,0.30612244897959184,-0.061224489795918366
6,0.0,0.0,-0.46938775510204084,0.061224489795918366,-0.8571428571428571,0.16326530612244897,-1.0,0.3469387755102041,-0.8775510204081632,0.46938775510204084,-0.7755102040816326,-0.5714285714285714,-0.673469387755102,0.20408163265306123,-0.6530612244897959,0.20408163265306123,-0.673469387755102,-0.02040816326530612,-0.32653061224489793,-0.6122448979591837,-0.24489795918367346,0.2857142857142857,-0.2857142857142857,0.16326530612244897,-0.3469387755102041,-0.08163265306122448,0.10204081632653061,-0.5510204081632653,0.10204081632653061,0.2653061224489796,0.061224489795918366,0.12244897959183673,0.02040816326530612,-0.12244897959183673,0.4489795918367347,-0.42857142857142855,0.4489795918367347,0.14285714285714285,0.3877551020408163,0.061224489795918366,0.3673469387755102,-0.16326530612244897
6,0.0,0.0,-0.42857142857142855,0.04081632653061224,-0.8163265306122449,0.08163265306122448,-1.0,0.20408163265306123,-0.9795918367346939,0.32653061224489793,-0.8367346938775511,-0.7346938775510204,-0.8571428571428571,0.02040816326530612,-0.7755102040816326,0.061224489795918366,-0.7346938775510204,-0.16326530612244897,-0.40816326530612246,-0.7551020408163265,-0.42857142857142855,0.10204081632653061,-0.40816326530612246,0.061224489795918366,-0.40816326530612246,-0.20408163265306123,0.0,-0.673469387755102,-0.061224489795918366,0.12244897959183673,-0.061224489795918366,0.061224489795918366,-0.08163265306122448,-0.1836734693877551,0.32653061224489793,-0.5306122448979592,0.2857142857142857,0.10204081632653061,0.2857142857142857,0.04081632653061224,0.2653061224489796,-0.20408163265306123
6,0.0,0.0,-0.3559322033898305,0.01694915254237288,-0.711864406779661,0.01694915254237288,-0.9322033898305084,0.1016949152542373,-1.0,0.1864406779661017,-0.7288135593220338,-0.576271186440678,-0.7627118644067796,0.06779661016949153,-0.6271186440677966,0.06779661016949153,-0.559322033898305,-0.11864406779661017,-0.3898305084745763,-0.5932203389830508,-0.423728813559322,0.15254237288135594,-0.3389830508474576,0.03389830508474576,-0.3220338983050847,-0.2033898305084746,-0.0847457627118644,-0.5254237288135594,-0.15254237288135594,0.15254237288135594,-0.1016949152542373,0.03389830508474576,-0.0847457627118644,-0.1864406779661017,0.2033898305084746,-0.3898305084745763,0.11864406779661017,0.1016949152542373,0.13559322033898305,0.01694915254237288,0.15254237288135594,-0.1864406779661017
6,0.0,0.0,-0.45652173913043476,0.08695652173913043,-0.8478260869565217,0.17391304347826086,-1.0,0.32608695652173914,-0.9565217391304348,0.43478260869565216,-0.8260869565217391,-0.6739130434782609,-0.8043478260869565,0.13043478260869565,-0.6956521739130435,0.15217391304347827,-0.6521739130434783,-0.10869565217391304,-0.391304347826087,-0.717391304347826,-0.34782608695652173,0.2608695652173913,-0.30434782608695654,0.13043478260869565,-0.32608695652173914,-0.17391304347826086,0.043478260869565216,-0.6304347826086957,0.021739130434782608,0.2826086956521739,0.021739130434782608,0.15217391304347827,0.0,-0.13043478260869565,0.41304347826086957,-0.5,0.34782608695652173,0.21739130434782608,0.34782608695652173,0.15217391304347827,0.34782608695652173,-0.10869565217391304
6,0.0,0.0,-0.39215686274509803,0.0784313725490196,-0.7647058823529411,0.1568627450980392,-0.9411764705882353,0.2549019607843137,-1.0,0.35294117647058826,-0.7843137254901961,-0.6274509803921569,-0.7450980392156863,0.058823529411764705,-0.6470588235294118,0.09803921568627451,-0.6078431372549019,-0.09803921568627451,-0.4117647058823529,-0.7058823529411765,-0.37254901960784315,0.09803921568627451,-0.3333333333333333,0.058823529411764705,-0.3333333333333333,-0.17647058823529413,-0.058823529411764705,-0.6666666666666666,-0.058823529411764705,0.0784313725490196,-0.058823529411764705,0.0392156862745098,-0.0392156862745098,-0.17647058823529413,0.27450980392156865,-0.5686274509803921,0.21568627450980393,0.0196078431372549,0.21568627450980393,-0.0196078431372549,0.23529411764705882,-0.19607843137254902
6,0.0,0.0,-0.4791666666666667,-0.020833333333333332,-0.875,-0.10416666666666667,-1.0,-0.0625,-0.9583333333333334,0.0625,-0.8125,-0.8333333333333334,-0.8333333333333334,-0.5,-0.7708333333333334,-0.1875,-0.7083333333333334,-0.0625,-0.3958333333333333,-0.8958333333333334,-0.4375,-0.4583333333333333,-0.3958333333333333,-0.16666666666666666,-0.3541666666666667,-0.0625,-0.020833333333333332,-0.8541666666666666,-0.0625,-0.4166666666666667,-0.041666666666666664,-0.16666666666666666,0.020833333333333332,-0.08333333333333333,0.3125,-0.75,0.2708333333333333,-0.4166666666666667,0.2708333333333333,-0.20833333333333334,0.2916666666666667,-0.10416666666666667
6,0.0,0.0,-0.4782608695652174,0.08695652173913043,-0.8478260869565217,0.10869565217391304,-1.0,0.15217391304347827,-0.9347826086956522,0.21739130434782608,-0.7608695652173914,-0.782608695652174,-0.6956521739130435,-0.043478260869565216,-0.6086956521739131,0.10869565217391304,-0.5869565217391305,0.0,-0.32608695652173914,-0.8478260869565217,-0.2608695652173913,-0.021739130434782608,-0.21739130434782608,0.06521739130434782,-0.1956521739130435,-0.08695652173913043,0.08695652173913043,-0.782608695652174,0.10869565217391304,0.0,0.13043478260869565,0.08695652173913043,0.15217391304347827,-0.043478260869565216,0.43478260869565216,-0.6739130434782609,0.43478260869565216,-0.043478260869565216,0.41304347826086957,0.08695652173913043,0.41304347826086957,0.0
6,0.0,0.0,-0.525,0.125,-0.95,0.25,-1.0,0.4,-0.875,0.425,-0.8,-0.85,-0.65,0.1,-0.6,0.3,-0.625,0.15,-0.275,-0.95,-0.125,0.225,-0.175,0.325,-0.25,0.1,0.225,-0.9,0.3,0.2,0.225,0.275,0.175,0.05,0.625,-0.75,0.65,0.075,0.6,0.175,0.575,0.0
6,0.0,0.0,-0.3617021276595745,0.0851063829787234,-0.6808510638297872,0.14893617021276595,-0.851063829787234,0.2127659574468085,-1.0,0.2978723404255319,-0.7446808510638298,-0.8297872340425532,-0.6595744680851063,-0.2127659574468085,-0.574468085106383,-0.0425531914893617,-0.5531914893617021,-0.1702127659574468,-0.3191489361702128,-0.9148936170212766,-0.19148936170212766,-0.0851063829787234,-0.19148936170212766,0.02127659574468085,-0.2127659574468085,-0.14893617021276595,0.0851063829787234,-0.8723404255319149,0.1702127659574468,-0.06382978723404255,0.14893617021276595,0.02127659574468085,0.1276595744680851,-0.14893617021276595,0.425531914893617,-0.7659574468085106,0.46808510638297873,-0.10638297872340426,0.44680851063829785,-0.02127659574468085,0.425531914893617,-0.1702127659574468
6,0.0,0.0,-0.41025641025641024,0.07692307692307693,-0.7948717948717948,0.15384615384615385,-0.9230769230769231,0.3333333333333333,-1.0,0.6153846153846154,-0.9230769230769231,-0.717948717948718,-0.8461538461538461,-0.02564102564102564,-0.717948717948718,0.38461538461538464,-0.6410256410256411,0.5384615384615384,-0.46153846153846156,-0.8717948717948718,-0.23076923076923078,0.02564102564102564,-0.05128205128205128,0.46153846153846156,0.07692307692307693,0.5641025641025641,-0.02564102564102564,-0.8717948717948718,0.1794871794871795,-0.02564102564102564,0.3076923076923077,0.358974358974359,0.38461538461538464,0.4358974358974359,0.38461538461538464,-0.8205128205128205,0.5641025641025641,-0.10256410256410256,0.6153846153846154,0.23076923076923078,0.6410256410256411,0.3076923076923077
6,0.0,0.0,-0.35714285714285715,0.017857142857142856,-0.6785714285714286,-0.017857142857142856,-0.8214285714285714,-0.03571428571428571,-0.8035714285714286,-0.07142857142857142,-0.7857142857142857,-0.8928571428571429,-0.625,-0.375,-0.5357142857142857,-0.10714285714285714,-0.5357142857142857,-0.14285714285714285,-0.42857142857142855,-1.0,-0.23214285714285715,-0.3392857142857143,-0.19642857142857142,-0.05357142857142857,-0.21428571428571427,-0.125,-0.07142857142857142,-0.9821428571428571,0.08928571428571429,-0.3392857142857143,0.08928571428571429,-0.08928571428571429,0.07142857142857142,-0.14285714285714285,0.25,-0.9107142857142857,0.35714285714285715,-0.4107142857142857,0.3392857142857143,-0.17857142857142858,0.30357142857142855,-0.19642857142857142
6,0.0,0.0,-0.3958333333333333,0.0625,-0.7291666666666666,0.10416666666666667,-0.7291666666666666,0.20833333333333334,-0.6041666666666666,0.2708333333333333,-0.7291666666666666,-0.8958333333333334,-0.5,-0.125,-0.4375,0.08333333333333333,-0.5,-0.0625,-0.2916666666666667,-1.0,-0.020833333333333332,-0.0625,-0.041666666666666664,0.10416666666666667,-0.125,-0.08333333333333333,0.14583333333333334,-0.9583333333333334,0.3541666666666667,-0.08333333333333333,0.2916666666666667,0.041666666666666664,0.20833333333333334,-0.14583333333333334,0.5208333333333334,-0.8333333333333334,0.6458333333333334,-0.1875,0.5833333333333334,-0.041666666666666664,0.5416666666666666,-0.16666666666666666
6,0.0,0.0,-0.3508771929824561,0.05263157894736842,-0.6666666666666666,0.03508771929824561,-0.8070175438596491,0.0,-0.8771929824561403,0.017543859649122806,-0.7368421052631579,-0.9122807017543859,-0.6140350877192983,-0.43859649122807015,-0.5263157894736842,-0.19298245614035087,-0.543859649122807,-0.2631578947368421,-0.3684210526315789,-1.0,-0.21052631578947367,-0.3508771929824561,-0.21052631578947367,-0.08771929824561403,-0.24561403508771928,-0.14035087719298245,-0.017543859649122806,-0.9649122807017544,0.12280701754385964,-0.3157894736842105,0.05263157894736842,-0.07017543859649122,0.017543859649122806,-0.12280701754385964,0.3157894736842105,-0.8421052631578947,0.3684210526315789,-0.3508771929824561,0.3157894736842105,-0.14035087719298245,0.2807017543859649,-0.17543859649122806
6,0.0,0.0,-0.2857142857142857,0.031746031746031744,-0.5714285714285714,-0.031746031746031744,-0.7301587301587301,-0.06349206349206349,-0.7936507936507936,-0.07936507936507936,-0.6666666666666666,-0.9047619047619048,-0.5396825396825397,-0.4444444444444444,-0.47619047619047616,-0.20634920634920634,-0.5238095238095238,-0.2857142857142857,-0.3492063492063492,-1.0,-0.20634920634920634,-0.4603174603174603,-0.19047619047619047,-0.2222222222222222,-0.23809523809523808,-0.31746031746031744,-0.031746031746031744,-0.9841269841269841,0.07936507936507936,-0.4444444444444444,0.06349206349206349,-0.23809523809523808,0.015873015873015872,-0.31746031746031744,0.25396825396825395,-0.8888888888888888,0.31746031746031744,-0.4603174603174603,0.2857142857142857,-0.2698412698412698,0.25396825396825395,-0.3333333333333333
6,0.0,0.0,-0.3125,0.0625,-0.609375,0.0,-0.78125,-0.0625,-0.921875,-0.09375,-0.765625,-0.890625,-0.59375,-0.421875,-0.546875,-0.234375,-0.578125,-0.34375,-0.4375,-1.0,-0.25,-0.421875,-0.265625,-0.21875,-0.34375,-0.34375,-0.109375,-0.984375,0.03125,-0.4375,0.0,-0.234375,-0.078125,-0.328125,0.171875,-0.90625,0.265625,-0.46875,0.21875,-0.265625,0.15625,-0.3125
6,0.0,0.0,-0.296875,0.03125,-0.578125,-0.03125,-0.734375,-0.0625,-0.84375,-0.078125,-0.765625,-0.890625,-0.609375,-0.4375,-0.515625,-0.21875,-0.515625,-0.296875,-0.4375,-1.0,-0.25,-0.421875,-0.21875,-0.1875,-0.265625,-0.25,-0.109375,-0.984375,0.046875,-0.421875,0.03125,-0.1875,0.0,-0.234375,0.1875,-0.90625,0.265625,-0.46875,0.265625,-0.265625,0.234375,-0.296875
6,0.0,0.0,-0.2923076923076923,0.015384615384615385,-0.5846153846153846,-0.046153846153846156,-0.7384615384615385,-0.046153846153846156,-0.8153846153846154,-0.046153846153846156,-0.7538461538461538,-0.8769230769230769,-0.676923076923077,-0.6153846153846154,-0.5692307692307692,-0.38461538461538464,-0.5692307692307692,-0.35384615384615387,-0.4461538461538462,-1.0,-0.27692307692307694,-0.5230769230769231,-0.26153846153846155,-0.2923076923076923,-0.3076923076923077,-0.3384615384615385,-0.12307692307692308,-0.9846153846153847,0.03076923076923077,-0.5076923076923077,0.015384615384615385,-0.3076923076923077,-0.046153846153846156,-0.35384615384615387,0.16923076923076924,-0.9230769230769231,0.27692307692307694,-0.5538461538461539,0.24615384615384617,-0.35384615384615387,0.18461538461538463,-0.35384615384615387
6,0.0,0.0,-0.27941176470588236,0.029411764705882353,-0.6029411764705882,-0.04411764705882353,-0.7794117647058824,-0.08823529411764706,-0.7205882352941176,-0.16176470588235295,-0.7058823529411765,-0.8970588235294118,-0.6029411764705882,-0.6029411764705882,-0.5147058823529411,-0.3235294117647059,-0.5147058823529411,-0.35294117647058826,-0.39705882352941174,-1.0,-0.27941176470588236,-0.5735294117647058,-0.25,-0.29411764705882354,-0.29411764705882354,-0.3382352941176471,-0.08823529411764706,-0.9852941176470589,0.014705882352941176,-0.5588235294117647,0.0,-0.3088235294117647,-0.058823529411764705,-0.3382352941176471,0.19117647058823528,-0.9117647058823529,0.25,-0.5882352941176471,0.20588235294117646,-0.35294117647058826,0.14705882352941177,-0.3382352941176471
6,0.0,0.0,-0.3235294117647059,0.014705882352941176,-0.6470588235294118,-0.04411764705882353,-0.7941176470588235,-0.07352941176470588,-0.6764705882352942,-0.10294117647058823,-0.7205882352941176,-0.9117647058823529,-0.6029411764705882,-0.45588235294117646,-0.5441176470588235,-0.2647058823529412,-0.5588235294117647,-0.38235294117647056,-0.38235294117647056,-1.0,-0.23529411764705882,-0.39705882352941174,-0.25,-0.23529411764705882,-0.3088235294117647,-0.39705882352941174,-0.04411764705882353,-0.9705882352941176,0.058823529411764705,-0.38235294117647056,0.014705882352941176,-0.23529411764705882,-0.04411764705882353,-0.38235294117647056,0.23529411764705882,-0.8823529411764706,0.27941176470588236,-0.4264705882352941,0.23529411764705882,-0.29411764705882354,0.20588235294117646,-0.39705882352941174
6,0.0,0.0,-0.31343283582089554,0.014925373134328358,-0.6417910447761194,-0.029850746268656716,-0.8059701492537313,-0.04477611940298507,-0.7910447761194029,-0.1044776119402985,-0.7164179104477612,-0.8955223880597015,-0.582089552238806,-0.4626865671641791,-0.5074626865671642,-0.23880597014925373,-0.5522388059701493,-0.3283582089552239,-0.373134328358209,-1.0,-0.22388059701492538,-0.40298507462686567,-0.22388059701492538,-0.22388059701492538,-0.31343283582089554,-0.34328358208955223,-0.04477611940298507,-0.9850746268656716,0.05970149253731343,-0.417910447761194,0.029850746268656716,-0.23880597014925373,-0.04477611940298507,-0.34328358208955223,0.23880597014925373,-0.9104477611940298,0.26865671641791045,-0.47761194029850745,0.23880597014925373,-0.31343283582089554,0.19402985074626866,-0.373134328358209
6,0.0,0.0,-0.30303030303030304,0.030303030303030304,-0.6060606060606061,-0.015151515151515152,-0.7878787878787878,-0.045454545454545456,-0.8939393939393939,-0.07575757575757576,-0.7575757575757576,-0.9090909090909091,-0.6363636363636364,-0.45454545454545453,-0.5909090909090909,-0.2878787878787879,-0.6060606060606061,-0.3939393939393939,-0.4393939393939394,-1.0,-0.2727272727272727,-0.4090909090909091,-0.2878787878787879,-0.25757575757575757,-0.3484848484848485,-0.3939393939393939,-0.12121212121212122,-0.9848484848484849,0.015151515151515152,-0.4090909090909091,-0.015151515151515152,-0.25757575757575757,-0.07575757575757576,-0.36363636363636365,0.16666666666666666,-0.9090909090909091,0.24242424242424243,-0.45454545454545453,0.22727272727272727,-0.3181818181818182,0.18181818181818182,-0.4090909090909091
6,0.0,0.0,-0.2857142857142857,0.014285714285714285,-0.5857142857142857,-0.04285714285714286,-0.7285714285714285,-0.08571428571428572,-0.7428571428571429,-0.1,-0.7,-0.9142857142857143,-0.5571428571428572,-0.4857142857142857,-0.5,-0.2857142857142857,-0.5428571428571428,-0.38571428571428573,-0.37142857142857144,-1.0,-0.21428571428571427,-0.44285714285714284,-0.21428571428571427,-0.2714285714285714,-0.2857142857142857,-0.4,-0.05714285714285714,-0.9714285714285714,0.07142857142857142,-0.44285714285714284,0.02857142857142857,-0.2714285714285714,-0.014285714285714285,-0.38571428571428573,0.22857142857142856,-0.8857142857142857,0.2857142857142857,-0.4714285714285714,0.24285714285714285,-0.3142857142857143,0.21428571428571427,-0.4
6,0.0,0.0,-0.2753623188405797,0.014492753623188406,-0.5942028985507246,-0.028985507246376812,-0.7681159420289855,-0.08695652173913043,-0.782608695652174,-0.13043478260869565,-0.7536231884057971,-0.8840579710144928,-0.5942028985507246,-0.5942028985507246,-0.5217391304347826,-0.36231884057971014,-0.5652173913043478,-0.36231884057971014,-0.42028985507246375,-1.0,-0.21739130434782608,-0.4927536231884058,-0.21739130434782608,-0.2608695652173913,-0.2898550724637681,-0.3188405797101449,-0.10144927536231885,-0.9855072463768116,0.07246376811594203,-0.4782608695652174,0.028985507246376812,-0.2753623188405797,-0.028985507246376812,-0.3333333333333333,0.18840579710144928,-0.9130434782608695,0.2753623188405797,-0.4927536231884058,0.2463768115942029,-0.3188405797101449,0.18840579710144928,-0.34782608695652173
6,0.0,0.0,-0.3582089552238806,0.029850746268656716,-0.7164179104477612,-0.029850746268656716,-0.835820895522388,-0.05970149253731343,-0.6716417910447762,-0.07462686567164178,-0.8208955223880597,-0.8805970149253731,-0.6865671641791045,-0.582089552238806,-0.5970149253731343,-0.3283582089552239,-0.5970149253731343,-0.3283582089552239,-0.47761194029850745,-1.0,-0.2835820895522388,-0.47761194029850745,-0.26865671641791045,-0.2537313432835821,-0.31343283582089554,-0.3283582089552239,-0.13432835820895522,-0.9850746268656716,0.04477611940298507,-0.4626865671641791,0.014925373134328358,-0.2537313432835821,-0.04477611940298507,-0.31343283582089554,0.1791044776119403,-0.9253731343283582,0.26865671641791045,-0.5074626865671642,0.23880597014925373,-0.31343283582089554,0.1791044776119403,-0.34328358208955223
7,0.0,0.0,0.1037037037037037,-0.2740740740740741,0.1111111111111111,-0.4888888888888889,0.05185185185185185,-0.6296296296296297,-0.02962962962962963,-0.7037037037037037,-0.17777777777777778,-0.6,-0.4148148148148148,-0.8074074074074075,-0.5555555555555556,-0.9185185185185185,-0.6666666666666666,-1.0,-0.3111111111111111,-0.4888888888888889,-0.5481481481481482,-0.7407407407407407,-0.6962962962962963,-0.8888888888888888,-0.8,-0.9925925925925926,-0.4148148148148148,-0.37037037037037035,-0.6222222222222222,-0.6222222222222222,-0.7481481481481481,-0.7703703703703704,-0.8444444444444444,-0.8814814814814815,-0.48148148148148145,-0.22962962962962963,-0.6444444444444445,-0.4444444444444444,-0.7333333333333333,-0.562962962962963,-0.7925925925925926,-0.6666666666666666
7,0.0,0.0,-0.1258741258741259,-0.24475524475524477,-0.13986013986013987,-0.46153846153846156,-0.08391608391608392,-0.6363636363636364,0.03496503496503497,-0.7062937062937062,0.17482517482517482,-0.5944055944055944,0.3776223776223776,-0.7972027972027972,0.5034965034965035,-0.916083916083916,0.6013986013986014,-1.0,0.3146853146853147,-0.5314685314685315,0.5034965034965035,-0.7482517482517482,0.6223776223776224,-0.8811188811188811,0.7132867132867133,-0.986013986013986,0.4125874125874126,-0.4405594405594406,0.5874125874125874,-0.6573426573426573,0.6923076923076923,-0.7832167832167832,0.7622377622377622,-0.8811188811188811,0.4825174825174825,-0.34265734265734266,0.6223776223776224,-0.5034965034965035,0.6923076923076923,-0.6083916083916084,0.7412587412587412,-0.6853146853146853
7,0.0,0.0,0.11363636363636363,-0.26515151515151514,0.12878787878787878,-0.5151515151515151,0.06060606060606061,-0.6590909090909091,-0.030303030303030304,-0.6439393939393939,-0.19696969696969696,-0.5984848484848485,-0.4090909090909091,-0.7954545454545454,-0.5454545454545454,-0.9090909090909091,-0.6515151515151515,-1.0,-0.3181818181818182,-0.5,-0.5378787878787878,-0.7348484848484849,-0.6818181818181818,-0.8863636363636364,-0.7954545454545454,-0.9924242424242424,-0.4166666666666667,-0.38636363636363635,-0.6060606060606061,-0.6212121212121212,-0.7348484848484849,-0.7727272727272727,-0.8333333333333334,-0.8863636363636364,-0.48484848484848486,-0.25757575757575757,-0.6363636363636364,-0.45454545454545453,-0.7272727272727273,-0.5681818181818182,-0.7878787878787878,-0.6742424242424242
7,0.0,0.0,-0.1111111111111111,-0.2222222222222222,-0.10416666666666667,-0.4444444444444444,-0.04861111111111111,-0.6041666666666666,0.04861111111111111,-0.6805555555555556,0.1875,-0.5833333333333334,0.375,-0.7916666666666666,0.5,-0.9097222222222222,0.5833333333333334,-1.0,0.2986111111111111,-0.5138888888888888,0.5,-0.7430555555555556,0.6180555555555556,-0.8888888888888888,0.7152777777777778,-0.9930555555555556,0.3958333333333333,-0.4305555555555556,0.5763888888888888,-0.6527777777777778,0.6805555555555556,-0.7847222222222222,0.7638888888888888,-0.8819444444444444,0.4583333333333333,-0.3333333333333333,0.6041666666666666,-0.5,0.6805555555555556,-0.5972222222222222,0.7430555555555556,-0.6805555555555556
7,0.0,0.0,0.11764705882352941,-0.2426470588235294,0.11764705882352941,-0.47058823529411764,0.07352941176470588,-0.625,0.007352941176470588,-0.6544117647058824,-0.19852941176470587,-0.6176470588235294,-0.4117647058823529,-0.8088235294117647,-0.5367647058823529,-0.9191176470588235,-0.6397058823529411,-1.0,-0.3161764705882353,-0.5220588235294118,-0.5367647058823529,-0.7573529411764706,-0.6691176470588235,-0.8970588235294118,-0.7647058823529411,-1.0,-0.40441176470588236,-0.39705882352941174,-0.6029411764705882,-0.6323529411764706,-0.7205882352941176,-0.7794117647058824,-0.8088235294117647,-0.8897058823529411,-0.47058823529411764,-0.2647058823529412,-0.6323529411764706,-0.4632352941176471,-0.7132352941176471,-0.5735294117647058,-0.7794117647058824,-0.6764705882352942
7,0.0,0.0,-0.1048951048951049,-0.21678321678321677,-0.1048951048951049,-0.43356643356643354,-0.055944055944055944,-0.5944055944055944,0.055944055944055944,-0.6713286713286714,0.17482517482517482,-0.5734265734265734,0.3706293706293706,-0.7832167832167832,0.4965034965034965,-0.9020979020979021,0.5944055944055944,-0.986013986013986,0.2937062937062937,-0.5104895104895105,0.4965034965034965,-0.7412587412587412,0.6223776223776224,-0.8881118881118881,0.7202797202797203,-1.0,0.38461538461538464,-0.4125874125874126,0.5734265734265734,-0.6363636363636364,0.6853146853146853,-0.7762237762237763,0.7762237762237763,-0.8811188811188811,0.44755244755244755,-0.3006993006993007,0.5944055944055944,-0.46153846153846156,0.6713286713286714,-0.5734265734265734,0.7412587412587412,-0.6643356643356644
7,0.0,0.0,0.1111111111111111,-0.2518518518518518,0.1259259259259259,-0.48148148148148145,0.07407407407407407,-0.6222222222222222,-0.007407407407407408,-0.6074074074074074,-0.18518518518518517,-0.6074074074074074,-0.4074074074074074,-0.8074074074074075,-0.5333333333333333,-0.9185185185185185,-0.6444444444444445,-1.0,-0.3037037037037037,-0.5037037037037037,-0.5259259259259259,-0.7481481481481481,-0.6592592592592592,-0.8962962962962963,-0.7555555555555555,-1.0,-0.4,-0.3925925925925926,-0.5925925925925926,-0.6370370370370371,-0.7037037037037037,-0.7777777777777778,-0.7925925925925926,-0.8888888888888888,-0.4740740740740741,-0.26666666666666666,-0.6296296296296297,-0.4666666666666667,-0.7111111111111111,-0.5851851851851851,-0.7703703703703704,-0.6814814814814815
7,0.0,0.0,-0.09929078014184398,-0.2198581560283688,-0.09929078014184398,-0.4397163120567376,-0.03546099290780142,-0.6028368794326241,0.0851063829787234,-0.6595744680851063,0.2127659574468085,-0.5886524822695035,0.41134751773049644,-0.7943262411347518,0.5319148936170213,-0.9148936170212766,0.6312056737588653,-1.0,0.3333333333333333,-0.524822695035461,0.5319148936170213,-0.75177304964539,0.6524822695035462,-0.8936170212765957,0.75177304964539,-0.9929078014184397,0.425531914893617,-0.4326241134751773,0.6099290780141844,-0.6595744680851063,0.723404255319149,-0.7943262411347518,0.8085106382978723,-0.8936170212765957,0.48936170212765956,-0.3262411347517731,0.6453900709219859,-0.49645390070921985,0.7304964539007093,-0.6099290780141844,0.7943262411347518,-0.7021276595744681
7,0.0,0.0,0.1037037037037037,-0.2518518518518518,0.1111111111111111,-0.4666666666666667,0.05185185185185185,-0.6074074074074074,-0.044444444444444446,-0.6148148148148148,-0.18518518518518517,-0.6,-0.4148148148148148,-0.8,-0.5481481481481482,-0.9111111111111111,-0.6592592592592592,-1.0,-0.3111111111111111,-0.5037037037037037,-0.5333333333333333,-0.7481481481481481,-0.674074074074074,-0.8962962962962963,-0.7703703703703704,-0.9925925925925926,-0.4074074074074074,-0.3925925925925926,-0.6,-0.6444444444444445,-0.7185185185185186,-0.7851851851851852,-0.8074074074074075,-0.8962962962962963,-0.4888888888888889,-0.25925925925925924,-0.6370370370370371,-0.4666666666666667,-0.7185185185185186,-0.5851851851851851,-0.7777777777777778,-0.6814814814814815
7,0.0,0.0,-0.11428571428571428,-0.2357142857142857,-0.12142857142857143,-0.45714285714285713,-0.05714285714285714,-0.6285714285714286,0.07142857142857142,-0.6642857142857143,0.20714285714285716,-0.5857142857142857,0.40714285714285714,-0.8,0.5285714285714286,-0.9214285714285714,0.6285714285714286,-1.0,0.32857142857142857,-0.5071428571428571,0.5357142857142857,-0.7428571428571429,0.65,-0.8857142857142857,0.75,-0.9857142857142858,0.42857142857142855,-0.4142857142857143,0.6071428571428571,-0.6357142857142857,0.7142857142857143,-0.7714285714285715,0.7857142857142857,-0.8642857142857143,0.4857142857142857,-0.3,0.6357142857142857,-0.4714285714285714,0.7071428571428572,-0.5785714285714286,0.7642857142857142,-0.6642857142857143
7,0.0,0.0,0.07407407407407407,-0.2740740740740741,0.044444444444444446,-0.5333333333333333,-0.08888888888888889,-0.6370370370370371,-0.2,-0.5777777777777777,-0.2,-0.5925925925925926,-0.4222222222222222,-0.7925925925925926,-0.5555555555555556,-0.9111111111111111,-0.6592592592592592,-1.0,-0.31851851851851853,-0.4962962962962963,-0.5407407407407407,-0.7333333333333333,-0.6814814814814815,-0.8888888888888888,-0.7851851851851852,-1.0,-0.4148148148148148,-0.3851851851851852,-0.6074074074074074,-0.6296296296296297,-0.7333333333333333,-0.7777777777777778,-0.8296296296296296,-0.9037037037037037,-0.4888888888888889,-0.25925925925925924,-0.6370370370370371,-0.45925925925925926,-0.725925925925926,-0.5851851851851851,-0.7925925925925926,-0.6888888888888889
7,0.0,0.0,-0.11428571428571428,-0.2357142857142857,-0.12142857142857143,-0.45714285714285713,-0.05714285714285714,-0.6285714285714286,0.07142857142857142,-0.65,0.21428571428571427,-0.5928571428571429,0.42857142857142855,-0.8,0.55,-0.9214285714285714,0.65,-1.0,0.3357142857142857,-0.5142857142857142,0.5428571428571428,-0.75,0.6642857142857143,-0.8928571428571429,0.7571428571428571,-0.9928571428571429,0.42857142857142855,-0.4142857142857143,0.6142857142857143,-0.6428571428571429,0.7214285714285714,-0.7785714285714286,0.8071428571428572,-0.8714285714285714,0.4928571428571429,-0.3,0.6357142857142857,-0.4785714285714286,0.7142857142857143,-0.5857142857142857,0.7785714285714286,-0.6642857142857143
7,0.0,0.0,0.078125,-0.2734375,0.0546875,-0.5078125,-0.046875,-0.5859375,-0.1484375,-0.578125,-0.203125,-0.609375,-0.421875,-0.796875,-0.546875,-0.9140625,-0.65625,-1.0,-0.3203125,-0.5234375,-0.5390625,-0.7421875,-0.6875,-0.875,-0.8125,-0.984375,-0.40625,-0.4140625,-0.6015625,-0.640625,-0.7421875,-0.7734375,-0.84375,-0.875,-0.4765625,-0.2890625,-0.6328125,-0.4765625,-0.71875,-0.5859375,-0.796875,-0.6796875
7,0.0,0.0,-0.10638297872340426,-0.23404255319148937,-0.11347517730496454,-0.46099290780141844,-0.0425531914893617,-0.6312056737588653,0.07092198581560284,-0.6737588652482269,0.2198581560283688,-0.5886524822695035,0.4326241134751773,-0.7872340425531915,0.5602836879432624,-0.9078014184397163,0.6595744680851063,-1.0,0.3475177304964539,-0.5035460992907801,0.5673758865248227,-0.723404255319149,0.7021276595744681,-0.8581560283687943,0.8085106382978723,-0.950354609929078,0.4397163120567376,-0.40425531914893614,0.6312056737588653,-0.6099290780141844,0.7446808510638298,-0.7446808510638298,0.8297872340425532,-0.8439716312056738,0.49645390070921985,-0.2978723404255319,0.6453900709219859,-0.46808510638297873,0.7304964539007093,-0.574468085106383,0.7943262411347518,-0.6595744680851063
7,0.0,0.0,0.07317073170731707,-0.2926829268292683,0.032520325203252036,-0.5609756097560976,-0.06504065040650407,-0.6991869918699187,-0.13821138211382114,-0.7642276422764228,-0.23577235772357724,-0.6178861788617886,-0.43089430894308944,-0.7967479674796748,-0.5609756097560976,-0.9105691056910569,-0.6585365853658537,-1.0,-0.36585365853658536,-0.5447154471544715,-0.5609756097560976,-0.7479674796747967,-0.6910569105691057,-0.8861788617886179,-0.7967479674796748,-0.991869918699187,-0.45528455284552843,-0.45528455284552843,-0.6422764227642277,-0.6504065040650406,-0.7479674796747967,-0.7886178861788617,-0.8292682926829268,-0.9024390243902439,-0.5121951219512195,-0.34146341463414637,-0.6666666666666666,-0.5040650406504065,-0.7560975609756098,-0.6097560975609756,-0.8130081300813008,-0.6910569105691057
7,0.0,0.0,-0.11029411764705882,-0.25,-0.08823529411764706,-0.4852941176470588,-0.014705882352941176,-0.6470588235294118,0.09558823529411764,-0.7058823529411765,0.27205882352941174,-0.5955882352941176,0.47794117647058826,-0.7941176470588235,0.6102941176470589,-0.9117647058823529,0.6985294117647058,-1.0,0.3897058823529412,-0.5220588235294118,0.5882352941176471,-0.7205882352941176,0.7132352941176471,-0.8602941176470589,0.8088235294117647,-0.9705882352941176,0.47794117647058826,-0.4264705882352941,0.6617647058823529,-0.6176470588235294,0.7647058823529411,-0.75,0.8382352941176471,-0.8602941176470589,0.5367647058823529,-0.33088235294117646,0.6838235294117647,-0.4852941176470588,0.7647058823529411,-0.5882352941176471,0.8161764705882353,-0.6764705882352942
7,0.0,0.0,0.07258064516129033,-0.27419354838709675,0.056451612903225805,-0.5241935483870968,-0.008064516129032258,-0.6854838709677419,-0.08064516129032258,-0.7661290322580645,-0.27419354838709675,-0.6209677419354839,-0.5080645161290323,-0.8064516129032258,-0.6612903225806451,-0.9112903225806451,-0.782258064516129,-1.0,-0.3951612903225806,-0.5161290322580645,-0.6451612903225806,-0.7338709677419355,-0.8145161290322581,-0.8709677419354839,-0.9516129032258065,-0.9919354838709677,-0.4838709677419355,-0.3951612903225806,-0.717741935483871,-0.6129032258064516,-0.8629032258064516,-0.75,-0.9758064516129032,-0.8790322580645161,-0.5403225806451613,-0.25,-0.717741935483871,-0.41935483870967744,-0.8225806451612904,-0.532258064516129,-0.9032258064516129,-0.6290322580645161
7,0.0,0.0,-0.1044776119402985,-0.2462686567164179,-0.11940298507462686,-0.4925373134328358,-0.05970149253731343,-0.6716417910447762,0.06716417910447761,-0.746268656716418,0.1791044776119403,-0.6194029850746269,0.4253731343283582,-0.8134328358208955,0.5746268656716418,-0.9253731343283582,0.6940298507462687,-1.0,0.3283582089552239,-0.5223880597014925,0.5671641791044776,-0.7388059701492538,0.7089552238805971,-0.8656716417910447,0.8134328358208955,-0.9626865671641791,0.44029850746268656,-0.41044776119402987,0.6567164179104478,-0.6194029850746269,0.7761194029850746,-0.746268656716418,0.8656716417910447,-0.8432835820895522,0.5298507462686567,-0.30597014925373134,0.7014925373134329,-0.4701492537313433,0.7910447761194029,-0.5746268656716418,0.8582089552238806,-0.664179104477612
7,0.0,0.0,0.1,-0.31666666666666665,0.058333333333333334,-0.6333333333333333,-0.09166666666666666,-0.7916666666666666,-0.20833333333333334,-0.7166666666666667,-0.275,-0.6333333333333333,-0.5333333333333333,-0.8166666666666667,-0.6916666666666667,-0.925,-0.8166666666666667,-1.0,-0.4,-0.5166666666666667,-0.6666666666666666,-0.7333333333333333,-0.8416666666666667,-0.875,-0.975,-0.9916666666666667,-0.5,-0.38333333333333336,-0.725,-0.6083333333333333,-0.875,-0.7583333333333333,-0.9833333333333333,-0.875,-0.5583333333333333,-0.25,-0.7333333333333333,-0.44166666666666665,-0.8333333333333334,-0.55,-0.9166666666666666,-0.6416666666666667
7,0.0,0.0,-0.11450381679389313,-0.2366412213740458,-0.09923664122137404,-0.48091603053435117,-0.022900763358778626,-0.6641221374045801,0.10687022900763359,-0.7404580152671756,0.17557251908396945,-0.5801526717557252,0.4122137404580153,-0.7938931297709924,0.5648854961832062,-0.916030534351145,0.6793893129770993,-1.0,0.31297709923664124,-0.48854961832061067,0.5572519083969466,-0.732824427480916,0.7022900763358778,-0.8854961832061069,0.8244274809160306,-0.9923664122137404,0.4198473282442748,-0.3969465648854962,0.6335877862595419,-0.6259541984732825,0.7633587786259542,-0.7709923664122137,0.8625954198473282,-0.8702290076335878,0.48854961832061067,-0.29770992366412213,0.6564885496183206,-0.48091603053435117,0.7557251908396947,-0.6030534351145038,0.8244274809160306,-0.6946564885496184
7,0.0,0.0,0.08333333333333333,-0.275,0.075,-0.5166666666666667,0.016666666666666666,-0.6833333333333333,-0.041666666666666664,-0.7666666666666667,-0.275,-0.6416666666666667,-0.5333333333333333,-0.825,-0.6916666666666667,-0.925,-0.8166666666666667,-1.0,-0.4,-0.5333333333333333,-0.6666666666666666,-0.75,-0.8416666666666667,-0.8833333333333333,-0.9666666666666667,-0.9833333333333333,-0.49166666666666664,-0.4,-0.7333333333333333,-0.6166666666666667,-0.8833333333333333,-0.75,-0.9916666666666667,-0.8583333333333333,-0.55,-0.25,-0.7333333333333333,-0.43333333333333335,-0.8333333333333334,-0.5416666666666666,-0.9083333333333333,-0.6333333333333333
7,0.0,0.0,-0.1076923076923077,-0.23846153846153847,-0.1076923076923077,-0.46923076923076923,-0.046153846153846156,-0.6461538461538462,0.06923076923076923,-0.7230769230769231,0.2,-0.5846153846153846,0.4307692307692308,-0.7923076923076923,0.5769230769230769,-0.9153846153846154,0.6923076923076923,-1.0,0.3384615384615385,-0.5,0.5538461538461539,-0.7230769230769231,0.6923076923076923,-0.8692307692307693,0.8,-0.9769230769230769,0.43846153846153846,-0.4076923076923077,0.6384615384615384,-0.6230769230769231,0.7538461538461538,-0.7692307692307693,0.8461538461538461,-0.8692307692307693,0.5076923076923077,-0.3076923076923077,0.6692307692307692,-0.47692307692307695,0.7538461538461538,-0.5923076923076923,0.8153846153846154,-0.676923076923077
7,0.0,0.0,0.09836065573770492,-0.2786885245901639,0.09016393442622951,-0.5491803278688525,-0.00819672131147541,-0.6967213114754098,-0.10655737704918032,-0.680327868852459,-0.27049180327868855,-0.6311475409836066,-0.5,-0.819672131147541,-0.639344262295082,-0.9262295081967213,-0.7540983606557377,-1.0,-0.39344262295081966,-0.5163934426229508,-0.6229508196721312,-0.7377049180327869,-0.7704918032786885,-0.8852459016393442,-0.8852459016393442,-0.9918032786885246,-0.47540983606557374,-0.39344262295081966,-0.680327868852459,-0.6147540983606558,-0.8114754098360656,-0.7540983606557377,-0.9098360655737705,-0.8688524590163934,-0.5327868852459017,-0.26229508196721313,-0.6967213114754098,-0.45081967213114754,-0.7868852459016393,-0.5491803278688525,-0.860655737704918,-0.639344262295082
7,0.0,0.0,-0.11811023622047244,-0.2283464566929134,-0.14173228346456693,-0.47244094488188976,-0.16535433070866143,-0.6850393700787402,-0.2204724409448819,-0.8346456692913385,0.1889763779527559,-0.5748031496062992,0.4015748031496063,-0.7874015748031497,0.5433070866141733,-0.9133858267716536,0.6614173228346457,-1.0,0.31496062992125984,-0.49606299212598426,0.5354330708661418,-0.7244094488188977,0.6771653543307087,-0.8740157480314961,0.7874015748031497,-0.984251968503937,0.41732283464566927,-0.4015748031496063,0.6220472440944882,-0.6141732283464567,0.7401574803149606,-0.7559055118110236,0.8346456692913385,-0.8661417322834646,0.4881889763779528,-0.29133858267716534,0.6456692913385826,-0.44881889763779526,0.7401574803149606,-0.5433070866141733,0.8031496062992126,-0.6299212598425197
7,0.0,0.0,0.06722689075630252,-0.2773109243697479,0.04201680672268908,-0.5378151260504201,-0.03361344537815126,-0.6722689075630253,-0.10084033613445378,-0.6890756302521008,-0.31092436974789917,-0.6134453781512605,-0.5546218487394958,-0.7899159663865546,-0.7058823529411765,-0.8823529411764706,-0.8403361344537815,-0.957983193277311,-0.42857142857142855,-0.5042016806722689,-0.6890756302521008,-0.7142857142857143,-0.8487394957983193,-0.8403361344537815,-0.9747899159663865,-0.9411764705882353,-0.5210084033613446,-0.3697478991596639,-0.7478991596638656,-0.5798319327731093,-0.8907563025210085,-0.7142857142857143,-1.0,-0.8235294117647058,-0.5714285714285714,-0.226890756302521,-0.7478991596638656,-0.40336134453781514,-0.8571428571428571,-0.5126050420168067,-0.9327731092436975,-0.6050420168067226
7,0.0,0.0,-0.11538461538461539,-0.23846153846153847,-0.12307692307692308,-0.4846153846153846,-0.046153846153846156,-0.6538461538461539,0.06923076923076923,-0.6923076923076923,0.2153846153846154,-0.5769230769230769,0.4153846153846154,-0.7923076923076923,0.5461538461538461,-0.9153846153846154,0.6461538461538462,-1.0,0.34615384615384615,-0.5,0.5538461538461539,-0.7307692307692307,0.6846153846153846,-0.8769230769230769,0.7846153846153846,-0.9846153846153847,0.4461538461538462,-0.4,0.6384615384615384,-0.6153846153846154,0.7538461538461538,-0.7538461538461538,0.8307692307692308,-0.8538461538461538,0.5153846153846153,-0.2923076923076923,0.6692307692307692,-0.45384615384615384,0.7538461538461538,-0.5615384615384615,0.8076923076923077,-0.6384615384615384
7,0.0,0.0,0.08264462809917356,-0.2396694214876033,0.05785123966942149,-0.4380165289256198,0.01652892561983471,-0.6033057851239669,-0.03305785123966942,-0.7024793388429752,-0.34710743801652894,-0.6363636363636364,-0.5785123966942148,-0.8099173553719008,-0.7272727272727273,-0.9008264462809917,-0.8429752066115702,-0.9834710743801653,-0.4628099173553719,-0.5289256198347108,-0.7024793388429752,-0.7355371900826446,-0.8429752066115702,-0.859504132231405,-0.9504132231404959,-0.9669421487603306,-0.5454545454545454,-0.39669421487603307,-0.7603305785123967,-0.6115702479338843,-0.8925619834710744,-0.7520661157024794,-1.0,-0.859504132231405,-0.6033057851239669,-0.24793388429752067,-0.7603305785123967,-0.4132231404958678,-0.8677685950413223,-0.512396694214876,-0.9504132231404959,-0.6033057851239669
7,0.0,0.0,0.08391608391608392,-0.13286713286713286,0.18181818181818182,-0.3356643356643357,0.24475524475524477,-0.5034965034965035,0.3076923076923077,-0.6223776223776224,0.3076923076923077,-0.45454545454545453,0.4825174825174825,-0.6923076923076923,0.6013986013986014,-0.8461538461538461,0.6993006993006993,-0.958041958041958,0.34265734265734266,-0.4405594405594406,0.5524475524475524,-0.6923076923076923,0.6853146853146853,-0.8601398601398601,0.7902097902097902,-1.0,0.36363636363636365,-0.4125874125874126,0.5804195804195804,-0.6433566433566433,0.7132867132867133,-0.7972027972027972,0.8111888111888111,-0.9230769230769231,0.3706293706293706,-0.36363636363636365,0.5524475524475524,-0.5384615384615384,0.6713286713286714,-0.6573426573426573,0.7622377622377622,-0.7482517482517482
7,0.0,0.0,0.07874015748031496,-0.2677165354330709,0.07086614173228346,-0.5196850393700787,0.007874015748031496,-0.6771653543307087,-0.07086614173228346,-0.7007874015748031,-0.2755905511811024,-0.6141732283464567,-0.5118110236220472,-0.8110236220472441,-0.6535433070866141,-0.9212598425196851,-0.7795275590551181,-1.0,-0.4015748031496063,-0.5039370078740157,-0.6377952755905512,-0.7322834645669292,-0.7874015748031497,-0.8818897637795275,-0.9133858267716536,-0.9921259842519685,-0.5039370078740157,-0.3779527559055118,-0.7165354330708661,-0.6141732283464567,-0.8503937007874016,-0.7559055118110236,-0.952755905511811,-0.8740157480314961,-0.5669291338582677,-0.25196850393700787,-0.7322834645669292,-0.4409448818897638,-0.8346456692913385,-0.5511811023622047,-0.9133858267716536,-0.6535433070866141
7,0.0,0.0,-0.10526315789473684,-0.21804511278195488,-0.08270676691729323,-0.44360902255639095,-0.007518796992481203,-0.5939849624060151,0.10526315789473684,-0.6466165413533834,0.24060150375939848,-0.6090225563909775,0.44360902255639095,-0.7894736842105263,0.5789473684210527,-0.9097744360902256,0.6842105263157895,-1.0,0.3533834586466165,-0.5413533834586466,0.556390977443609,-0.7368421052631579,0.6842105263157895,-0.8721804511278195,0.7819548872180451,-0.9699248120300752,0.44360902255639095,-0.45112781954887216,0.6240601503759399,-0.631578947368421,0.7293233082706767,-0.7518796992481203,0.8195488721804511,-0.8421052631578947,0.49624060150375937,-0.3308270676691729,0.6466165413533834,-0.48120300751879697,0.7293233082706767,-0.5789473684210527,0.7894736842105263,-0.6541353383458647
7,0.0,0.0,0.056451612903225805,-0.2903225806451613,0.016129032258064516,-0.532258064516129,-0.07258064516129033,-0.6612903225806451,-0.1693548387096774,-0.6693548387096774,-0.29838709677419356,-0.6129032258064516,-0.5403225806451613,-0.7983870967741935,-0.6854838709677419,-0.9112903225806451,-0.7983870967741935,-1.0,-0.4112903225806452,-0.5,-0.6612903225806451,-0.7258064516129032,-0.8225806451612904,-0.8709677419354839,-0.9354838709677419,-0.9838709677419355,-0.5,-0.3709677419354839,-0.717741935483871,-0.6048387096774194,-0.8629032258064516,-0.75,-0.9596774193548387,-0.8709677419354839,-0.5564516129032258,-0.22580645161290322,-0.7338709677419355,-0.41935483870967744,-0.8306451612903226,-0.5403225806451613,-0.9032258064516129,-0.6532258064516129
7,0.0,0.0,-0.08396946564885496,-0.24427480916030533,-0.061068702290076333,-0.46564885496183206,0.0,-0.6183206106870229,0.07633587786259542,-0.6412213740458015,0.2366412213740458,-0.5801526717557252,0.4122137404580153,-0.7938931297709924,0.5419847328244275,-0.916030534351145,0.6412213740458015,-1.0,0.3511450381679389,-0.5114503816793893,0.5419847328244275,-0.7404580152671756,0.6717557251908397,-0.8931297709923665,0.7709923664122137,-1.0,0.44274809160305345,-0.4122137404580153,0.6183206106870229,-0.6335877862595419,0.7251908396946565,-0.7709923664122137,0.816793893129771,-0.8702290076335878,0.4961832061068702,-0.29770992366412213,0.6335877862595419,-0.46564885496183206,0.7022900763358778,-0.5725190839694656,0.7633587786259542,-0.6564885496183206
7,0.0,0.0,0.07964601769911504,-0.2831858407079646,0.035398230088495575,-0.5398230088495575,-0.07079646017699115,-0.6637168141592921,-0.168141592920354,-0.6017699115044248,-0.30973451327433627,-0.6106194690265486,-0.5309734513274337,-0.7964601769911505,-0.672566371681416,-0.911504424778761,-0.7876106194690266,-1.0,-0.4247787610619469,-0.504424778761062,-0.6637168141592921,-0.7256637168141593,-0.8141592920353983,-0.8761061946902655,-0.9292035398230089,-1.0,-0.5132743362831859,-0.37168141592920356,-0.7345132743362832,-0.6017699115044248,-0.8584070796460177,-0.7522123893805309,-0.9557522123893806,-0.8761061946902655,-0.5752212389380531,-0.22123893805309736,-0.7345132743362832,-0.40707964601769914,-0.8230088495575221,-0.5221238938053098,-0.8938053097345132,-0.6283185840707964
7,0.0,0.0,-0.08943089430894309,-0.24390243902439024,-0.06504065040650407,-0.43902439024390244,0.008130081300813009,-0.5853658536585366,0.08943089430894309,-0.6341463414634146,0.24390243902439024,-0.5691056910569106,0.43089430894308944,-0.7723577235772358,0.5609756097560976,-0.8943089430894309,0.6585365853658537,-0.983739837398374,0.36585365853658536,-0.4959349593495935,0.5772357723577236,-0.7398373983739838,0.7073170731707317,-0.8861788617886179,0.8130081300813008,-1.0,0.45528455284552843,-0.4065040650406504,0.6422764227642277,-0.6341463414634146,0.7479674796747967,-0.7804878048780488,0.8373983739837398,-0.8861788617886179,0.5121951219512195,-0.2926829268292683,0.6504065040650406,-0.45528455284552843,0.7317073170731707,-0.5609756097560976,0.7886178861788617,-0.6504065040650406
7,0.0,0.0,0.056074766355140186,-0.2803738317757009,0.018691588785046728,-0.5607476635514018,-0.08411214953271028,-0.7289719626168224,-0.19626168224299065,-0.7289719626168224,-0.2897196261682243,-0.6074766355140186,-0.5514018691588785,-0.8037383177570093,-0.7102803738317757,-0.9158878504672897,-0.8317757009345794,-1.0,-0.4205607476635514,-0.4953271028037383,-0.6915887850467289,-0.719626168224299,-0.8504672897196262,-0.8598130841121495,-0.9813084112149533,-0.9626168224299065,-0.514018691588785,-0.37383177570093457,-0.7476635514018691,-0.5981308411214953,-0.897196261682243,-0.7289719626168224,-1.0,-0.8411214953271028,-0.5794392523364486,-0.2523364485981308,-0.7663551401869159,-0.42990654205607476,-0.8691588785046729,-0.5327102803738317,-0.9439252336448598,-0.616822429906542
7,0.0,0.0,-0.11320754716981132,-0.25471698113207547,-0.09433962264150944,-0.49056603773584906,0.009433962264150943,-0.6509433962264151,0.09433962264150944,-0.7358490566037735,0.22641509433962265,-0.5754716981132075,0.4716981132075472,-0.7830188679245284,0.6320754716981132,-0.9056603773584906,0.7547169811320755,-1.0,0.37735849056603776,-0.4716981132075472,0.6320754716981132,-0.6981132075471698,0.8018867924528302,-0.8490566037735849,0.9150943396226415,-0.9528301886792453,0.4716981132075472,-0.36792452830188677,0.7169811320754716,-0.5849056603773585,0.8679245283018868,-0.7264150943396226,0.9811320754716981,-0.8207547169811321,0.5283018867924528,-0.25471698113207547,0.7264150943396226,-0.4339622641509434,0.839622641509434,-0.5471698113207547,0.9245283018867925,-0.6415094339622641
7,0.0,0.0,0.06930693069306931,-0.3069306930693069,0.0,-0.5742574257425742,-0.12871287128712872,-0.6633663366336634,-0.21782178217821782,-0.6237623762376238,-0.3465346534653465,-0.6138613861386139,-0.5643564356435643,-0.801980198019802,-0.7029702970297029,-0.9108910891089109,-0.8118811881188119,-1.0,-0.46534653465346537,-0.4752475247524752,-0.693069306930693,-0.693069306930693,-0.8415841584158416,-0.8415841584158416,-0.9603960396039604,-0.9504950495049505,-0.5346534653465347,-0.33663366336633666,-0.7326732673267327,-0.5544554455445545,-0.8613861386138614,-0.7029702970297029,-0.9603960396039604,-0.8118811881188119,-0.5643564356435643,-0.2079207920792079,-0.7227722772277227,-0.38613861386138615,-0.8217821782178217,-0.49504950495049505,-0.900990099009901,-0.594059405940594
7,0.0,0.0,-0.07692307692307693,-0.23931623931623933,-0.042735042735042736,-0.452991452991453,0.017094017094017096,-0.5897435897435898,0.07692307692307693,-0.6410256410256411,0.26495726495726496,-0.5811965811965812,0.4700854700854701,-0.7777777777777778,0.5897435897435898,-0.905982905982906,0.6837606837606838,-0.9914529914529915,0.37606837606837606,-0.49572649572649574,0.5811965811965812,-0.7350427350427351,0.7094017094017094,-0.8888888888888888,0.8034188034188035,-1.0,0.452991452991453,-0.39316239316239315,0.6495726495726496,-0.6239316239316239,0.7606837606837606,-0.7777777777777778,0.8376068376068376,-0.8888888888888888,0.49572649572649574,-0.28205128205128205,0.6495726495726496,-0.452991452991453,0.7350427350427351,-0.5726495726495726,0.8034188034188035,-0.6752136752136753
7,0.0,0.0,0.09345794392523364,-0.27102803738317754,0.04672897196261682,-0.5233644859813084,-0.056074766355140186,-0.6261682242990654,-0.14953271028037382,-0.6074766355140186,-0.2897196261682243,-0.6261682242990654,-0.514018691588785,-0.8037383177570093,-0.6542056074766355,-0.9158878504672897,-0.7570093457943925,-1.0,-0.40186915887850466,-0.5233644859813084,-0.6448598130841121,-0.7383177570093458,-0.794392523364486,-0.8785046728971962,-0.9065420560747663,-1.0,-0.4953271028037383,-0.40186915887850466,-0.7102803738317757,-0.616822429906542,-0.8411214953271028,-0.7570093457943925,-0.9345794392523364,-0.8785046728971962,-0.5607476635514018,-0.2523364485981308,-0.7289719626168224,-0.42990654205607476,-0.8317757009345794,-0.5420560747663551,-0.897196261682243,-0.6448598130841121
7,0.0,0.0,-0.09836065573770492,-0.22131147540983606,-0.09016393442622951,-0.4262295081967213,-0.040983606557377046,-0.5737704918032787,0.02459016393442623,-0.6229508196721312,0.21311475409836064,-0.5819672131147541,0.39344262295081966,-0.7786885245901639,0.5081967213114754,-0.9098360655737705,0.5983606557377049,-1.0,0.32786885245901637,-0.5081967213114754,0.5163934426229508,-0.7295081967213115,0.6311475409836066,-0.8770491803278688,0.7295081967213115,-0.9918032786885246,0.4098360655737705,-0.4180327868852459,0.5737704918032787,-0.6229508196721312,0.680327868852459,-0.7622950819672131,0.7622950819672131,-0.8688524590163934,0.45901639344262296,-0.319672131147541,0.5901639344262295,-0.48360655737704916,0.6639344262295082,-0.5901639344262295,0.7213114754098361,-0.680327868852459
7,0.0,0.0,0.09345794392523364,-0.27102803738317754,0.07476635514018691,-0.5046728971962616,0.009345794392523364,-0.6261682242990654,-0.037383177570093455,-0.6728971962616822,-0.24299065420560748,-0.6074766355140186,-0.4766355140186916,-0.8037383177570093,-0.616822429906542,-0.9158878504672897,-0.7383177570093458,-1.0,-0.37383177570093457,-0.4953271028037383,-0.616822429906542,-0.7289719626168224,-0.7757009345794392,-0.8785046728971962,-0.9065420560747663,-1.0,-0.4672897196261682,-0.37383177570093457,-0.6915887850467289,-0.6074766355140186,-0.8317757009345794,-0.7476635514018691,-0.9439252336448598,-0.8691588785046729,-0.5420560747663551,-0.2336448598130841,-0.7102803738317757,-0.4205607476635514,-0.8130841121495327,-0.5420560747663551,-0.897196261682243,-0.6542056074766355
7,0.0,0.0,0.15384615384615385,-0.05384615384615385,0.3153846153846154,-0.2153846153846154,0.4230769230769231,-0.36153846153846153,0.5,-0.46153846153846156,0.4230769230769231,-0.4076923076923077,0.5846153846153846,-0.6230769230769231,0.6692307692307692,-0.7615384615384615,0.7230769230769231,-0.8692307692307693,0.4,-0.46153846153846156,0.5769230769230769,-0.7076923076923077,0.6692307692307692,-0.8538461538461538,0.7307692307692307,-0.9692307692307692,0.34615384615384615,-0.5076923076923077,0.5307692307692308,-0.7461538461538462,0.6153846153846154,-0.8846153846153846,0.6846153846153846,-1.0,0.26153846153846155,-0.5538461538461539,0.4076923076923077,-0.7461538461538462,0.4846153846153846,-0.8692307692307693,0.5615384615384615,-0.9615384615384616
7,0.0,0.0,0.08771929824561403,-0.2807017543859649,0.06140350877192982,-0.5175438596491229,-0.02631578947368421,-0.6491228070175439,-0.10526315789473684,-0.631578947368421,-0.2631578947368421,-0.5964912280701754,-0.4824561403508772,-0.7807017543859649,-0.631578947368421,-0.8947368421052632,-0.7543859649122807,-0.9824561403508771,-0.38596491228070173,-0.49122807017543857,-0.6228070175438597,-0.7280701754385965,-0.7807017543859649,-0.8771929824561403,-0.9035087719298246,-1.0,-0.4824561403508772,-0.3684210526315789,-0.7017543859649122,-0.5964912280701754,-0.8333333333333334,-0.7456140350877193,-0.9473684210526315,-0.868421052631579,-0.543859649122807,-0.21929824561403508,-0.7105263157894737,-0.42105263157894735,-0.8070175438596491,-0.5350877192982456,-0.8859649122807017,-0.6403508771929824
7,0.0,0.0,-0.12056737588652482,-0.2127659574468085,-0.11347517730496454,-0.41843971631205673,-0.05673758865248227,-0.5531914893617021,0.028368794326241134,-0.5886524822695035,0.20567375886524822,-0.5815602836879432,0.3829787234042553,-0.7801418439716312,0.48936170212765956,-0.900709219858156,0.5673758865248227,-0.9929078014184397,0.3333333333333333,-0.524822695035461,0.5106382978723404,-0.75177304964539,0.6028368794326241,-0.8936170212765957,0.6737588652482269,-1.0,0.425531914893617,-0.44680851063829785,0.5815602836879432,-0.6737588652482269,0.6595744680851063,-0.8156028368794326,0.7092198581560284,-0.9219858156028369,0.48936170212765956,-0.36879432624113473,0.6099290780141844,-0.5602836879432624,0.6666666666666666,-0.6737588652482269,0.7021276595744681,-0.7730496453900709
7,0.0,0.0,0.08333333333333333,-0.275,0.058333333333333334,-0.5166666666666667,-0.025,-0.6416666666666667,-0.09166666666666666,-0.6,-0.26666666666666666,-0.6,-0.5083333333333333,-0.8,-0.6583333333333333,-0.9166666666666666,-0.775,-1.0,-0.38333333333333336,-0.49166666666666664,-0.6333333333333333,-0.7166666666666667,-0.7833333333333333,-0.8666666666666667,-0.9,-0.9833333333333333,-0.475,-0.36666666666666664,-0.7,-0.5916666666666667,-0.8333333333333334,-0.7416666666666667,-0.9333333333333333,-0.8583333333333333,-0.55,-0.23333333333333334,-0.7166666666666667,-0.4166666666666667,-0.8166666666666667,-0.5333333333333333,-0.8916666666666667,-0.6416666666666667
7,0.0,0.0,-0.1103448275862069,-0.22758620689655173,-0.11724137931034483,-0.4206896551724138,-0.06206896551724138,-0.5517241379310345,0.027586206896551724,-0.593103448275862,0.19310344827586207,-0.5793103448275863,0.3793103448275862,-0.7931034482758621,0.503448275862069,-0.9172413793103448,0.593103448275862,-1.0,0.31724137931034485,-0.5103448275862069,0.503448275862069,-0.7448275862068966,0.6068965517241379,-0.896551724137931,0.696551724137931,-1.0,0.41379310344827586,-0.42758620689655175,0.5793103448275863,-0.6551724137931034,0.6758620689655173,-0.8,0.7448275862068966,-0.896551724137931,0.4827586206896552,-0.32413793103448274,0.6137931034482759,-0.503448275862069,0.6758620689655173,-0.6137931034482759,0.7172413793103448,-0.7034482758620689
7,0.0,0.0,0.08461538461538462,-0.2692307692307692,0.06153846153846154,-0.49230769230769234,-0.015384615384615385,-0.6153846153846154,-0.09230769230769231,-0.6153846153846154,-0.25384615384615383,-0.6153846153846154,-0.49230769230769234,-0.8,-0.6307692307692307,-0.9153846153846154,-0.7461538461538462,-1.0,-0.36923076923076925,-0.5153846153846153,-0.6076923076923076,-0.7461538461538462,-0.7538461538461538,-0.8923076923076924,-0.8615384615384616,-1.0,-0.45384615384615384,-0.4,-0.6692307692307692,-0.6307692307692307,-0.8,-0.7769230769230769,-0.8923076923076924,-0.8846153846153846,-0.5230769230769231,-0.26153846153846155,-0.6846153846153846,-0.45384615384615384,-0.7769230769230769,-0.5692307692307692,-0.8384615384615385,-0.6692307692307692
7,0.0,0.0,-0.10714285714285714,-0.22857142857142856,-0.1,-0.44285714285714284,-0.04285714285714286,-0.5857142857142857,0.02857142857142857,-0.6142857142857143,0.2357142857142857,-0.5857142857142857,0.42142857142857143,-0.7857142857142857,0.5357142857142857,-0.9071428571428571,0.6142857142857143,-0.9928571428571429,0.36428571428571427,-0.5214285714285715,0.5571428571428572,-0.75,0.6642857142857143,-0.8928571428571429,0.7428571428571429,-1.0,0.4642857142857143,-0.45,0.6357142857142857,-0.6642857142857143,0.7285714285714285,-0.8071428571428572,0.7928571428571428,-0.9142857142857143,0.5142857142857142,-0.37142857142857144,0.6571428571428571,-0.5357142857142857,0.7214285714285714,-0.65,0.7714285714285715,-0.7428571428571429
7,0.0,0.0,0.08396946564885496,-0.2824427480916031,0.030534351145038167,-0.549618320610687,-0.11450381679389313,-0.648854961832061,-0.22137404580152673,-0.5725190839694656,-0.21374045801526717,-0.5877862595419847,-0.44274809160305345,-0.7862595419847328,-0.5801526717557252,-0.9083969465648855,-0.6793893129770993,-1.0,-0.33587786259541985,-0.48854961832061067,-0.5725190839694656,-0.7251908396946565,-0.7175572519083969,-0.8778625954198473,-0.8244274809160306,-1.0,-0.42748091603053434,-0.3816793893129771,-0.6335877862595419,-0.6183206106870229,-0.7633587786259542,-0.7709923664122137,-0.8549618320610687,-0.8854961832061069,-0.4961832061068702,-0.2595419847328244,-0.6564885496183206,-0.4580152671755725,-0.7404580152671756,-0.5725190839694656,-0.816793893129771,-0.6717557251908397
7,0.0,0.0,-0.1079136690647482,-0.23741007194244604,-0.09352517985611511,-0.45323741007194246,-0.02877697841726619,-0.5899280575539568,0.05755395683453238,-0.6330935251798561,0.22302158273381295,-0.5827338129496403,0.4172661870503597,-0.7913669064748201,0.5467625899280576,-0.9136690647482014,0.6330935251798561,-1.0,0.35251798561151076,-0.5107913669064749,0.5539568345323741,-0.7338129496402878,0.6690647482014388,-0.8776978417266187,0.7553956834532374,-0.9856115107913669,0.43884892086330934,-0.4172661870503597,0.6187050359712231,-0.6258992805755396,0.7194244604316546,-0.762589928057554,0.7913669064748201,-0.8633093525179856,0.49640287769784175,-0.3237410071942446,0.6402877697841727,-0.48201438848920863,0.7122302158273381,-0.5827338129496403,0.762589928057554,-0.6690647482014388
7,0.0,0.0,0.07575757575757576,-0.2878787878787879,0.03787878787878788,-0.5378787878787878,-0.06060606060606061,-0.6439393939393939,-0.15151515151515152,-0.5984848484848485,-0.2196969696969697,-0.5909090909090909,-0.4393939393939394,-0.7803030303030303,-0.5833333333333334,-0.9015151515151515,-0.696969696969697,-0.9848484848484849,-0.3484848484848485,-0.49242424242424243,-0.5757575757575758,-0.7272727272727273,-0.7196969696969697,-0.8787878787878788,-0.8333333333333334,-1.0,-0.44696969696969696,-0.3787878787878788,-0.6439393939393939,-0.6212121212121212,-0.7727272727272727,-0.7727272727272727,-0.8636363636363636,-0.8939393939393939,-0.5303030303030303,-0.25757575757575757,-0.6818181818181818,-0.4621212121212121,-0.7651515151515151,-0.5833333333333334,-0.8257575757575758,-0.6818181818181818
7,0.0,0.0,-0.09352517985611511,-0.23741007194244604,-0.08633093525179857,-0.45323741007194246,-0.03597122302158273,-0.5971223021582733,0.05755395683453238,-0.6474820143884892,0.18705035971223022,-0.5611510791366906,0.381294964028777,-0.7697841726618705,0.49640287769784175,-0.8920863309352518,0.5899280575539568,-0.9784172661870504,0.31654676258992803,-0.4892086330935252,0.5107913669064749,-0.7338129496402878,0.6330935251798561,-0.8848920863309353,0.7266187050359713,-1.0,0.41007194244604317,-0.39568345323741005,0.5827338129496403,-0.6330935251798561,0.6834532374100719,-0.7913669064748201,0.762589928057554,-0.9064748201438849,0.4748201438848921,-0.28776978417266186,0.60431654676259,-0.4676258992805755,0.6762589928057554,-0.5971223021582733,0.7338129496402878,-0.697841726618705
7,0.0,0.0,0.07317073170731707,-0.3008130081300813,0.032520325203252036,-0.5609756097560976,-0.0975609756097561,-0.6666666666666666,-0.2032520325203252,-0.6260162601626016,-0.24390243902439024,-0.6097560975609756,-0.4796747967479675,-0.8048780487804879,-0.6341463414634146,-0.9186991869918699,-0.7479674796747967,-1.0,-0.35772357723577236,-0.5040650406504065,-0.6016260162601627,-0.7479674796747967,-0.7560975609756098,-0.8943089430894309,-0.8780487804878049,-1.0,-0.44715447154471544,-0.3902439024390244,-0.6666666666666666,-0.6178861788617886,-0.8048780487804879,-0.7723577235772358,-0.9024390243902439,-0.8861788617886179,-0.5121951219512195,-0.2601626016260163,-0.6829268292682927,-0.44715447154471544,-0.7804878048780488,-0.5609756097560976,-0.8536585365853658,-0.6585365853658537
7,0.0,0.0,-0.11475409836065574,-0.2459016393442623,-0.10655737704918032,-0.4672131147540984,-0.040983606557377046,-0.6311475409836066,0.06557377049180328,-0.6639344262295082,0.2540983606557377,-0.5901639344262295,0.45901639344262296,-0.8032786885245902,0.5901639344262295,-0.9180327868852459,0.6967213114754098,-1.0,0.36885245901639346,-0.5,0.5737704918032787,-0.7295081967213115,0.6967213114754098,-0.8770491803278688,0.8032786885245902,-0.9836065573770492,0.45901639344262296,-0.39344262295081966,0.6475409836065574,-0.6065573770491803,0.7540983606557377,-0.7459016393442623,0.8360655737704918,-0.8442622950819673,0.5163934426229508,-0.2786885245901639,0.6639344262295082,-0.4426229508196721,0.7459016393442623,-0.5573770491803278,0.8032786885245902,-0.639344262295082
7,0.0,0.0,0.09009009009009009,-0.27927927927927926,0.07207207207207207,-0.5225225225225225,0.0,-0.6666666666666666,-0.09009009009009009,-0.7207207207207207,-0.2972972972972973,-0.6216216216216216,-0.5405405405405406,-0.8108108108108109,-0.6936936936936937,-0.918918918918919,-0.8198198198198198,-1.0,-0.42342342342342343,-0.5045045045045045,-0.6756756756756757,-0.7297297297297297,-0.8378378378378378,-0.8738738738738738,-0.963963963963964,-0.9819819819819819,-0.5135135135135135,-0.3783783783783784,-0.7477477477477478,-0.6036036036036037,-0.8828828828828829,-0.7477477477477478,-0.990990990990991,-0.8558558558558559,-0.5675675675675675,-0.25225225225225223,-0.7477477477477478,-0.44144144144144143,-0.8468468468468469,-0.5495495495495496,-0.9099099099099099,-0.6396396396396397
7,0.0,0.0,-0.09401709401709402,-0.26495726495726496,-0.06837606837606838,-0.49572649572649574,0.02564102564102564,-0.6666666666666666,0.1623931623931624,-0.6752136752136753,0.28205128205128205,-0.5897435897435898,0.5042735042735043,-0.7948717948717948,0.6410256410256411,-0.9145299145299145,0.7435897435897436,-1.0,0.41025641025641024,-0.49572649572649574,0.6324786324786325,-0.7264957264957265,0.7606837606837606,-0.8632478632478633,0.8547008547008547,-0.9658119658119658,0.5042735042735043,-0.38461538461538464,0.7008547008547008,-0.6068376068376068,0.811965811965812,-0.7350427350427351,0.8888888888888888,-0.8290598290598291,0.5641025641025641,-0.26495726495726496,0.717948717948718,-0.4444444444444444,0.8034188034188035,-0.5470085470085471,0.8632478632478633,-0.6239316239316239
7,0.0,0.0,0.08411214953271028,-0.2803738317757009,0.07476635514018691,-0.5233644859813084,0.028037383177570093,-0.6915887850467289,-0.04672897196261682,-0.7663551401869159,-0.27102803738317754,-0.6355140186915887,-0.5327102803738317,-0.8037383177570093,-0.6915887850467289,-0.9065420560747663,-0.822429906542056,-0.9813084112149533,-0.40186915887850466,-0.5233644859813084,-0.6728971962616822,-0.7289719626168224,-0.8411214953271028,-0.8691588785046729,-0.9813084112149533,-0.9719626168224299,-0.4953271028037383,-0.40186915887850466,-0.7383177570093458,-0.6074766355140186,-0.8878504672897196,-0.7383177570093458,-1.0,-0.8504672897196262,-0.5607476635514018,-0.2616822429906542,-0.7383177570093458,-0.42990654205607476,-0.8411214953271028,-0.5327102803738317,-0.9252336448598131,-0.616822429906542
7,0.0,0.0,-0.12931034482758622,-0.25,-0.12931034482758622,-0.47413793103448276,-0.0603448275862069,-0.646551724137931,0.06896551724137931,-0.6896551724137931,0.23275862068965517,-0.5775862068965517,0.4396551724137931,-0.8017241379310345,0.5775862068965517,-0.9224137931034483,0.6810344827586207,-1.0,0.3620689655172414,-0.4827586206896552,0.5689655172413793,-0.7241379310344828,0.6896551724137931,-0.8793103448275862,0.7931034482758621,-0.9913793103448276,0.45689655172413796,-0.3793103448275862,0.646551724137931,-0.6120689655172413,0.75,-0.75,0.8275862068965517,-0.853448275862069,0.5172413793103449,-0.28448275862068967,0.6637931034482759,-0.45689655172413796,0.7413793103448276,-0.5689655172413793,0.7931034482758621,-0.646551724137931
7,0.0,0.0,0.09615384615384616,-0.28846153846153844,0.04807692307692308,-0.5769230769230769,-0.07692307692307693,-0.7115384615384616,-0.17307692307692307,-0.6826923076923077,-0.3269230769230769,-0.6442307692307693,-0.5673076923076923,-0.8076923076923077,-0.7211538461538461,-0.9038461538461539,-0.8269230769230769,-0.9807692307692307,-0.4423076923076923,-0.5192307692307693,-0.7019230769230769,-0.7307692307692307,-0.8653846153846154,-0.8557692307692307,-0.9903846153846154,-0.9615384615384616,-0.5192307692307693,-0.38461538461538464,-0.75,-0.5865384615384616,-0.8942307692307693,-0.7211538461538461,-1.0,-0.8269230769230769,-0.5673076923076923,-0.23076923076923078,-0.7403846153846154,-0.3942307692307692,-0.8365384615384616,-0.5,-0.9134615384615384,-0.5961538461538461
7,0.0,0.0,-0.13043478260869565,-0.25217391304347825,-0.12173913043478261,-0.46956521739130436,-0.06086956521739131,-0.6260869565217392,0.034782608695652174,-0.6347826086956522,0.20869565217391303,-0.591304347826087,0.41739130434782606,-0.8,0.5478260869565217,-0.9217391304347826,0.6521739130434783,-1.0,0.34782608695652173,-0.4956521739130435,0.5478260869565217,-0.7217391304347827,0.6695652173913044,-0.8695652173913043,0.7652173913043478,-0.9739130434782609,0.45217391304347826,-0.3826086956521739,0.6260869565217392,-0.6173913043478261,0.7304347826086957,-0.7478260869565218,0.8,-0.8434782608695652,0.5217391304347826,-0.28695652173913044,0.6608695652173913,-0.46956521739130436,0.7217391304347827,-0.5826086956521739,0.7739130434782608,-0.6695652173913044
7,0.0,0.0,0.09615384615384616,-0.28846153846153844,0.07692307692307693,-0.5288461538461539,0.019230769230769232,-0.6730769230769231,-0.019230769230769232,-0.7403846153846154,-0.27884615384615385,-0.6057692307692307,-0.5480769230769231,-0.7980769230769231,-0.7019230769230769,-0.9038461538461539,-0.8173076923076923,-0.9807692307692307,-0.41346153846153844,-0.4807692307692308,-0.6923076923076923,-0.7115384615384616,-0.8557692307692307,-0.8557692307692307,-0.9711538461538461,-0.9711538461538461,-0.5096153846153846,-0.34615384615384615,-0.7596153846153846,-0.5769230769230769,-0.8942307692307693,-0.7211538461538461,-1.0,-0.8365384615384616,-0.5769230769230769,-0.21153846153846154,-0.7692307692307693,-0.40384615384615385,-0.8653846153846154,-0.5,-0.9423076923076923,-0.5865384615384616
7,0.0,0.0,-0.104,-0.24,-0.08,-0.456,0.0,-0.592,0.104,-0.624,0.24,-0.584,0.432,-0.792,0.552,-0.912,0.648,-1.0,0.36,-0.504,0.56,-0.736,0.672,-0.88,0.752,-0.992,0.448,-0.4,0.632,-0.624,0.736,-0.768,0.808,-0.872,0.504,-0.296,0.656,-0.464,0.728,-0.568,0.784,-0.656
7,0.0,0.0,0.05309734513274336,-0.2743362831858407,0.017699115044247787,-0.5132743362831859,-0.02654867256637168,-0.6637168141592921,-0.07079646017699115,-0.7433628318584071,-0.2831858407079646,-0.6194690265486725,-0.5309734513274337,-0.8053097345132744,-0.6902654867256637,-0.911504424778761,-0.8053097345132744,-1.0,-0.39823008849557523,-0.5132743362831859,-0.6637168141592921,-0.7345132743362832,-0.8230088495575221,-0.8761061946902655,-0.9469026548672567,-0.9911504424778761,-0.49557522123893805,-0.3893805309734513,-0.7345132743362832,-0.6106194690265486,-0.8761061946902655,-0.7522123893805309,-0.9823008849557522,-0.8672566371681416,-0.5663716814159292,-0.24778761061946902,-0.7433628318584071,-0.4336283185840708,-0.8407079646017699,-0.5398230088495575,-0.9203539823008849,-0.6460176991150443
7,0.0,0.0,-0.11023622047244094,-0.2283464566929134,-0.10236220472440945,-0.44881889763779526,-0.03937007874015748,-0.5984251968503937,0.047244094488188976,-0.6377952755905512,0.2125984251968504,-0.5826771653543307,0.4015748031496063,-0.7874015748031497,0.5275590551181102,-0.9133858267716536,0.6220472440944882,-0.9921259842519685,0.33070866141732286,-0.5118110236220472,0.5275590551181102,-0.7480314960629921,0.6377952755905512,-0.889763779527559,0.7322834645669292,-1.0,0.4251968503937008,-0.41732283464566927,0.5984251968503937,-0.6535433070866141,0.7007874015748031,-0.7874015748031497,0.7795275590551181,-0.889763779527559,0.4881889763779528,-0.31496062992125984,0.6377952755905512,-0.4881889763779528,0.7165354330708661,-0.6062992125984252,0.7716535433070866,-0.6929133858267716
7,0.0,0.0,0.07964601769911504,-0.2920353982300885,0.04424778761061947,-0.5575221238938053,-0.061946902654867256,-0.6902654867256637,-0.1592920353982301,-0.6637168141592921,-0.2743362831858407,-0.6194690265486725,-0.5221238938053098,-0.8053097345132744,-0.672566371681416,-0.911504424778761,-0.7964601769911505,-1.0,-0.3805309734513274,-0.5132743362831859,-0.6460176991150443,-0.7345132743362832,-0.8141592920353983,-0.8761061946902655,-0.9469026548672567,-0.9823008849557522,-0.4690265486725664,-0.3893805309734513,-0.6991150442477876,-0.6106194690265486,-0.8495575221238938,-0.7522123893805309,-0.9557522123893806,-0.8584070796460177,-0.5309734513274337,-0.25663716814159293,-0.7079646017699115,-0.4424778761061947,-0.8141592920353983,-0.5486725663716814,-0.8938053097345132,-0.6460176991150443
7,0.0,0.0,-0.13076923076923078,-0.23846153846153847,-0.13076923076923078,-0.46153846153846156,-0.046153846153846156,-0.6153846153846154,0.046153846153846156,-0.6461538461538462,0.16923076923076924,-0.5615384615384615,0.36153846153846153,-0.7769230769230769,0.49230769230769234,-0.9076923076923077,0.5846153846153846,-0.9923076923076923,0.3153846153846154,-0.4846153846153846,0.49230769230769234,-0.7384615384615385,0.6076923076923076,-0.8923076923076924,0.7,-1.0,0.4153846153846154,-0.4,0.5769230769230769,-0.6384615384615384,0.676923076923077,-0.7846153846153846,0.7538461538461538,-0.8923076923076924,0.47692307692307695,-0.3076923076923077,0.6153846153846154,-0.4846153846153846,0.676923076923077,-0.5923076923076923,0.7307692307692307,-0.676923076923077
7,0.0,0.0,0.08547008547008547,-0.27350427350427353,0.06837606837606838,-0.5042735042735043,0.008547008547008548,-0.6495726495726496,-0.06837606837606838,-0.717948717948718,-0.2564102564102564,-0.6239316239316239,-0.5042735042735043,-0.811965811965812,-0.6495726495726496,-0.9230769230769231,-0.7692307692307693,-1.0,-0.37606837606837606,-0.5213675213675214,-0.6410256410256411,-0.7521367521367521,-0.7948717948717948,-0.8888888888888888,-0.9230769230769231,-1.0,-0.4700854700854701,-0.39316239316239315,-0.7008547008547008,-0.6239316239316239,-0.8376068376068376,-0.7692307692307693,-0.9401709401709402,-0.8803418803418803,-0.5384615384615384,-0.2564102564102564,-0.717948717948718,-0.452991452991453,-0.811965811965812,-0.5641025641025641,-0.8888888888888888,-0.6581196581196581
7,0.0,0.0,-0.08888888888888889,-0.22962962962962963,-0.08148148148148149,-0.42962962962962964,-0.014814814814814815,-0.562962962962963,0.08148148148148149,-0.5925925925925926,0.21481481481481482,-0.5777777777777777,0.4074074074074074,-0.7851851851851852,0.5333333333333333,-0.9037037037037037,0.6296296296296297,-0.9925925925925926,0.31851851851851853,-0.5185185185185185,0.5259259259259259,-0.7481481481481481,0.6518518518518519,-0.8962962962962963,0.7481481481481481,-1.0,0.4074074074074074,-0.4222222222222222,0.6,-0.6518518518518519,0.7111111111111111,-0.7851851851851852,0.7925925925925926,-0.8888888888888888,0.4666666666666667,-0.3111111111111111,0.6296296296296297,-0.4740740740740741,0.7111111111111111,-0.5777777777777777,0.7777777777777778,-0.6666666666666666
7,0.0,0.0,0.08403361344537816,-0.29411764705882354,0.058823529411764705,-0.5462184873949579,-0.03361344537815126,-0.6722689075630253,-0.11764705882352941,-0.6722689075630253,-0.25210084033613445,-0.6218487394957983,-0.5126050420168067,-0.8067226890756303,-0.6638655462184874,-0.9159663865546218,-0.7899159663865546,-1.0,-0.3697478991596639,-0.5042016806722689,-0.6386554621848739,-0.7310924369747899,-0.8067226890756303,-0.8739495798319328,-0.9411764705882353,-0.9831932773109243,-0.47058823529411764,-0.37815126050420167,-0.6974789915966386,-0.6050420168067226,-0.8487394957983193,-0.7478991596638656,-0.9663865546218487,-0.8571428571428571,-0.5378151260504201,-0.23529411764705882,-0.7142857142857143,-0.42016806722689076,-0.8151260504201681,-0.5378151260504201,-0.8991596638655462,-0.6386554621848739
7,0.0,0.0,-0.11029411764705882,-0.22794117647058823,-0.10294117647058823,-0.4411764705882353,-0.03676470588235294,-0.5955882352941176,0.058823529411764705,-0.6323529411764706,0.21323529411764705,-0.5808823529411765,0.4117647058823529,-0.7867647058823529,0.5367647058823529,-0.9117647058823529,0.6323529411764706,-0.9926470588235294,0.34558823529411764,-0.5147058823529411,0.5441176470588235,-0.75,0.6617647058823529,-0.8970588235294118,0.7573529411764706,-1.0,0.4411764705882353,-0.4264705882352941,0.6176470588235294,-0.6544117647058824,0.7205882352941176,-0.7867647058823529,0.8014705882352942,-0.8897058823529411,0.5073529411764706,-0.33088235294117646,0.6470588235294118,-0.49264705882352944,0.7132352941176471,-0.5882352941176471,0.7720588235294118,-0.6617647058823529
7,0.0,0.0,0.075,-0.3,0.025,-0.5583333333333333,-0.1,-0.6666666666666666,-0.2,-0.6416666666666667,-0.2916666666666667,-0.6333333333333333,-0.55,-0.8166666666666667,-0.7083333333333334,-0.925,-0.8416666666666667,-1.0,-0.4166666666666667,-0.5166666666666667,-0.675,-0.75,-0.8416666666666667,-0.9,-0.9666666666666667,-1.0,-0.5083333333333333,-0.38333333333333336,-0.7416666666666667,-0.6166666666666667,-0.8833333333333333,-0.7583333333333333,-0.9916666666666667,-0.8666666666666667,-0.5666666666666667,-0.23333333333333334,-0.75,-0.43333333333333335,-0.85,-0.55,-0.9333333333333333,-0.6416666666666667
7,0.0,0.0,-0.12056737588652482,-0.22695035460992907,-0.11347517730496454,-0.44680851063829785,-0.0425531914893617,-0.6028368794326241,0.0425531914893617,-0.6453900709219859,0.19148936170212766,-0.574468085106383,0.3829787234042553,-0.7801418439716312,0.5035460992907801,-0.9078014184397163,0.5957446808510638,-0.9929078014184397,0.3191489361702128,-0.5035460992907801,0.5106382978723404,-0.7446808510638298,0.624113475177305,-0.8936170212765957,0.7163120567375887,-1.0,0.41843971631205673,-0.41843971631205673,0.5886524822695035,-0.6524822695035462,0.6879432624113475,-0.7943262411347518,0.7588652482269503,-0.8936170212765957,0.48226950354609927,-0.3191489361702128,0.624113475177305,-0.49645390070921985,0.6950354609929078,-0.6099290780141844,0.7446808510638298,-0.6950354609929078
7,0.0,0.0,0.07258064516129033,-0.27419354838709675,0.06451612903225806,-0.5241935483870968,-0.024193548387096774,-0.6612903225806451,-0.0967741935483871,-0.717741935483871,-0.25806451612903225,-0.6209677419354839,-0.5161290322580645,-0.8145161290322581,-0.6693548387096774,-0.9193548387096774,-0.782258064516129,-1.0,-0.3951612903225806,-0.5161290322580645,-0.6532258064516129,-0.7419354838709677,-0.8064516129032258,-0.8870967741935484,-0.9193548387096774,-0.9919354838709677,-0.49193548387096775,-0.3870967741935484,-0.717741935483871,-0.6129032258064516,-0.8548387096774194,-0.7580645161290323,-0.9516129032258065,-0.8629032258064516,-0.5645161290322581,-0.25,-0.7338709677419355,-0.4435483870967742,-0.8225806451612904,-0.5483870967741935,-0.8951612903225806,-0.6532258064516129
7,0.0,0.0,-0.11188811188811189,-0.20279720279720279,-0.11188811188811189,-0.40559440559440557,-0.055944055944055944,-0.5454545454545454,0.02097902097902098,-0.6153846153846154,0.1888111888111888,-0.5804195804195804,0.3706293706293706,-0.7832167832167832,0.4825174825174825,-0.9020979020979021,0.5664335664335665,-0.986013986013986,0.3146853146853147,-0.5244755244755245,0.5034965034965035,-0.7482517482517482,0.6013986013986014,-0.8951048951048951,0.6853146853146853,-1.0,0.4125874125874126,-0.4405594405594406,0.5804195804195804,-0.6713286713286714,0.6643356643356644,-0.8041958041958042,0.7272727272727273,-0.9090909090909091,0.4755244755244755,-0.34965034965034963,0.6083916083916084,-0.5244755244755245,0.6713286713286714,-0.6363636363636364,0.7132867132867133,-0.7132867132867133
7,0.0,0.0,0.07086614173228346,-0.2755905511811024,0.031496062992125984,-0.5354330708661418,-0.07874015748031496,-0.6456692913385826,-0.16535433070866143,-0.6141732283464567,-0.2677165354330709,-0.5984251968503937,-0.48031496062992124,-0.7874015748031497,-0.6062992125984252,-0.905511811023622,-0.7165354330708661,-1.0,-0.3779527559055118,-0.49606299212598426,-0.5984251968503937,-0.7244094488188977,-0.7401574803149606,-0.8740157480314961,-0.8503937007874016,-0.9921259842519685,-0.47244094488188976,-0.3779527559055118,-0.6692913385826772,-0.6062992125984252,-0.7952755905511811,-0.7559055118110236,-0.8976377952755905,-0.8740157480314961,-0.5275590551181102,-0.2440944881889764,-0.6771653543307087,-0.4251968503937008,-0.7716535433070866,-0.5433070866141733,-0.8346456692913385,-0.6535433070866141
7,0.0,0.0,-0.07971014492753623,-0.2463768115942029,-0.07246376811594203,-0.4420289855072464,-0.007246376811594203,-0.5869565217391305,0.07971014492753623,-0.644927536231884,0.21739130434782608,-0.572463768115942,0.41304347826086957,-0.7971014492753623,0.5362318840579711,-0.9202898550724637,0.6304347826086957,-1.0,0.3188405797101449,-0.4927536231884058,0.5362318840579711,-0.7463768115942029,0.6594202898550725,-0.8985507246376812,0.7608695652173914,-1.0,0.4057971014492754,-0.38405797101449274,0.6014492753623188,-0.6304347826086957,0.717391304347826,-0.782608695652174,0.8043478260869565,-0.8840579710144928,0.463768115942029,-0.2608695652173913,0.6159420289855072,-0.4492753623188406,0.6956521739130435,-0.572463768115942,0.7681159420289855,-0.6739130434782609
7,0.0,0.0,0.072,-0.296,0.04,-0.544,-0.088,-0.624,-0.192,-0.552,-0.224,-0.6,-0.448,-0.8,-0.576,-0.912,-0.68,-1.0,-0.352,-0.496,-0.576,-0.736,-0.72,-0.88,-0.824,-1.0,-0.448,-0.376,-0.648,-0.624,-0.768,-0.776,-0.856,-0.896,-0.528,-0.248,-0.68,-0.448,-0.76,-0.576,-0.824,-0.672
7,0.0,0.0,-0.07913669064748201,-0.23741007194244604,-0.07194244604316546,-0.4316546762589928,-0.014388489208633094,-0.5683453237410072,0.06474820143884892,-0.6330935251798561,0.2302158273381295,-0.5683453237410072,0.41007194244604317,-0.7769784172661871,0.5323741007194245,-0.9064748201438849,0.6258992805755396,-1.0,0.3381294964028777,-0.4892086330935252,0.5251798561151079,-0.7266187050359713,0.6402877697841727,-0.8776978417266187,0.7410071942446043,-0.9928057553956835,0.4244604316546763,-0.38848920863309355,0.5971223021582733,-0.6258992805755396,0.697841726618705,-0.7769784172661871,0.7769784172661871,-0.8848920863309353,0.4892086330935252,-0.2733812949640288,0.6330935251798561,-0.45323741007194246,0.7122302158273381,-0.5755395683453237,0.7697841726618705,-0.6762589928057554
7,0.0,0.0,0.09836065573770492,-0.26229508196721313,0.08196721311475409,-0.5,0.0,-0.6229508196721312,-0.06557377049180328,-0.6475409836065574,-0.26229508196721313,-0.6065573770491803,-0.47540983606557374,-0.7950819672131147,-0.6065573770491803,-0.9098360655737705,-0.7131147540983607,-1.0,-0.38524590163934425,-0.5,-0.6065573770491803,-0.7377049180327869,-0.7459016393442623,-0.8852459016393442,-0.8524590163934426,-1.0,-0.47540983606557374,-0.38524590163934425,-0.680327868852459,-0.6147540983606558,-0.8032786885245902,-0.7622950819672131,-0.9016393442622951,-0.8934426229508197,-0.5491803278688525,-0.2459016393442623,-0.7049180327868853,-0.4262295081967213,-0.7950819672131147,-0.5409836065573771,-0.8524590163934426,-0.6475409836065574
7,0.0,0.0,0.08196721311475409,-0.27049180327868855,0.08196721311475409,-0.5327868852459017,0.02459016393442623,-0.6721311475409836,-0.01639344262295082,-0.7622950819672131,-0.3114754098360656,-0.6311475409836066,-0.5327868852459017,-0.8032786885245902,-0.6639344262295082,-0.9098360655737705,-0.7786885245901639,-1.0,-0.4262295081967213,-0.5245901639344263,-0.6475409836065574,-0.7295081967213115,-0.8032786885245902,-0.860655737704918,-0.9262295081967213,-0.9754098360655737,-0.5,-0.4016393442622951,-0.7049180327868853,-0.6065573770491803,-0.8278688524590164,-0.7377049180327869,-0.9344262295081968,-0.8524590163934426,-0.5491803278688525,-0.26229508196721313,-0.6967213114754098,-0.4262295081967213,-0.7950819672131147,-0.5327868852459017,-0.8688524590163934,-0.6229508196721312
7,0.0,0.0,0.08333333333333333,-0.26666666666666666,0.041666666666666664,-0.5,-0.041666666666666664,-0.6666666666666666,-0.10833333333333334,-0.775,-0.30833333333333335,-0.625,-0.5416666666666666,-0.8083333333333333,-0.6916666666666667,-0.9166666666666666,-0.8166666666666667,-0.9916666666666667,-0.43333333333333335,-0.5083333333333333,-0.675,-0.7083333333333334,-0.85,-0.8333333333333334,-0.9833333333333333,-0.9416666666666667,-0.5166666666666667,-0.36666666666666664,-0.7333333333333333,-0.575,-0.875,-0.7,-1.0,-0.8,-0.5666666666666667,-0.21666666666666667,-0.725,-0.38333333333333336,-0.825,-0.49166666666666664,-0.9083333333333333,-0.5833333333333334
7,0.0,0.0,0.03361344537815126,-0.31932773109243695,-0.08403361344537816,-0.6386554621848739,-0.33613445378151263,-0.773109243697479,-0.5378151260504201,-0.8151260504201681,-0.2689075630252101,-0.6050420168067226,-0.5294117647058824,-0.7647058823529411,-0.7058823529411765,-0.8487394957983193,-0.8571428571428571,-0.9159663865546218,-0.3949579831932773,-0.46218487394957986,-0.6554621848739496,-0.6386554621848739,-0.8487394957983193,-0.7563025210084033,-0.9915966386554622,-0.8403361344537815,-0.48739495798319327,-0.31932773109243695,-0.7226890756302521,-0.5126050420168067,-0.8739495798319328,-0.6302521008403361,-1.0,-0.7226890756302521,-0.5462184873949579,-0.17647058823529413,-0.7142857142857143,-0.3445378151260504,-0.8235294117647058,-0.4369747899159664,-0.9159663865546218,-0.5042016806722689
7,0.0,0.0,-0.14285714285714285,-0.24761904761904763,-0.12380952380952381,-0.47619047619047616,-0.01904761904761905,-0.6,0.0761904761904762,-0.6476190476190476,0.22857142857142856,-0.5619047619047619,0.4857142857142857,-0.7714285714285715,0.6476190476190476,-0.9047619047619048,0.780952380952381,-1.0,0.38095238095238093,-0.4380952380952381,0.6285714285714286,-0.6761904761904762,0.8,-0.8380952380952381,0.9238095238095239,-0.9523809523809523,0.4857142857142857,-0.3142857142857143,0.7238095238095238,-0.5428571428571428,0.8571428571428571,-0.7047619047619048,0.9619047619047619,-0.8285714285714286,0.5428571428571428,-0.19047619047619047,0.7333333333333333,-0.3619047619047619,0.8380952380952381,-0.4857142857142857,0.9238095238095239,-0.580952380952381
7,0.0,0.0,0.059322033898305086,-0.288135593220339,0.0,-0.5508474576271186,-0.11016949152542373,-0.6864406779661016,-0.19491525423728814,-0.6864406779661016,-0.2966101694915254,-0.576271186440678,-0.5677966101694916,-0.7372881355932204,-0.7288135593220338,-0.8305084745762712,-0.847457627118644,-0.9067796610169492,-0.4152542372881356,-0.4491525423728814,-0.6864406779661016,-0.6440677966101694,-0.8559322033898306,-0.7711864406779662,-0.9745762711864406,-0.864406779661017,-0.5,-0.3220338983050847,-0.7372881355932204,-0.5169491525423728,-0.8898305084745762,-0.6440677966101694,-1.0,-0.7457627118644068,-0.5508474576271186,-0.1864406779661017,-0.7372881355932204,-0.3474576271186441,-0.847457627118644,-0.4406779661016949,-0.9322033898305084,-0.5254237288135594
7,0.0,0.0,-0.07142857142857142,-0.2777777777777778,-0.023809523809523808,-0.5,0.09523809523809523,-0.6428571428571429,0.1984126984126984,-0.6904761904761905,0.2619047619047619,-0.5793650793650794,0.49206349206349204,-0.7857142857142857,0.6349206349206349,-0.9047619047619048,0.7380952380952381,-1.0,0.38095238095238093,-0.47619047619047616,0.6190476190476191,-0.7063492063492064,0.753968253968254,-0.8571428571428571,0.8571428571428571,-0.9761904761904762,0.47619047619047616,-0.35714285714285715,0.6904761904761905,-0.5793650793650794,0.8015873015873016,-0.7222222222222222,0.8809523809523809,-0.8253968253968254,0.5317460317460317,-0.24603174603174602,0.6984126984126984,-0.4126984126984127,0.7857142857142857,-0.5238095238095238,0.8492063492063492,-0.6190476190476191
7,0.0,0.0,0.05785123966942149,-0.2727272727272727,0.0,-0.5371900826446281,-0.10743801652892562,-0.6942148760330579,-0.2066115702479339,-0.7355371900826446,-0.2809917355371901,-0.6033057851239669,-0.5619834710743802,-0.7603305785123967,-0.7272727272727273,-0.859504132231405,-0.8512396694214877,-0.9256198347107438,-0.39669421487603307,-0.48760330578512395,-0.6859504132231405,-0.6859504132231405,-0.859504132231405,-0.8016528925619835,-0.9917355371900827,-0.8925619834710744,-0.4793388429752066,-0.36363636363636365,-0.7272727272727273,-0.5537190082644629,-0.8842975206611571,-0.6776859504132231,-1.0,-0.768595041322314,-0.5371900826446281,-0.23140495867768596,-0.7272727272727273,-0.39669421487603307,-0.8347107438016529,-0.4793388429752066,-0.9256198347107438,-0.5537190082644629
7,0.0,0.0,-0.07086614173228346,-0.25984251968503935,-0.023622047244094488,-0.49606299212598426,0.08661417322834646,-0.6377952755905512,0.1889763779527559,-0.6692913385826772,0.2677165354330709,-0.5669291338582677,0.49606299212598426,-0.7874015748031497,0.6377952755905512,-0.905511811023622,0.7401574803149606,-1.0,0.3937007874015748,-0.47244094488188976,0.6220472440944882,-0.7086614173228346,0.7559055118110236,-0.8582677165354331,0.8582677165354331,-0.968503937007874,0.48031496062992124,-0.3700787401574803,0.6850393700787402,-0.5984251968503937,0.8031496062992126,-0.7322834645669292,0.889763779527559,-0.8346456692913385,0.5275590551181102,-0.2755905511811024,0.6850393700787402,-0.4566929133858268,0.7716535433070866,-0.5669291338582677,0.8267716535433071,-0.6535433070866141
7,0.0,0.0,0.05042016806722689,-0.29411764705882354,-0.01680672268907563,-0.5546218487394958,-0.14285714285714285,-0.6974789915966386,-0.23529411764705882,-0.6974789915966386,-0.31092436974789917,-0.5798319327731093,-0.5630252100840336,-0.7563025210084033,-0.7226890756302521,-0.8487394957983193,-0.8487394957983193,-0.9159663865546218,-0.4117647058823529,-0.46218487394957986,-0.6890756302521008,-0.6638655462184874,-0.865546218487395,-0.7983193277310925,-0.9915966386554622,-0.8907563025210085,-0.48739495798319327,-0.3277310924369748,-0.7310924369747899,-0.5378151260504201,-0.8823529411764706,-0.6722689075630253,-1.0,-0.7815126050420168,-0.5294117647058824,-0.19327731092436976,-0.7226890756302521,-0.36134453781512604,-0.8319327731092437,-0.47058823529411764,-0.9159663865546218,-0.5630252100840336
7,0.0,0.0,-0.08870967741935484,-0.27419354838709675,-0.03225806451612903,-0.49193548387096775,0.08064516129032258,-0.6290322580645161,0.1693548387096774,-0.6854838709677419,0.28225806451612906,-0.6048387096774194,0.49193548387096775,-0.7983870967741935,0.6290322580645161,-0.9112903225806451,0.7258064516129032,-1.0,0.4112903225806452,-0.5080645161290323,0.6129032258064516,-0.717741935483871,0.7419354838709677,-0.8548387096774194,0.8548387096774194,-0.9596774193548387,0.49193548387096775,-0.3951612903225806,0.6854838709677419,-0.5967741935483871,0.7983870967741935,-0.7258064516129032,0.8870967741935484,-0.8225806451612904,0.5403225806451613,-0.27419354838709675,0.6935483870967742,-0.43548387096774194,0.7741935483870968,-0.532258064516129,0.8306451612903226,-0.6129032258064516
7,0.0,0.0,0.05084745762711865,-0.2711864406779661,-0.00847457627118644,-0.5254237288135594,-0.09322033898305085,-0.6779661016949152,-0.17796610169491525,-0.7457627118644068,-0.288135593220339,-0.6101694915254238,-0.5508474576271186,-0.788135593220339,-0.711864406779661,-0.8983050847457628,-0.8389830508474576,-0.9745762711864406,-0.3983050847457627,-0.5084745762711864,-0.6694915254237288,-0.7203389830508474,-0.847457627118644,-0.8559322033898306,-0.9830508474576272,-0.9576271186440678,-0.4915254237288136,-0.3813559322033898,-0.7288135593220338,-0.6016949152542372,-0.8813559322033898,-0.7288135593220338,-1.0,-0.8305084745762712,-0.5423728813559322,-0.2457627118644068,-0.7288135593220338,-0.4322033898305085,-0.8389830508474576,-0.5423728813559322,-0.923728813559322,-0.6271186440677966
7,0.0,0.0,-0.072,-0.28,0.0,-0.496,0.144,-0.616,0.256,-0.64,0.264,-0.592,0.48,-0.8,0.624,-0.912,0.728,-1.0,0.4,-0.496,0.608,-0.736,0.736,-0.88,0.84,-1.0,0.488,-0.392,0.68,-0.616,0.792,-0.76,0.88,-0.856,0.544,-0.288,0.696,-0.464,0.776,-0.576,0.84,-0.664
7,0.0,0.0,0.04201680672268908,-0.2773109243697479,-0.04201680672268908,-0.5294117647058824,-0.15126050420168066,-0.6638655462184874,-0.25210084033613445,-0.6386554621848739,-0.3025210084033613,-0.5798319327731093,-0.5630252100840336,-0.7478991596638656,-0.7226890756302521,-0.8487394957983193,-0.8487394957983193,-0.9243697478991597,-0.40336134453781514,-0.47058823529411764,-0.6722689075630253,-0.6722689075630253,-0.8487394957983193,-0.8067226890756303,-0.9831932773109243,-0.9159663865546218,-0.4789915966386555,-0.3445378151260504,-0.7310924369747899,-0.5378151260504201,-0.8823529411764706,-0.6638655462184874,-1.0,-0.773109243697479,-0.5378151260504201,-0.21008403361344538,-0.7310924369747899,-0.37815126050420167,-0.8403361344537815,-0.4789915966386555,-0.9243697478991597,-0.5630252100840336
7,0.0,0.0,-0.046153846153846156,-0.25384615384615383,0.007692307692307693,-0.47692307692307695,0.1076923076923077,-0.6153846153846154,0.19230769230769232,-0.6615384615384615,0.27692307692307694,-0.5769230769230769,0.4846153846153846,-0.7846153846153846,0.6153846153846154,-0.9,0.7153846153846154,-0.9923076923076923,0.3769230769230769,-0.49230769230769234,0.6,-0.7307692307692307,0.7384615384615385,-0.8769230769230769,0.8461538461538461,-1.0,0.46153846153846156,-0.3923076923076923,0.6615384615384615,-0.6230769230769231,0.7923076923076923,-0.7692307692307693,0.8846153846153846,-0.8769230769230769,0.5076923076923077,-0.27692307692307694,0.6692307692307692,-0.4461538461538462,0.7615384615384615,-0.5615384615384615,0.8461538461538461,-0.6615384615384615
7,0.0,0.0,0.0423728813559322,-0.3135593220338983,-0.0423728813559322,-0.5677966101694916,-0.19491525423728814,-0.6694915254237288,-0.3135593220338983,-0.6101694915254238,-0.2966101694915254,-0.576271186440678,-0.559322033898305,-0.7542372881355932,-0.7203389830508474,-0.8559322033898306,-0.847457627118644,-0.9322033898305084,-0.4152542372881356,-0.4576271186440678,-0.6864406779661016,-0.6779661016949152,-0.8559322033898306,-0.8135593220338984,-0.9830508474576272,-0.9152542372881356,-0.5,-0.3220338983050847,-0.7372881355932204,-0.5423728813559322,-0.8898305084745762,-0.6779661016949152,-1.0,-0.788135593220339,-0.5508474576271186,-0.1864406779661017,-0.7457627118644068,-0.3728813559322034,-0.847457627118644,-0.4830508474576271,-0.923728813559322,-0.576271186440678
9,0.0,0.0,0.06040268456375839,-0.2684563758389262,0.19463087248322147,-0.44966442953020136,0.3422818791946309,-0.4966442953020134,0.4429530201342282,-0.47651006711409394,0.3691275167785235,-0.4161073825503356,0.6577181208053692,-0.4899328859060403,0.8187919463087249,-0.5167785234899329,0.9328859060402684,-0.5234899328859061,0.436241610738255,-0.2751677852348993,0.7248322147651006,-0.3691275167785235,0.8859060402684564,-0.40939597315436244,1.0,-0.436241610738255,0.4697986577181208,-0.12751677852348994,0.7449664429530202,-0.22818791946308725,0.8926174496644296,-0.28187919463087246,1.0,-0.31543624161073824,0.47651006711409394,0.026845637583892617,0.6912751677852349,-0.04697986577181208,0.8120805369127517,-0.10067114093959731,0.912751677852349,-0.1342281879194631
9,0.0,0.0,0.07317073170731707,-0.24390243902439024,0.21951219512195122,-0.40853658536585363,0.3902439024390244,-0.45121951219512196,0.5121951219512195,-0.4329268292682927,0.3597560975609756,-0.36585365853658536,0.6585365853658537,-0.40853658536585363,0.823170731707317,-0.42073170731707316,0.9390243902439024,-0.4146341463414634,0.4024390243902439,-0.22560975609756098,0.7073170731707317,-0.2926829268292683,0.8841463414634146,-0.3231707317073171,1.0,-0.34146341463414637,0.42073170731707316,-0.07926829268292683,0.7073170731707317,-0.16463414634146342,0.8719512195121951,-0.2073170731707317,0.9817073170731707,-0.23170731707317074,0.4268292682926829,0.054878048780487805,0.6402439024390244,-0.012195121951219513,0.7682926829268293,-0.054878048780487805,0.8597560975609756,-0.09146341463414634
9,0.0,0.0,0.0783132530120482,-0.23493975903614459,0.2289156626506024,-0.3795180722891566,0.3855421686746988,-0.40963855421686746,0.5,-0.39759036144578314,0.3795180722891566,-0.3373493975903614,0.6626506024096386,-0.3674698795180723,0.8192771084337349,-0.3674698795180723,0.9337349397590361,-0.35542168674698793,0.41566265060240964,-0.19879518072289157,0.7108433734939759,-0.24096385542168675,0.8855421686746988,-0.25301204819277107,1.0,-0.25903614457831325,0.42771084337349397,-0.05421686746987952,0.7108433734939759,-0.10843373493975904,0.8734939759036144,-0.13855421686746988,0.9879518072289156,-0.1566265060240964,0.41566265060240964,0.0783132530120482,0.6265060240963856,0.03614457831325301,0.7530120481927711,0.006024096385542169,0.8493975903614458,-0.024096385542168676
9,0.0,0.0,0.08917197452229299,-0.25477707006369427,0.25477707006369427,-0.3885350318471338,0.4394904458598726,-0.3885350318471338,0.5605095541401274,-0.34394904458598724,0.35668789808917195,-0.3375796178343949,0.6560509554140127,-0.3630573248407643,0.821656050955414,-0.35668789808917195,0.9363057324840764,-0.34394904458598724,0.39490445859872614,-0.1910828025477707,0.7006369426751592,-0.2229299363057325,0.8789808917197452,-0.2356687898089172,1.0,-0.2356687898089172,0.4140127388535032,-0.044585987261146494,0.6942675159235668,-0.08917197452229299,0.8662420382165605,-0.11464968152866242,0.9872611464968153,-0.12738853503184713,0.4140127388535032,0.08917197452229299,0.6242038216560509,0.06369426751592357,0.7643312101910829,0.03184713375796178,0.8789808917197452,0.006369426751592357
9,0.0,0.0,0.1032258064516129,-0.24516129032258063,0.27741935483870966,-0.38064516129032255,0.43870967741935485,-0.3870967741935484,0.5548387096774193,-0.3419354838709677,0.38064516129032255,-0.3548387096774194,0.6580645161290323,-0.36129032258064514,0.8129032258064516,-0.3419354838709677,0.9225806451612903,-0.3096774193548387,0.4129032258064516,-0.2129032258064516,0.7096774193548387,-0.22580645161290322,0.8838709677419355,-0.21935483870967742,1.0,-0.2,0.4258064516129032,-0.05806451612903226,0.7096774193548387,-0.09032258064516129,0.864516129032258,-0.0967741935483871,0.9741935483870968,-0.0967741935483871,0.41935483870967744,0.07741935483870968,0.632258064516129,0.06451612903225806,0.7612903225806451,0.05161290322580645,0.8580645161290322,0.03870967741935484
9,0.0,0.0,0.11805555555555555,-0.2569444444444444,0.2986111111111111,-0.3888888888888889,0.4652777777777778,-0.3888888888888889,0.5694444444444444,-0.3402777777777778,0.3958333333333333,-0.3541666666666667,0.6597222222222222,-0.3819444444444444,0.8125,-0.3680555555555556,0.9305555555555556,-0.3472222222222222,0.4375,-0.19444444444444445,0.7152777777777778,-0.22916666666666666,0.8819444444444444,-0.22916666666666666,1.0,-0.2222222222222222,0.4652777777777778,-0.034722222222222224,0.7222222222222222,-0.0763888888888889,0.8819444444444444,-0.09027777777777778,0.9930555555555556,-0.09722222222222222,0.4652777777777778,0.10416666666666667,0.6666666666666666,0.09027777777777778,0.7986111111111112,0.0625,0.9027777777777778,0.04861111111111111
9,0.0,0.0,-0.04242424242424243,-0.18181818181818182,-0.16363636363636364,-0.2909090909090909,-0.26666666666666666,-0.3393939393939394,-0.3333333333333333,-0.3696969696969697,-0.36363636363636365,-0.2545454545454545,-0.6121212121212121,-0.2606060606060606,-0.7636363636363637,-0.2606060606060606,-0.8848484848484849,-0.2545454545454545,-0.4,-0.1393939393939394,-0.6787878787878788,-0.15757575757575756,-0.8606060606060606,-0.16363636363636364,-1.0,-0.17575757575757575,-0.41818181818181815,-0.030303030303030304,-0.6727272727272727,-0.05454545454545454,-0.8424242424242424,-0.07272727272727272,-0.9696969696969697,-0.08484848484848485,-0.4121212121212121,0.07272727272727272,-0.6060606060606061,0.04242424242424243,-0.7393939393939394,0.024242424242424242,-0.8484848484848485,0.006060606060606061
9,0.0,0.0,0.10526315789473684,-0.2706766917293233,0.3082706766917293,-0.42105263157894735,0.5037593984962406,-0.42857142857142855,0.6466165413533834,-0.38345864661654133,0.3383458646616541,-0.40601503759398494,0.6240601503759399,-0.44360902255639095,0.7969924812030075,-0.43609022556390975,0.924812030075188,-0.42105263157894735,0.38345864661654133,-0.23308270676691728,0.6842105263157895,-0.2932330827067669,0.8646616541353384,-0.3082706766917293,1.0,-0.3082706766917293,0.42105263157894735,-0.06766917293233082,0.6992481203007519,-0.12781954887218044,0.8721804511278195,-0.14285714285714285,0.9924812030075187,-0.15037593984962405,0.44360902255639095,0.09022556390977443,0.6616541353383458,0.022556390977443608,0.7969924812030075,-0.015037593984962405,0.9097744360902256,-0.03759398496240601
9,0.0,0.0,-0.03205128205128205,-0.1794871794871795,-0.1282051282051282,-0.3141025641025641,-0.19230769230769232,-0.40384615384615385,-0.22435897435897437,-0.47435897435897434,-0.3717948717948718,-0.23717948717948717,-0.6153846153846154,-0.2564102564102564,-0.7692307692307693,-0.2564102564102564,-0.8910256410256411,-0.2564102564102564,-0.41025641025641024,-0.1282051282051282,-0.6730769230769231,-0.15384615384615385,-0.8525641025641025,-0.16666666666666666,-1.0,-0.1858974358974359,-0.42948717948717946,-0.019230769230769232,-0.6794871794871795,-0.05128205128205128,-0.8461538461538461,-0.07051282051282051,-0.9807692307692307,-0.08974358974358974,-0.4230769230769231,0.07692307692307693,-0.6217948717948718,0.05128205128205128,-0.75,0.02564102564102564,-0.8525641025641025,0.01282051282051282
9,0.0,0.0,0.104,-0.248,0.304,-0.408,0.52,-0.432,0.68,-0.392,0.344,-0.424,0.608,-0.488,0.792,-0.496,0.92,-0.48,0.384,-0.272,0.672,-0.336,0.848,-0.352,0.984,-0.36,0.424,-0.104,0.696,-0.176,0.872,-0.2,1.0,-0.216,0.456,0.056,0.688,0.008,0.84,-0.024,0.96,-0.056
9,0.0,0.0,-0.006993006993006993,-0.14685314685314685,-0.07692307692307693,-0.24475524475524477,-0.16083916083916083,-0.2937062937062937,-0.2517482517482518,-0.3076923076923077,-0.38461538461538464,-0.22377622377622378,-0.6083916083916084,-0.2727272727272727,-0.7622377622377622,-0.3006993006993007,-0.8951048951048951,-0.3076923076923077,-0.42657342657342656,-0.11888111888111888,-0.6783216783216783,-0.16783216783216784,-0.8601398601398601,-0.20279720279720279,-1.0,-0.21678321678321677,-0.44755244755244755,-0.006993006993006993,-0.6923076923076923,-0.055944055944055944,-0.8531468531468531,-0.0979020979020979,-0.986013986013986,-0.1258741258741259,-0.44755244755244755,0.0979020979020979,-0.6433566433566433,0.06993006993006994,-0.7762237762237763,0.04195804195804196,-0.8881118881118881,0.013986013986013986
9,0.0,0.0,0.12903225806451613,-0.25,0.3467741935483871,-0.4112903225806452,0.5483870967741935,-0.4435483870967742,0.7016129032258065,-0.4274193548387097,0.3709677419354839,-0.4274193548387097,0.6209677419354839,-0.5241935483870968,0.7983870967741935,-0.5725806451612904,0.9354838709677419,-0.6129032258064516,0.4032258064516129,-0.3064516129032258,0.6693548387096774,-0.3951612903225806,0.8548387096774194,-0.4596774193548387,0.9919354838709677,-0.5161290322580645,0.41935483870967744,-0.1532258064516129,0.6854838709677419,-0.23387096774193547,0.8629032258064516,-0.3064516129032258,1.0,-0.3709677419354839,0.43548387096774194,0.008064516129032258,0.6370967741935484,-0.04032258064516129,0.7741935483870968,-0.08870967741935484,0.8951612903225806,-0.14516129032258066
9,0.0,0.0,-0.0379746835443038,-0.17088607594936708,-0.13924050632911392,-0.26582278481012656,-0.24050632911392406,-0.2848101265822785,-0.3227848101265823,-0.2721518987341772,-0.3291139240506329,-0.2088607594936709,-0.5886075949367089,-0.25949367088607594,-0.740506329113924,-0.2848101265822785,-0.8670886075949367,-0.3037974683544304,-0.37341772151898733,-0.08860759493670886,-0.6645569620253164,-0.15822784810126583,-0.8481012658227848,-0.1962025316455696,-1.0,-0.23417721518987342,-0.3924050632911392,0.0189873417721519,-0.6708860759493671,-0.05063291139240506,-0.8481012658227848,-0.0949367088607595,-0.9873417721518988,-0.13924050632911392,-0.3987341772151899,0.10759493670886076,-0.6139240506329114,0.056962025316455694,-0.7531645569620253,0.0189873417721519,-0.8734177215189873,-0.012658227848101266
9,0.0,0.0,0.08823529411764706,-0.2647058823529412,0.27205882352941174,-0.45588235294117646,0.4632352941176471,-0.5,0.6029411764705882,-0.47794117647058826,0.3088235294117647,-0.4264705882352941,0.5955882352941176,-0.5220588235294118,0.7720588235294118,-0.5661764705882353,0.9117647058823529,-0.5955882352941176,0.3602941176470588,-0.2867647058823529,0.6617647058823529,-0.40441176470588236,0.8529411764705882,-0.47058823529411764,1.0,-0.5294117647058824,0.39705882352941174,-0.1323529411764706,0.6838235294117647,-0.25735294117647056,0.8602941176470589,-0.33088235294117646,0.9926470588235294,-0.3897058823529412,0.4264705882352941,0.022058823529411766,0.6470588235294118,-0.0661764705882353,0.7794117647058824,-0.1323529411764706,0.8970588235294118,-0.19117647058823528
9,0.0,0.0,-0.032467532467532464,-0.18831168831168832,-0.13636363636363635,-0.3181818181818182,-0.22727272727272727,-0.37662337662337664,-0.2792207792207792,-0.3961038961038961,-0.33766233766233766,-0.2532467532467532,-0.5909090909090909,-0.2857142857142857,-0.7467532467532467,-0.3051948051948052,-0.8701298701298701,-0.3181818181818182,-0.38961038961038963,-0.12987012987012986,-0.6688311688311688,-0.18181818181818182,-0.8571428571428571,-0.22077922077922077,-1.0,-0.2532467532467532,-0.4090909090909091,-0.012987012987012988,-0.6818181818181818,-0.06493506493506493,-0.8571428571428571,-0.1038961038961039,-0.9935064935064936,-0.14285714285714285,-0.4090909090909091,0.09090909090909091,-0.6168831168831169,0.045454545454545456,-0.7532467532467533,0.012987012987012988,-0.8701298701298701,-0.01948051948051948
9,0.0,0.0,0.11267605633802817,-0.2323943661971831,0.30985915492957744,-0.352112676056338,0.4859154929577465,-0.3591549295774648,0.6056338028169014,-0.33098591549295775,0.38028169014084506,-0.36619718309859156,0.6338028169014085,-0.4295774647887324,0.795774647887324,-0.45774647887323944,0.9225352112676056,-0.47183098591549294,0.4295774647887324,-0.23943661971830985,0.6971830985915493,-0.3028169014084507,0.8661971830985915,-0.34507042253521125,1.0,-0.36619718309859156,0.45774647887323944,-0.09154929577464789,0.7112676056338029,-0.15492957746478872,0.8661971830985915,-0.19718309859154928,0.9929577464788732,-0.21830985915492956,0.4647887323943662,0.04929577464788732,0.647887323943662,0.014084507042253521,0.7746478873239436,-0.014084507042253521,0.8732394366197183,-0.035211267605633804
9,0.0,0.0,-0.05,-0.20714285714285716,-0.17142857142857143,-0.35714285714285715,-0.30714285714285716,-0.42142857142857143,-0.40714285714285714,-0.4357142857142857,-0.36428571428571427,-0.3,-0.6285714285714286,-0.3142857142857143,-0.7857142857142857,-0.3142857142857143,-0.9,-0.3142857142857143,-0.4,-0.15,-0.6857142857142857,-0.17142857142857143,-0.8642857142857143,-0.19285714285714287,-1.0,-0.20714285714285716,-0.4142857142857143,-0.014285714285714285,-0.6714285714285714,-0.05,-0.8428571428571429,-0.07142857142857142,-0.9714285714285714,-0.1,-0.4142857142857143,0.1,-0.6285714285714286,0.06428571428571428,-0.7714285714285715,0.03571428571428571,-0.8785714285714286,0.007142857142857143
9,0.0,0.0,0.05063291139240506,-0.21518987341772153,0.13291139240506328,-0.35443037974683544,0.18354430379746836,-0.4240506329113924,0.23417721518987342,-0.4620253164556962,0.4050632911392405,-0.31645569620253167,0.6772151898734177,-0.3227848101265823,0.8607594936708861,-0.2848101265822785,0.9873417721518988,-0.23417721518987342,0.43670886075949367,-0.22151898734177214,0.7088607594936709,-0.24050632911392406,0.8860759493670886,-0.20253164556962025,1.0,-0.13924050632911392,0.4430379746835443,-0.10126582278481013,0.7025316455696202,-0.12658227848101267,0.8544303797468354,-0.0949367088607595,0.9556962025316456,-0.0379746835443038,0.43670886075949367,0.03164556962025317,0.6392405063291139,0.012658227848101266,0.7658227848101266,0.03164556962025317,0.8544303797468354,0.06329113924050633
9,0.0,0.0,-0.057971014492753624,-0.2028985507246377,-0.17391304347826086,-0.37681159420289856,-0.3115942028985507,-0.463768115942029,-0.45652173913043476,-0.4855072463768116,-0.3695652173913043,-0.3333333333333333,-0.6159420289855072,-0.34057971014492755,-0.7753623188405797,-0.3188405797101449,-0.9057971014492754,-0.2971014492753623,-0.39855072463768115,-0.18840579710144928,-0.6739130434782609,-0.18840579710144928,-0.855072463768116,-0.18115942028985507,-1.0,-0.17391304347826086,-0.41304347826086957,-0.050724637681159424,-0.6739130434782609,-0.057971014492753624,-0.8478260869565217,-0.07246376811594203,-0.9855072463768116,-0.07246376811594203,-0.42028985507246375,0.07246376811594203,-0.6304347826086957,0.043478260869565216,-0.7681159420289855,0.021739130434782608,-0.8768115942028986,0.0
9,0.0,0.0,0.09941520467836257,-0.19298245614035087,0.29239766081871343,-0.2807017543859649,0.4619883040935672,-0.2631578947368421,0.5789473684210527,-0.19883040935672514,0.40350877192982454,-0.2982456140350877,0.6608187134502924,-0.28654970760233917,0.8304093567251462,-0.25146198830409355,0.9415204678362573,-0.21052631578947367,0.4269005847953216,-0.1871345029239766,0.7017543859649122,-0.18128654970760233,0.8771929824561403,-0.14619883040935672,1.0,-0.09941520467836257,0.4269005847953216,-0.06432748538011696,0.6900584795321637,-0.06432748538011696,0.8538011695906432,-0.03508771929824561,0.9649122807017544,0.0,0.4093567251461988,0.07017543859649122,0.6140350877192983,0.07602339181286549,0.7368421052631579,0.08187134502923976,0.8304093567251462,0.09941520467836257
9,0.0,0.0,-0.050724637681159424,-0.21014492753623187,-0.14492753623188406,-0.42028985507246375,-0.2971014492753623,-0.4782608695652174,-0.4057971014492754,-0.42028985507246375,-0.3115942028985507,-0.32608695652173914,-0.5942028985507246,-0.3188405797101449,-0.7608695652173914,-0.2971014492753623,-0.8913043478260869,-0.2608695652173913,-0.34057971014492755,-0.16666666666666666,-0.6521739130434783,-0.16666666666666666,-0.8478260869565217,-0.15942028985507245,-1.0,-0.14492753623188406,-0.36231884057971014,-0.028985507246376812,-0.644927536231884,-0.036231884057971016,-0.8333333333333334,-0.043478260869565216,-0.9782608695652174,-0.043478260869565216,-0.37681159420289856,0.08695652173913043,-0.6014492753623188,0.057971014492753624,-0.7463768115942029,0.050724637681159424,-0.8695652173913043,0.050724637681159424
9,0.0,0.0,0.07058823529411765,-0.2235294117647059,0.22941176470588234,-0.3588235294117647,0.38235294117647056,-0.3941176470588235,0.49411764705882355,-0.4235294117647059,0.4294117647058823,-0.23529411764705882,0.6823529411764706,-0.20588235294117646,0.8294117647058824,-0.1588235294117647,0.9352941176470588,-0.11764705882352941,0.4411764705882353,-0.1,0.711764705882353,-0.07647058823529412,0.8823529411764706,-0.052941176470588235,1.0,-0.01764705882352941,0.4235294117647059,0.029411764705882353,0.6764705882352942,0.03529411764705882,0.8294117647058824,0.041176470588235294,0.9411764705882353,0.058823529411764705,0.38823529411764707,0.1411764705882353,0.5823529411764706,0.14705882352941177,0.7058823529411765,0.14705882352941177,0.7941176470588235,0.14705882352941177
9,0.0,0.0,-0.07407407407407407,-0.2074074074074074,-0.2,-0.3851851851851852,-0.34814814814814815,-0.4666666666666667,-0.4666666666666667,-0.43703703703703706,-0.3333333333333333,-0.3111111111111111,-0.6074074074074074,-0.31851851851851853,-0.7777777777777778,-0.2962962962962963,-0.9111111111111111,-0.26666666666666666,-0.35555555555555557,-0.15555555555555556,-0.6518518518518519,-0.15555555555555556,-0.8444444444444444,-0.15555555555555556,-1.0,-0.14814814814814814,-0.37037037037037035,-0.007407407407407408,-0.6444444444444445,-0.022222222222222223,-0.8296296296296296,-0.037037037037037035,-0.9703703703703703,-0.044444444444444446,-0.3851851851851852,0.1111111111111111,-0.6074074074074074,0.08148148148148149,-0.762962962962963,0.06666666666666667,-0.8888888888888888,0.05925925925925926
9,0.0,0.0,0.057803468208092484,-0.2254335260115607,0.1907514450867052,-0.35260115606936415,0.3236994219653179,-0.4046242774566474,0.41040462427745666,-0.4393063583815029,0.4046242774566474,-0.2774566473988439,0.6705202312138728,-0.24855491329479767,0.8265895953757225,-0.21965317919075145,0.9421965317919075,-0.19653179190751446,0.4393063583815029,-0.1329479768786127,0.7109826589595376,-0.12138728323699421,0.8786127167630058,-0.11560693641618497,1.0,-0.09826589595375723,0.44508670520231214,-0.005780346820809248,0.6878612716763006,-0.011560693641618497,0.8439306358381503,-0.011560693641618497,0.9595375722543352,-0.005780346820809248,0.42196531791907516,0.09826589595375723,0.6127167630057804,0.09248554913294797,0.7283236994219653,0.08670520231213873,0.815028901734104,0.08670520231213873
9,0.0,0.0,-0.06611570247933884,-0.23140495867768596,-0.2066115702479339,-0.4628099173553719,-0.3884297520661157,-0.5371900826446281,-0.512396694214876,-0.5041322314049587,-0.2975206611570248,-0.371900826446281,-0.5702479338842975,-0.39669421487603307,-0.743801652892562,-0.36363636363636365,-0.8925619834710744,-0.3305785123966942,-0.33884297520661155,-0.19008264462809918,-0.6363636363636364,-0.2066115702479339,-0.8429752066115702,-0.19834710743801653,-1.0,-0.18181818181818182,-0.371900826446281,-0.04132231404958678,-0.6528925619834711,-0.05785123966942149,-0.8429752066115702,-0.05785123966942149,-0.9917355371900827,-0.05785123966942149,-0.3884297520661157,0.09090909090909091,-0.6115702479338843,0.0743801652892562,-0.768595041322314,0.06611570247933884,-0.9090909090909091,0.05785123966942149
9,0.0,0.0,0.058823529411764705,-0.22941176470588234,0.20588235294117646,-0.3588235294117647,0.3588235294117647,-0.4,0.4647058823529412,-0.4235294117647059,0.4117647058823529,-0.29411764705882354,0.6470588235294118,-0.3058823529411765,0.8,-0.28823529411764703,0.9117647058823529,-0.27058823529411763,0.45294117647058824,-0.16470588235294117,0.7058823529411765,-0.18235294117647058,0.8705882352941177,-0.18235294117647058,1.0,-0.16470588235294117,0.4647058823529412,-0.041176470588235294,0.711764705882353,-0.06470588235294118,0.8647058823529412,-0.06470588235294118,0.9882352941176471,-0.052941176470588235,0.45294117647058824,0.06470588235294118,0.6588235294117647,0.041176470588235294,0.7823529411764706,0.03529411764705882,0.8764705882352941,0.041176470588235294
9,0.0,0.0,-0.06451612903225806,-0.26881720430107525,-0.1827956989247312,-0.5483870967741935,-0.3763440860215054,-0.6451612903225806,-0.5161290322580645,-0.6021505376344086,-0.25806451612903225,-0.46236559139784944,-0.5806451612903226,-0.4731182795698925,-0.7634408602150538,-0.43010752688172044,-0.8924731182795699,-0.3763440860215054,-0.2903225806451613,-0.24731182795698925,-0.6344086021505376,-0.24731182795698925,-0.8494623655913979,-0.22580645161290322,-1.0,-0.21505376344086022,-0.3333333333333333,-0.053763440860215055,-0.6451612903225806,-0.06451612903225806,-0.8387096774193549,-0.06451612903225806,-0.989247311827957,-0.053763440860215055,-0.3655913978494624,0.11827956989247312,-0.6021505376344086,0.11827956989247312,-0.7634408602150538,0.12903225806451613,-0.8924731182795699,0.12903225806451613
9,0.0,0.0,0.05421686746987952,-0.2289156626506024,0.1927710843373494,-0.3795180722891566,0.3192771084337349,-0.4397590361445783,0.4036144578313253,-0.4819277108433735,0.42771084337349397,-0.27710843373493976,0.6566265060240963,-0.2710843373493976,0.8012048192771084,-0.25301204819277107,0.9096385542168675,-0.23493975903614459,0.463855421686747,-0.13855421686746988,0.7168674698795181,-0.13855421686746988,0.8734939759036144,-0.13253012048192772,1.0,-0.12650602409638553,0.46987951807228917,-0.018072289156626505,0.7048192771084337,-0.018072289156626505,0.8554216867469879,-0.018072289156626505,0.9698795180722891,-0.018072289156626505,0.4397590361445783,0.08433734939759036,0.6265060240963856,0.09036144578313253,0.7409638554216867,0.0783132530120482,0.8313253012048193,0.07228915662650602
9,0.0,0.0,-0.08791208791208792,-0.2857142857142857,-0.24175824175824176,-0.5934065934065934,-0.46153846153846156,-0.7142857142857143,-0.6043956043956044,-0.6593406593406593,-0.2857142857142857,-0.5274725274725275,-0.5824175824175825,-0.5934065934065934,-0.7692307692307693,-0.5494505494505495,-0.9010989010989011,-0.4835164835164835,-0.31868131868131866,-0.3076923076923077,-0.6263736263736264,-0.3626373626373626,-0.8351648351648352,-0.3516483516483517,-0.978021978021978,-0.3076923076923077,-0.3626373626373626,-0.08791208791208792,-0.6593406593406593,-0.15384615384615385,-0.8571428571428571,-0.16483516483516483,-1.0,-0.16483516483516483,-0.3956043956043956,0.12087912087912088,-0.6593406593406593,0.06593406593406594,-0.8131868131868132,0.04395604395604396,-0.9340659340659341,0.01098901098901099
9,0.0,0.0,0.04878048780487805,-0.23170731707317074,0.18292682926829268,-0.4024390243902439,0.31097560975609756,-0.47560975609756095,0.4146341463414634,-0.5182926829268293,0.38414634146341464,-0.29878048780487804,0.6280487804878049,-0.3353658536585366,0.7804878048780488,-0.32926829268292684,0.8902439024390244,-0.3170731707317073,0.4268292682926829,-0.18292682926829268,0.6890243902439024,-0.21341463414634146,0.8536585365853658,-0.22560975609756098,0.9878048780487805,-0.22560975609756098,0.45121951219512196,-0.06707317073170732,0.7073170731707317,-0.0975609756097561,0.8719512195121951,-0.11585365853658537,1.0,-0.12195121951219512,0.4634146341463415,0.03048780487804878,0.6829268292682927,0.012195121951219513,0.8292682926829268,-0.012195121951219513,0.9451219512195121,-0.024390243902439025
9,0.0,0.0,-0.07792207792207792,-0.3116883116883117,-0.23376623376623376,-0.6103896103896104,-0.42857142857142855,-0.7792207792207793,-0.6233766233766234,-0.8051948051948052,-0.2987012987012987,-0.6233766233766234,-0.6753246753246753,-0.7142857142857143,-0.8311688311688312,-0.6623376623376623,-0.9090909090909091,-0.5844155844155844,-0.33766233766233766,-0.38961038961038963,-0.7272727272727273,-0.44155844155844154,-0.9090909090909091,-0.42857142857142855,-1.0,-0.4025974025974026,-0.38961038961038963,-0.14285714285714285,-0.7402597402597403,-0.2077922077922078,-0.9090909090909091,-0.23376623376623376,-1.0,-0.24675324675324675,-0.44155844155844154,0.07792207792207792,-0.7402597402597403,0.025974025974025976,-0.8441558441558441,0.012987012987012988,-0.8831168831168831,-0.012987012987012988
9,0.0,0.0,0.031446540880503145,-0.24528301886792453,0.15723270440251572,-0.39622641509433965,0.3081761006289308,-0.44025157232704404,0.42138364779874216,-0.4591194968553459,0.39622641509433965,-0.3018867924528302,0.6477987421383647,-0.3270440251572327,0.7987421383647799,-0.3270440251572327,0.9119496855345912,-0.32075471698113206,0.4528301886792453,-0.1761006289308176,0.710691823899371,-0.2138364779874214,0.8679245283018868,-0.22641509433962265,0.9874213836477987,-0.2389937106918239,0.4779874213836478,-0.05660377358490566,0.7295597484276729,-0.09433962264150944,0.8805031446540881,-0.11949685534591195,1.0,-0.12578616352201258,0.4779874213836478,0.0440251572327044,0.6855345911949685,0.006289308176100629,0.8050314465408805,-0.012578616352201259,0.9056603773584906,-0.025157232704402517
9,0.0,0.0,-0.08333333333333333,-0.30952380952380953,-0.23809523809523808,-0.5952380952380952,-0.4642857142857143,-0.7142857142857143,-0.6428571428571429,-0.6904761904761905,-0.2619047619047619,-0.5476190476190477,-0.5357142857142857,-0.6547619047619048,-0.7261904761904762,-0.6666666666666666,-0.8690476190476191,-0.6309523809523809,-0.30952380952380953,-0.3333333333333333,-0.6071428571428571,-0.40476190476190477,-0.8214285714285714,-0.44047619047619047,-0.9880952380952381,-0.4523809523809524,-0.36904761904761907,-0.11904761904761904,-0.6428571428571429,-0.19047619047619047,-0.8452380952380952,-0.25,-1.0,-0.2857142857142857,-0.40476190476190477,0.07142857142857142,-0.6428571428571429,0.011904761904761904,-0.8095238095238095,-0.023809523809523808,-0.9404761904761905,-0.05952380952380952
9,0.0,0.0,0.01764705882352941,-0.21764705882352942,0.10588235294117647,-0.3764705882352941,0.19411764705882353,-0.4588235294117647,0.2529411764705882,-0.5058823529411764,0.4,-0.31176470588235294,0.6470588235294118,-0.3411764705882353,0.8,-0.3352941176470588,0.9117647058823529,-0.3235294117647059,0.45294117647058824,-0.19411764705882353,0.711764705882353,-0.22941176470588234,0.8705882352941177,-0.23529411764705882,0.9941176470588236,-0.2411764705882353,0.4823529411764706,-0.08235294117647059,0.7294117647058823,-0.11764705882352941,0.8823529411764706,-0.1411764705882353,1.0,-0.15294117647058825,0.4823529411764706,0.011764705882352941,0.6882352941176471,-0.029411764705882353,0.8235294117647058,-0.052941176470588235,0.9352941176470588,-0.07647058823529412
9,0.0,0.0,-0.07017543859649122,-0.21929824561403508,-0.2631578947368421,-0.38596491228070173,-0.49122807017543857,-0.43859649122807015,-0.6666666666666666,-0.4473684210526316,-0.23684210526315788,-0.4473684210526316,-0.5263157894736842,-0.5263157894736842,-0.7192982456140351,-0.5350877192982456,-0.8771929824561403,-0.5350877192982456,-0.2719298245614035,-0.2894736842105263,-0.6052631578947368,-0.35964912280701755,-0.8333333333333334,-0.38596491228070173,-1.0,-0.41228070175438597,-0.3157894736842105,-0.11403508771929824,-0.631578947368421,-0.19298245614035087,-0.8508771929824561,-0.23684210526315788,-1.0,-0.2719298245614035,-0.3684210526315789,0.043859649122807015,-0.6140350877192983,-0.02631578947368421,-0.7894736842105263,-0.07017543859649122,-0.9298245614035088,-0.11403508771929824
9,0.0,0.0,0.01775147928994083,-0.23668639053254437,0.1301775147928994,-0.40828402366863903,0.2603550295857988,-0.47928994082840237,0.33727810650887574,-0.5207100591715976,0.3727810650887574,-0.3254437869822485,0.6272189349112426,-0.34911242603550297,0.7810650887573964,-0.35502958579881655,0.8994082840236687,-0.35502958579881655,0.4378698224852071,-0.1893491124260355,0.7100591715976331,-0.22485207100591717,0.8698224852071006,-0.23668639053254437,1.0,-0.2485207100591716,0.46745562130177515,-0.07100591715976332,0.7218934911242604,-0.10059171597633136,0.8757396449704142,-0.1242603550295858,0.9940828402366864,-0.13609467455621302,0.46153846153846156,0.023668639053254437,0.6686390532544378,0.0,0.7988165680473372,-0.023668639053254437,0.8994082840236687,-0.04142011834319527
9,0.0,0.0,-0.08695652173913043,-0.21739130434782608,-0.2608695652173913,-0.35507246376811596,-0.47101449275362317,-0.391304347826087,-0.6304347826086957,-0.38405797101449274,-0.2608695652173913,-0.3695652173913043,-0.5362318840579711,-0.427536231884058,-0.7246376811594203,-0.4420289855072464,-0.8768115942028986,-0.4492753623188406,-0.30434782608695654,-0.2246376811594203,-0.6086956521739131,-0.2971014492753623,-0.8260869565217391,-0.3333333333333333,-1.0,-0.35507246376811596,-0.34782608695652173,-0.07971014492753623,-0.6231884057971014,-0.15217391304347827,-0.8260869565217391,-0.18840579710144928,-0.9855072463768116,-0.2246376811594203,-0.3695652173913043,0.043478260869565216,-0.5869565217391305,-0.007246376811594203,-0.7391304347826086,-0.050724637681159424,-0.8695652173913043,-0.07971014492753623
9,0.0,0.0,0.03468208092485549,-0.24277456647398843,0.15606936416184972,-0.3930635838150289,0.30057803468208094,-0.43352601156069365,0.3930635838150289,-0.4393063583815029,0.37572254335260113,-0.31213872832369943,0.6416184971098265,-0.32947976878612717,0.7861271676300579,-0.3352601156069364,0.8959537572254336,-0.32947976878612717,0.4393063583815029,-0.1791907514450867,0.7225433526011561,-0.2023121387283237,0.884393063583815,-0.2138728323699422,1.0,-0.2138728323699422,0.4682080924855491,-0.06358381502890173,0.7283236994219653,-0.08670520231213873,0.8786127167630058,-0.10404624277456648,0.9942196531791907,-0.11560693641618497,0.45664739884393063,0.03468208092485549,0.6589595375722543,0.017341040462427744,0.7687861271676301,0.005780346820809248,0.8554913294797688,-0.005780346820809248
9,0.0,0.0,-0.09523809523809523,-0.20408163265306123,-0.2585034013605442,-0.3945578231292517,-0.40816326530612246,-0.54421768707483,-0.5102040816326531,-0.6598639455782312,-0.2857142857142857,-0.3333333333333333,-0.5578231292517006,-0.35374149659863946,-0.7414965986394558,-0.35374149659863946,-0.8843537414965986,-0.35374149659863946,-0.30612244897959184,-0.1836734693877551,-0.6190476190476191,-0.21768707482993196,-0.8367346938775511,-0.23809523809523808,-1.0,-0.2585034013605442,-0.3333333333333333,-0.047619047619047616,-0.6258503401360545,-0.08163265306122448,-0.8299319727891157,-0.12244897959183673,-0.9863945578231292,-0.14965986394557823,-0.35374149659863946,0.07482993197278912,-0.5782312925170068,0.04081632653061224,-0.7346938775510204,0.006802721088435374,-0.8639455782312925,-0.027210884353741496
9,0.0,0.0,0.04838709677419355,-0.22043010752688172,0.14516129032258066,-0.3817204301075269,0.22580645161290322,-0.46236559139784944,0.27956989247311825,-0.5268817204301075,0.3655913978494624,-0.2956989247311828,0.6236559139784946,-0.3064516129032258,0.7795698924731183,-0.2956989247311828,0.8978494623655914,-0.2849462365591398,0.4032258064516129,-0.1774193548387097,0.6827956989247311,-0.1989247311827957,0.8602150537634409,-0.20967741935483872,1.0,-0.21505376344086022,0.41397849462365593,-0.05913978494623656,0.6666666666666666,-0.08602150537634409,0.8279569892473119,-0.11290322580645161,0.9516129032258065,-0.12365591397849462,0.41397849462365593,0.043010752688172046,0.6182795698924731,0.016129032258064516,0.7473118279569892,-0.010752688172043012,0.8494623655913979,-0.03225806451612903
9,0.0,0.0,-0.055900621118012424,-0.17391304347826086,-0.18633540372670807,-0.32919254658385094,-0.3167701863354037,-0.42857142857142855,-0.40993788819875776,-0.484472049689441,-0.30434782608695654,-0.2857142857142857,-0.577639751552795,-0.3167701863354037,-0.7453416149068323,-0.32298136645962733,-0.8819875776397516,-0.3167701863354037,-0.34782608695652173,-0.14906832298136646,-0.6521739130434783,-0.19254658385093168,-0.8509316770186336,-0.21739130434782608,-1.0,-0.22981366459627328,-0.37267080745341613,-0.024844720496894408,-0.6583850931677019,-0.07453416149068323,-0.84472049689441,-0.09937888198757763,-0.9937888198757764,-0.13043478260869565,-0.38509316770186336,0.08074534161490683,-0.5962732919254659,0.031055900621118012,-0.7391304347826086,0.006211180124223602,-0.8571428571428571,-0.024844720496894408
9,0.0,0.0,0.06395348837209303,-0.22674418604651161,0.19767441860465115,-0.38953488372093026,0.3488372093023256,-0.45348837209302323,0.45348837209302323,-0.48255813953488375,0.3546511627906977,-0.31976744186046513,0.6453488372093024,-0.3430232558139535,0.8081395348837209,-0.3372093023255814,0.9244186046511628,-0.31976744186046513,0.38953488372093026,-0.19767441860465115,0.6918604651162791,-0.22093023255813954,0.872093023255814,-0.22674418604651161,1.0,-0.22093023255813954,0.4069767441860465,-0.06976744186046512,0.6744186046511628,-0.09883720930232558,0.8372093023255814,-0.11046511627906977,0.9534883720930233,-0.11627906976744186,0.4011627906976744,0.05813953488372093,0.6104651162790697,0.029069767441860465,0.7325581395348837,0.011627906976744186,0.8372093023255814,-0.005813953488372093
9,0.0,0.0,-0.11855670103092783,-0.19072164948453607,-0.26804123711340205,-0.30927835051546393,-0.422680412371134,-0.3247422680412371,-0.5309278350515464,-0.29381443298969073,-0.35051546391752575,-0.30412371134020616,-0.6134020618556701,-0.32989690721649484,-0.7680412371134021,-0.32989690721649484,-0.8865979381443299,-0.3247422680412371,-0.3917525773195876,-0.1958762886597938,-0.6804123711340206,-0.23711340206185566,-0.8608247422680413,-0.24742268041237114,-1.0,-0.25773195876288657,-0.4175257731958763,-0.08762886597938144,-0.6804123711340206,-0.13917525773195877,-0.845360824742268,-0.15979381443298968,-0.9690721649484536,-0.18556701030927836,-0.422680412371134,0.015463917525773196,-0.6237113402061856,-0.03608247422680412,-0.7422680412371134,-0.06701030927835051,-0.8402061855670103,-0.09278350515463918
9,0.0,0.0,0.06369426751592357,-0.25477707006369427,0.19745222929936307,-0.4267515923566879,0.34394904458598724,-0.4968152866242038,0.445859872611465,-0.535031847133758,0.3630573248407643,-0.35668789808917195,0.6496815286624203,-0.3821656050955414,0.8152866242038217,-0.3821656050955414,0.9299363057324841,-0.37579617834394907,0.40764331210191085,-0.21019108280254778,0.7006369426751592,-0.2484076433121019,0.8789808917197452,-0.267515923566879,1.0,-0.267515923566879,0.43312101910828027,-0.06369426751592357,0.7006369426751592,-0.10828025477707007,0.8598726114649682,-0.1337579617834395,0.9808917197452229,-0.1464968152866242,0.43312101910828027,0.07006369426751592,0.6369426751592356,0.025477707006369428,0.7707006369426752,-0.006369426751592357,0.8726114649681529,-0.03184713375796178
9,0.0,0.0,-0.0972972972972973,-0.1783783783783784,-0.24864864864864866,-0.2864864864864865,-0.40540540540540543,-0.2918918918918919,-0.5027027027027027,-0.24864864864864866,-0.34594594594594597,-0.2810810810810811,-0.6162162162162163,-0.3027027027027027,-0.772972972972973,-0.3027027027027027,-0.8918918918918919,-0.3027027027027027,-0.3891891891891892,-0.1837837837837838,-0.6864864864864865,-0.20540540540540542,-0.8648648648648649,-0.22162162162162163,-1.0,-0.22702702702702704,-0.41081081081081083,-0.07567567567567568,-0.6810810810810811,-0.10810810810810811,-0.8540540540540541,-0.12972972972972974,-0.9783783783783784,-0.14594594594594595,-0.41081081081081083,0.02702702702702703,-0.6216216216216216,-0.010810810810810811,-0.7513513513513513,-0.02702702702702703,-0.8594594594594595,-0.043243243243243246
9,0.0,0.0,0.06329113924050633,-0.2468354430379747,0.18354430379746836,-0.43670886075949367,0.3227848101265823,-0.5253164556962026,0.4240506329113924,-0.569620253164557,0.31645569620253167,-0.34810126582278483,0.6139240506329114,-0.379746835443038,0.7911392405063291,-0.3860759493670886,0.9177215189873418,-0.37341772151898733,0.35443037974683544,-0.1962025316455696,0.6708860759493671,-0.2468354430379747,0.8607594936708861,-0.26582278481012656,1.0,-0.27848101265822783,0.37341772151898733,-0.05063291139240506,0.6582278481012658,-0.11392405063291139,0.8291139240506329,-0.13924050632911392,0.9620253164556962,-0.15822784810126583,0.37341772151898733,0.08227848101265822,0.5822784810126582,0.04430379746835443,0.7151898734177216,0.006329113924050633,0.8291139240506329,-0.0189873417721519
9,0.0,0.0,-0.09782608695652174,-0.1793478260869565,-0.25,-0.2826086956521739,-0.4076086956521739,-0.28804347826086957,-0.5217391304347826,-0.2554347826086957,-0.33695652173913043,-0.2608695652173913,-0.6032608695652174,-0.2826086956521739,-0.7608695652173914,-0.28804347826086957,-0.8858695652173914,-0.28804347826086957,-0.375,-0.15760869565217392,-0.6739130434782609,-0.18478260869565216,-0.8586956521739131,-0.1956521739130435,-1.0,-0.21195652173913043,-0.3967391304347826,-0.05434782608695652,-0.6739130434782609,-0.08152173913043478,-0.8478260869565217,-0.10326086956521739,-0.9782608695652174,-0.125,-0.40217391304347827,0.04891304347826087,-0.6086956521739131,0.010869565217391304,-0.7445652173913043,-0.010869565217391304,-0.8478260869565217,-0.03260869565217391
9,0.0,0.0,0.08441558441558442,-0.24675324675324675,0.22727272727272727,-0.4155844155844156,0.37662337662337664,-0.487012987012987,0.487012987012987,-0.5064935064935064,0.35714285714285715,-0.37662337662337664,0.6363636363636364,-0.4155844155844156,0.7987012987012987,-0.42207792207792205,0.9155844155844156,-0.4155844155844156,0.4025974025974026,-0.23376623376623376,0.7012987012987013,-0.2792207792207792,0.8766233766233766,-0.2987012987012987,1.0,-0.3051948051948052,0.42857142857142855,-0.08441558441558442,0.6883116883116883,-0.13636363636363635,0.8506493506493507,-0.16233766233766234,0.9675324675324676,-0.18181818181818182,0.43506493506493504,0.05844155844155844,0.6363636363636364,0.025974025974025976,0.7597402597402597,0.0,0.8571428571428571,-0.025974025974025976
9,0.0,0.0,-0.1076923076923077,-0.20512820512820512,-0.28205128205128205,-0.30256410256410254,-0.4461538461538462,-0.30256410256410254,-0.5538461538461539,-0.26153846153846155,-0.358974358974359,-0.3076923076923077,-0.6102564102564103,-0.3333333333333333,-0.7692307692307693,-0.3384615384615385,-0.8923076923076924,-0.3384615384615385,-0.38974358974358975,-0.2153846153846154,-0.6717948717948717,-0.24102564102564103,-0.8615384615384616,-0.2512820512820513,-1.0,-0.26666666666666666,-0.40512820512820513,-0.1076923076923077,-0.6666666666666666,-0.14358974358974358,-0.841025641025641,-0.1641025641025641,-0.9692307692307692,-0.1794871794871795,-0.40512820512820513,-0.010256410256410256,-0.6102564102564103,-0.046153846153846156,-0.7435897435897436,-0.07179487179487179,-0.8512820512820513,-0.09230769230769231
9,0.0,0.0,0.06896551724137931,-0.2620689655172414,0.23448275862068965,-0.4413793103448276,0.4206896551724138,-0.4896551724137931,0.5655172413793104,-0.4689655172413793,0.30344827586206896,-0.4068965517241379,0.6206896551724138,-0.45517241379310347,0.7931034482758621,-0.46206896551724136,0.9172413793103448,-0.46206896551724136,0.35172413793103446,-0.25517241379310346,0.6896551724137931,-0.31724137931034485,0.8758620689655172,-0.33793103448275863,1.0,-0.3448275862068966,0.3931034482758621,-0.0896551724137931,0.7034482758620689,-0.15862068965517243,0.8758620689655172,-0.19310344827586207,0.993103448275862,-0.2206896551724138,0.4206896551724138,0.06896551724137931,0.6482758620689655,0.041379310344827586,0.7862068965517242,0.013793103448275862,0.8827586206896552,-0.020689655172413793
9,0.0,0.0,-0.11518324607329843,-0.17277486910994763,-0.29842931937172773,-0.2670157068062827,-0.46596858638743455,-0.28272251308900526,-0.5916230366492147,-0.2513089005235602,-0.36649214659685864,-0.2617801047120419,-0.6178010471204188,-0.2931937172774869,-0.774869109947644,-0.3036649214659686,-0.8952879581151832,-0.3036649214659686,-0.39267015706806285,-0.16753926701570682,-0.680628272251309,-0.19895287958115182,-0.8586387434554974,-0.21465968586387435,-1.0,-0.23036649214659685,-0.4083769633507853,-0.06282722513089005,-0.675392670157068,-0.10471204188481675,-0.8481675392670157,-0.13089005235602094,-0.9790575916230366,-0.14659685863874344,-0.41361256544502617,0.03664921465968586,-0.6230366492146597,-0.010471204188481676,-0.7591623036649214,-0.03664921465968586,-0.8638743455497382,-0.05759162303664921
9,0.0,0.0,0.05194805194805195,-0.24675324675324675,0.17532467532467533,-0.4090909090909091,0.3246753246753247,-0.474025974025974,0.44155844155844154,-0.5,0.3181818181818182,-0.36363636363636365,0.6168831168831169,-0.4155844155844156,0.7922077922077922,-0.42857142857142855,0.9285714285714286,-0.42207792207792205,0.36363636363636365,-0.21428571428571427,0.6753246753246753,-0.2792207792207792,0.8701298701298701,-0.3116883116883117,1.0,-0.3246753246753247,0.38961038961038963,-0.05844155844155844,0.6753246753246753,-0.12987012987012986,0.8506493506493507,-0.17532467532467533,0.974025974025974,-0.19480519480519481,0.38311688311688313,0.07792207792207792,0.577922077922078,0.05194805194805195,0.7012987012987013,0.01948051948051948,0.7922077922077922,-0.012987012987012988
9,0.0,0.0,0.03680981595092025,-0.25153374233128833,0.17177914110429449,-0.4294478527607362,0.3312883435582822,-0.50920245398773,0.44171779141104295,-0.5398773006134969,0.34355828220858897,-0.3619631901840491,0.6503067484662577,-0.4049079754601227,0.8159509202453987,-0.4110429447852761,0.9263803680981595,-0.4110429447852761,0.3987730061349693,-0.22085889570552147,0.7116564417177914,-0.2822085889570552,0.8834355828220859,-0.3067484662576687,1.0,-0.3128834355828221,0.4294478527607362,-0.07975460122699386,0.7116564417177914,-0.147239263803681,0.8711656441717791,-0.18404907975460122,0.9754601226993865,-0.2085889570552147,0.44785276073619634,0.049079754601226995,0.6625766871165644,-0.012269938650306749,0.7852760736196319,-0.049079754601226995,0.8773006134969326,-0.0736196319018405
9,0.0,0.0,-0.047619047619047616,-0.20833333333333334,-0.20833333333333334,-0.3333333333333333,-0.375,-0.35119047619047616,-0.48214285714285715,-0.35714285714285715,-0.3273809523809524,-0.26785714285714285,-0.5952380952380952,-0.24404761904761904,-0.7619047619047619,-0.21428571428571427,-0.8988095238095238,-0.19047619047619047,-0.35714285714285715,-0.125,-0.6488095238095238,-0.1130952380952381,-0.8452380952380952,-0.10119047619047619,-1.0,-0.08928571428571429,-0.375,-0.005952380952380952,-0.6428571428571429,-0.011904761904761904,-0.8273809523809523,-0.005952380952380952,-0.9761904761904762,0.005952380952380952,-0.375,0.08333333333333333,-0.5833333333333334,0.07738095238095238,-0.7261904761904762,0.07738095238095238,-0.8452380952380952,0.07738095238095238
9,0.0,0.0,0.10429447852760736,-0.2392638036809816,0.2822085889570552,-0.3496932515337423,0.48466257668711654,-0.34355828220858897,0.6196319018404908,-0.3006134969325153,0.4110429447852761,-0.2822085889570552,0.6932515337423313,-0.26380368098159507,0.852760736196319,-0.22699386503067484,0.9693251533742331,-0.18404907975460122,0.4294478527607362,-0.12269938650306748,0.7239263803680982,-0.1165644171779141,0.8895705521472392,-0.09202453987730061,1.0,-0.05521472392638037,0.4294478527607362,0.03067484662576687,0.6993865030674846,0.018404907975460124,0.852760736196319,0.03067484662576687,0.9570552147239264,0.049079754601226995,0.4171779141104294,0.15950920245398773,0.6257668711656442,0.147239263803681,0.7484662576687117,0.1411042944785276,0.8466257668711656,0.13496932515337423
9,0.0,0.0,-0.09302325581395349,-0.19186046511627908,-0.2616279069767442,-0.31976744186046513,-0.4418604651162791,-0.32558139534883723,-0.5755813953488372,-0.3023255813953488,-0.3372093023255814,-0.29651162790697677,-0.6104651162790697,-0.27906976744186046,-0.7732558139534884,-0.2558139534883721,-0.9127906976744186,-0.22674418604651161,-0.36627906976744184,-0.1686046511627907,-0.6627906976744186,-0.16279069767441862,-0.8546511627906976,-0.1569767441860465,-1.0,-0.1511627906976744,-0.38372093023255816,-0.046511627906976744,-0.6569767441860465,-0.05232558139534884,-0.8313953488372093,-0.05232558139534884,-0.9651162790697675,-0.05813953488372093,-0.38953488372093026,0.05813953488372093,-0.5988372093023255,0.03488372093023256,-0.7383720930232558,0.023255813953488372,-0.8546511627906976,0.01744186046511628
9,0.0,0.0,0.06432748538011696,-0.2222222222222222,0.2046783625730994,-0.3508771929824561,0.36257309941520466,-0.3742690058479532,0.47368421052631576,-0.38011695906432746,0.4269005847953216,-0.2631578947368421,0.6842105263157895,-0.25146198830409355,0.8362573099415205,-0.2222222222222222,0.9473684210526315,-0.19883040935672514,0.4502923976608187,-0.12280701754385964,0.7192982456140351,-0.12280701754385964,0.8830409356725146,-0.1111111111111111,1.0,-0.0935672514619883,0.4444444444444444,0.011695906432748537,0.695906432748538,0.0,0.847953216374269,0.0,0.9590643274853801,0.011695906432748537,0.4152046783625731,0.1286549707602339,0.6140350877192983,0.13450292397660818,0.7426900584795322,0.13450292397660818,0.8421052631578947,0.14035087719298245
9,0.0,0.0,-0.09032258064516129,-0.2064516129032258,-0.2838709677419355,-0.3096774193548387,-0.4774193548387097,-0.27741935483870966,-0.6,-0.2064516129032258,-0.33548387096774196,-0.2967741935483871,-0.6129032258064516,-0.25806451612903225,-0.7806451612903226,-0.21935483870967742,-0.9096774193548387,-0.17419354838709677,-0.36129032258064514,-0.14838709677419354,-0.6645161290322581,-0.12258064516129032,-0.8580645161290322,-0.09032258064516129,-1.0,-0.07096774193548387,-0.3741935483870968,-0.012903225806451613,-0.6580645161290323,-0.0064516129032258064,-0.8387096774193549,0.0,-0.9806451612903225,0.0,-0.3741935483870968,0.09032258064516129,-0.5870967741935483,0.07741935483870968,-0.7290322580645161,0.07096774193548387,-0.8387096774193549,0.06451612903225806
9,0.0,0.0,0.0782122905027933,-0.22346368715083798,0.24581005586592178,-0.3407821229050279,0.4134078212290503,-0.35195530726256985,0.5307262569832403,-0.3575418994413408,0.4134078212290503,-0.27932960893854747,0.664804469273743,-0.26256983240223464,0.8212290502793296,-0.2346368715083799,0.9385474860335196,-0.20670391061452514,0.441340782122905,-0.1452513966480447,0.7039106145251397,-0.1340782122905028,0.8715083798882681,-0.12290502793296089,1.0,-0.1005586592178771,0.441340782122905,-0.0111731843575419,0.6871508379888268,-0.01675977653631285,0.8435754189944135,-0.0111731843575419,0.9608938547486033,0.0,0.41899441340782123,0.1005586592178771,0.6089385474860335,0.10614525139664804,0.7262569832402235,0.11173184357541899,0.8156424581005587,0.11173184357541899
9,0.0,0.0,-0.13636363636363635,-0.19480519480519481,-0.35064935064935066,-0.2792207792207792,-0.538961038961039,-0.2532467532467532,-0.6818181818181818,-0.2012987012987013,-0.42207792207792205,-0.3246753246753247,-0.6623376623376623,-0.3051948051948052,-0.8116883116883117,-0.2727272727272727,-0.922077922077922,-0.24025974025974026,-0.44155844155844154,-0.19480519480519481,-0.7012987012987013,-0.16233766233766234,-0.8636363636363636,-0.14285714285714285,-1.0,-0.12337662337662338,-0.44155844155844154,-0.05194805194805195,-0.6883116883116883,-0.05194805194805195,-0.8506493506493507,-0.045454545454545456,-0.974025974025974,-0.03896103896103896,-0.43506493506493504,0.07792207792207792,-0.6298701298701299,0.07142857142857142,-0.7662337662337663,0.06493506493506493,-0.8766233766233766,0.05844155844155844
9,0.0,0.0,0.06321839080459771,-0.21264367816091953,0.21264367816091953,-0.3505747126436782,0.3735632183908046,-0.3735632183908046,0.4885057471264368,-0.3850574712643678,0.40804597701149425,-0.3103448275862069,0.6494252873563219,-0.3275862068965517,0.7988505747126436,-0.3103448275862069,0.9137931034482759,-0.28735632183908044,0.4482758620689655,-0.1839080459770115,0.7068965517241379,-0.20689655172413793,0.867816091954023,-0.20114942528735633,1.0,-0.1896551724137931,0.46551724137931033,-0.06321839080459771,0.7126436781609196,-0.08045977011494253,0.867816091954023,-0.09195402298850575,0.9827586206896551,-0.09195402298850575,0.46551724137931033,0.05747126436781609,0.6724137931034483,0.028735632183908046,0.7988505747126436,0.011494252873563218,0.896551724137931,0.0
9,0.0,0.0,-0.10256410256410256,-0.2222222222222222,-0.3162393162393162,-0.39316239316239315,-0.5641025641025641,-0.4017094017094017,-0.7350427350427351,-0.36752136752136755,-0.3247863247863248,-0.452991452991453,-0.5897435897435898,-0.46153846153846156,-0.7692307692307693,-0.42735042735042733,-0.905982905982906,-0.38461538461538464,-0.3504273504273504,-0.28205128205128205,-0.6495726495726496,-0.28205128205128205,-0.8461538461538461,-0.26495726495726496,-1.0,-0.23931623931623933,-0.37606837606837606,-0.10256410256410256,-0.6581196581196581,-0.11965811965811966,-0.8376068376068376,-0.11965811965811966,-0.9658119658119658,-0.1111111111111111,-0.39316239316239315,0.05982905982905983,-0.6239316239316239,0.02564102564102564,-0.7692307692307693,0.008547008547008548,-0.8888888888888888,0.0
9,0.0,0.0,0.06547619047619048,-0.23214285714285715,0.22023809523809523,-0.36904761904761907,0.38095238095238093,-0.39285714285714285,0.4880952380952381,-0.40476190476190477,0.44047619047619047,-0.2916666666666667,0.6785714285714286,-0.2857142857142857,0.8214285714285714,-0.26785714285714285,0.9285714285714286,-0.24404761904761904,0.47619047619047616,-0.15476190476190477,0.7202380952380952,-0.16071428571428573,0.875,-0.15476190476190477,1.0,-0.1488095238095238,0.47619047619047616,-0.02976190476190476,0.7083333333333334,-0.041666666666666664,0.8511904761904762,-0.047619047619047616,0.9583333333333334,-0.047619047619047616,0.4583333333333333,0.07142857142857142,0.6428571428571429,0.05357142857142857,0.7559523809523809,0.047619047619047616,0.8392857142857143,0.041666666666666664
9,0.0,0.0,-0.11764705882352941,-0.21008403361344538,-0.31932773109243695,-0.3865546218487395,-0.5546218487394958,-0.4117647058823529,-0.7226890756302521,-0.40336134453781514,-0.31092436974789917,-0.4369747899159664,-0.5714285714285714,-0.48739495798319327,-0.7478991596638656,-0.4789915966386555,-0.8907563025210085,-0.46218487394957986,-0.33613445378151263,-0.2773109243697479,-0.6302521008403361,-0.31932773109243695,-0.8319327731092437,-0.3277310924369748,-0.9915966386554622,-0.31932773109243695,-0.36134453781512604,-0.1092436974789916,-0.6470588235294118,-0.15966386554621848,-0.8487394957983193,-0.17647058823529413,-1.0,-0.19327731092436976,-0.3865546218487395,0.06722689075630252,-0.6218487394957983,0.01680672268907563,-0.773109243697479,-0.025210084033613446,-0.907563025210084,-0.058823529411764705
9,0.0,0.0,0.05357142857142857,-0.23809523809523808,0.18452380952380953,-0.375,0.3333333333333333,-0.4107142857142857,0.43452380952380953,-0.42857142857142855,0.35714285714285715,-0.2916666666666667,0.625,-0.30357142857142855,0.7797619047619048,-0.2976190476190476,0.8928571428571429,-0.2857142857142857,0.4107142857142857,-0.1488095238095238,0.6964285714285714,-0.16071428571428573,0.8690476190476191,-0.17261904761904762,1.0,-0.17261904761904762,0.43452380952380953,-0.017857142857142856,0.6964285714285714,-0.041666666666666664,0.8571428571428571,-0.05952380952380952,0.9821428571428571,-0.06547619047619048,0.4226190476190476,0.08928571428571429,0.6190476190476191,0.06547619047619048,0.7440476190476191,0.047619047619047616,0.8392857142857143,0.02976190476190476
9,0.0,0.0,-0.11888111888111888,-0.16083916083916083,-0.34265734265734266,-0.23076923076923078,-0.5594405594405595,-0.2097902097902098,-0.7202797202797203,-0.16783216783216784,-0.34265734265734266,-0.27972027972027974,-0.6153846153846154,-0.2727272727272727,-0.8041958041958042,-0.24475524475524477,-0.951048951048951,-0.20279720279720279,-0.32867132867132864,-0.13286713286713286,-0.6293706293706294,-0.1258741258741259,-0.8391608391608392,-0.0979020979020979,-1.0,-0.07692307692307693,-0.3146853146853147,0.013986013986013986,-0.5944055944055944,0.02097902097902098,-0.7902097902097902,0.027972027972027972,-0.9440559440559441,0.03496503496503497,-0.2937062937062937,0.15384615384615385,-0.5034965034965035,0.15384615384615385,-0.6643356643356644,0.13986013986013987,-0.7972027972027972,0.13286713286713286
9,0.0,0.0,0.06470588235294118,-0.21764705882352942,0.2411764705882353,-0.36470588235294116,0.4117647058823529,-0.4117647058823529,0.5470588235294118,-0.4470588235294118,0.38235294117647056,-0.27058823529411763,0.6352941176470588,-0.31176470588235294,0.788235294117647,-0.3176470588235294,0.9117647058823529,-0.31176470588235294,0.4176470588235294,-0.13529411764705881,0.6941176470588235,-0.16470588235294117,0.8588235294117647,-0.17647058823529413,1.0,-0.17647058823529413,0.4294117647058823,0.0,0.6882352941176471,-0.029411764705882353,0.8529411764705882,-0.052941176470588235,0.9823529411764705,-0.058823529411764705,0.4176470588235294,0.12352941176470589,0.6294117647058823,0.08823529411764706,0.7588235294117647,0.058823529411764705,0.8588235294117647,0.041176470588235294
9,0.0,0.0,-0.09467455621301775,-0.1893491124260355,-0.2781065088757396,-0.31952662721893493,-0.46745562130177515,-0.35502958579881655,-0.5976331360946746,-0.40828402366863903,-0.33727810650887574,-0.3254437869822485,-0.6153846153846154,-0.3136094674556213,-0.7869822485207101,-0.2958579881656805,-0.9230769230769231,-0.27218934911242604,-0.3609467455621302,-0.1952662721893491,-0.6627218934911243,-0.20118343195266272,-0.8520710059171598,-0.1952662721893491,-1.0,-0.1893491124260355,-0.38461538461538464,-0.07692307692307693,-0.6627218934911243,-0.08875739644970414,-0.8402366863905325,-0.09467455621301775,-0.9763313609467456,-0.09467455621301775,-0.39644970414201186,0.03550295857988166,-0.6094674556213018,-0.005917159763313609,-0.7455621301775148,-0.011834319526627219,-0.863905325443787,-0.01775147928994083
9,0.0,0.0,0.10714285714285714,-0.22023809523809523,0.27380952380952384,-0.3273809523809524,0.43452380952380953,-0.32142857142857145,0.5357142857142857,-0.2857142857142857,0.39285714285714285,-0.2619047619047619,0.6547619047619048,-0.25595238095238093,0.8095238095238095,-0.23214285714285715,0.9285714285714286,-0.20833333333333334,0.4107142857142857,-0.1130952380952381,0.6964285714285714,-0.1130952380952381,0.8690476190476191,-0.09523809523809523,1.0,-0.07142857142857142,0.4107142857142857,0.02976190476190476,0.6785714285714286,0.023809523809523808,0.8392857142857143,0.02976190476190476,0.9583333333333334,0.041666666666666664,0.39285714285714285,0.15476190476190477,0.6071428571428571,0.14285714285714285,0.7440476190476191,0.13690476190476192,0.8511904761904762,0.14285714285714285
9,0.0,0.0,-0.1,-0.19411764705882353,-0.25882352941176473,-0.31176470588235294,-0.43529411764705883,-0.29411764705882354,-0.5470588235294118,-0.2411764705882353,-0.32941176470588235,-0.29411764705882354,-0.6058823529411764,-0.29411764705882354,-0.7705882352941177,-0.27647058823529413,-0.9,-0.25882352941176473,-0.3588235294117647,-0.17647058823529413,-0.6647058823529411,-0.17647058823529413,-0.8588235294117647,-0.17647058823529413,-1.0,-0.17647058823529413,-0.38235294117647056,-0.058823529411764705,-0.6647058823529411,-0.07058823529411765,-0.8411764705882353,-0.08235294117647059,-0.9764705882352941,-0.09411764705882353,-0.3941176470588235,0.047058823529411764,-0.611764705882353,0.01764705882352941,-0.7470588235294118,0.0,-0.8588235294117647,-0.011764705882352941
9,0.0,0.0,0.10666666666666667,-0.24666666666666667,0.30666666666666664,-0.36666666666666664,0.5,-0.35333333333333333,0.6266666666666667,-0.2866666666666667,0.3466666666666667,-0.32,0.6466666666666666,-0.32666666666666666,0.82,-0.3,0.94,-0.26666666666666666,0.36666666666666664,-0.16,0.6866666666666666,-0.16666666666666666,0.8733333333333333,-0.15333333333333332,1.0,-0.12666666666666668,0.37333333333333335,0.006666666666666667,0.6733333333333333,-0.013333333333333334,0.8533333333333334,-0.013333333333333334,0.9733333333333334,-0.006666666666666667,0.38,0.14666666666666667,0.6133333333333333,0.12666666666666668,0.7466666666666667,0.12,0.86,0.12
9,0.0,0.0,-0.09580838323353294,-0.17365269461077845,-0.2634730538922156,-0.2694610778443114,-0.4311377245508982,-0.2754491017964072,-0.5568862275449101,-0.23353293413173654,-0.32934131736526945,-0.2634730538922156,-0.6047904191616766,-0.2634730538922156,-0.7664670658682635,-0.25149700598802394,-0.8982035928143712,-0.23952095808383234,-0.3532934131736527,-0.1497005988023952,-0.6586826347305389,-0.1497005988023952,-0.8502994011976048,-0.15568862275449102,-1.0,-0.16167664670658682,-0.3772455089820359,-0.029940119760479042,-0.6586826347305389,-0.04790419161676647,-0.8383233532934131,-0.059880239520958084,-0.9820359281437125,-0.0718562874251497,-0.38922155688622756,0.0718562874251497,-0.6047904191616766,0.05389221556886228,-0.7425149700598802,0.03592814371257485,-0.8562874251497006,0.023952095808383235
9,0.0,0.0,0.11971830985915492,-0.24647887323943662,0.33098591549295775,-0.3591549295774648,0.5211267605633803,-0.323943661971831,0.6408450704225352,-0.23943661971830985,0.3873239436619718,-0.3591549295774648,0.6408450704225352,-0.3873239436619718,0.8098591549295775,-0.3732394366197183,0.9295774647887324,-0.352112676056338,0.4084507042253521,-0.2112676056338028,0.6901408450704225,-0.23943661971830985,0.8661971830985915,-0.2323943661971831,1.0,-0.2112676056338028,0.4154929577464789,-0.04929577464788732,0.6901408450704225,-0.07746478873239436,0.8591549295774648,-0.07746478873239436,0.9788732394366197,-0.07042253521126761,0.4084507042253521,0.11267605633802817,0.6338028169014085,0.09154929577464789,0.7676056338028169,0.09154929577464789,0.8802816901408451,0.09154929577464789
9,0.0,0.0,-0.08666666666666667,-0.17333333333333334,-0.25333333333333335,-0.24666666666666667,-0.4066666666666667,-0.26,-0.5266666666666666,-0.26,-0.34,-0.24,-0.6066666666666667,-0.26666666666666666,-0.7666666666666667,-0.2866666666666667,-0.9,-0.29333333333333333,-0.36666666666666664,-0.12666666666666668,-0.66,-0.16,-0.8466666666666667,-0.18,-1.0,-0.19333333333333333,-0.38666666666666666,-0.013333333333333334,-0.66,-0.04666666666666667,-0.84,-0.08,-0.98,-0.1,-0.3933333333333333,0.09333333333333334,-0.6133333333333333,0.06666666666666667,-0.7533333333333333,0.03333333333333333,-0.8666666666666667,0.013333333333333334
9,0.0,0.0,0.18181818181818182,-0.24793388429752067,0.4297520661157025,-0.3884297520661157,0.6528925619834711,-0.4132231404958678,0.8099173553719008,-0.38016528925619836,0.47107438016528924,-0.4462809917355372,0.8016528925619835,-0.5206611570247934,0.9586776859504132,-0.4793388429752066,1.0,-0.4297520661157025,0.4793388429752066,-0.3140495867768595,0.8099173553719008,-0.38016528925619836,0.9504132231404959,-0.34710743801652894,0.9834710743801653,-0.3305785123966942,0.47107438016528924,-0.1487603305785124,0.768595041322314,-0.2066115702479339,0.9173553719008265,-0.19834710743801653,0.9752066115702479,-0.19834710743801653,0.47107438016528924,0.04132231404958678,0.7024793388429752,0.008264462809917356,0.8264462809917356,0.0,0.9008264462809917,-0.024793388429752067
9,0.0,0.0,-0.057692307692307696,-0.1346153846153846,-0.15384615384615385,-0.23076923076923078,-0.24358974358974358,-0.2948717948717949,-0.32051282051282054,-0.34615384615384615,-0.3525641025641026,-0.21153846153846154,-0.5961538461538461,-0.25,-0.7564102564102564,-0.26282051282051283,-0.8974358974358975,-0.2692307692307692,-0.38461538461538464,-0.10897435897435898,-0.6474358974358975,-0.14102564102564102,-0.8397435897435898,-0.17307692307692307,-1.0,-0.1987179487179487,-0.391025641025641,0.0,-0.6410256410256411,-0.03205128205128205,-0.8269230769230769,-0.07051282051282051,-0.9743589743589743,-0.09615384615384616,-0.3782051282051282,0.09615384615384616,-0.5769230769230769,0.07692307692307693,-0.7243589743589743,0.05128205128205128,-0.8461538461538461,0.019230769230769232
9,0.0,0.0,0.1450381679389313,-0.2595419847328244,0.37404580152671757,-0.3969465648854962,0.5725190839694656,-0.40458015267175573,0.7022900763358778,-0.37404580152671757,0.4122137404580153,-0.4198473282442748,0.6641221374045801,-0.48854961832061067,0.8244274809160306,-0.5190839694656488,0.9465648854961832,-0.5419847328244275,0.44274809160305345,-0.2900763358778626,0.7022900763358778,-0.35877862595419846,0.8702290076335878,-0.40458015267175573,1.0,-0.4351145038167939,0.4580152671755725,-0.1297709923664122,0.7022900763358778,-0.20610687022900764,0.8625954198473282,-0.25190839694656486,0.9847328244274809,-0.29770992366412213,0.46564885496183206,0.03816793893129771,0.6564885496183206,-0.022900763358778626,0.7862595419847328,-0.06870229007633588,0.9007633587786259,-0.10687022900763359
9,0.0,0.0,0.17424242424242425,-0.22727272727272727,0.4090909090909091,-0.3409090909090909,0.5984848484848485,-0.3712121212121212,0.7348484848484849,-0.3712121212121212,0.4696969696969697,-0.3484848484848485,0.696969696969697,-0.44696969696969696,0.8333333333333334,-0.5151515151515151,0.9393939393939394,-0.5606060606060606,0.49242424242424243,-0.23484848484848486,0.7348484848484849,-0.3409090909090909,0.8863636363636364,-0.4090909090909091,1.0,-0.4772727272727273,0.48484848484848486,-0.08333333333333333,0.7272727272727273,-0.20454545454545456,0.8787878787878788,-0.2727272727272727,0.9848484848484849,-0.3409090909090909,0.4772727272727273,0.07575757575757576,0.6666666666666666,0.0,0.7878787878787878,-0.06060606060606061,0.8939393939393939,-0.11363636363636363
9,0.0,0.0,0.11188811188811189,-0.25874125874125875,0.3146853146853147,-0.3986013986013986,0.5104895104895105,-0.4125874125874126,0.6503496503496503,-0.3706293706293706,0.35664335664335667,-0.38461538461538464,0.6293706293706294,-0.44755244755244755,0.7972027972027972,-0.46853146853146854,0.9370629370629371,-0.4825174825174825,0.3916083916083916,-0.24475524475524477,0.6783216783216783,-0.32167832167832167,0.8601398601398601,-0.36363636363636365,1.0,-0.3916083916083916,0.4125874125874126,-0.09090909090909091,0.6783216783216783,-0.17482517482517482,0.8461538461538461,-0.21678321678321677,0.972027972027972,-0.25874125874125875,0.42657342657342656,0.06293706293706294,0.6433566433566433,0.0,0.7692307692307693,-0.04895104895104895,0.8741258741258742,-0.09090909090909091
9,0.0,0.0,-0.1,-0.17058823529411765,-0.28823529411764703,-0.24705882352941178,-0.45294117647058824,-0.25882352941176473,-0.5705882352941176,-0.24705882352941178,-0.34705882352941175,-0.24705882352941178,-0.5941176470588235,-0.3,-0.7529411764705882,-0.32941176470588235,-0.8823529411764706,-0.34705882352941175,-0.38235294117647056,-0.15294117647058825,-0.6647058823529411,-0.21764705882352942,-0.8470588235294118,-0.25882352941176473,-1.0,-0.3,-0.4,-0.052941176470588235,-0.6705882352941176,-0.11764705882352941,-0.8470588235294118,-0.16470588235294117,-0.9823529411764705,-0.20588235294117646,-0.40588235294117647,0.052941176470588235,-0.611764705882353,-0.0058823529411764705,-0.7470588235294118,-0.047058823529411764,-0.8647058823529412,-0.08823529411764706
9,0.0,0.0,0.10218978102189781,-0.26277372262773724,0.31386861313868614,-0.41605839416058393,0.5109489051094891,-0.44525547445255476,0.6423357664233577,-0.4233576642335766,0.38686131386861317,-0.40875912408759124,0.6496350364963503,-0.48175182481751827,0.8175182481751825,-0.5255474452554745,0.9416058394160584,-0.5474452554744526,0.4233576642335766,-0.27007299270072993,0.7007299270072993,-0.35036496350364965,0.8759124087591241,-0.40875912408759124,1.0,-0.45255474452554745,0.44525547445255476,-0.10948905109489052,0.708029197080292,-0.20437956204379562,0.8613138686131386,-0.26277372262773724,0.9708029197080292,-0.31386861313868614,0.45985401459854014,0.043795620437956206,0.6642335766423357,-0.021897810218978103,0.7956204379562044,-0.08029197080291971,0.8978102189781022,-0.13138686131386862
9,0.0,0.0,-0.10191082802547771,-0.14012738853503184,-0.27388535031847133,-0.1910828025477707,-0.43312101910828027,-0.1910828025477707,-0.5668789808917197,-0.17834394904458598,-0.37579617834394907,-0.18471337579617833,-0.6050955414012739,-0.21019108280254778,-0.7579617834394905,-0.22929936305732485,-0.8789808917197452,-0.2356687898089172,-0.40764331210191085,-0.08917197452229299,-0.6751592356687898,-0.12738853503184713,-0.8535031847133758,-0.15286624203821655,-1.0,-0.17197452229299362,-0.4267515923566879,0.01910828025477707,-0.6815286624203821,-0.025477707006369428,-0.8471337579617835,-0.05732484076433121,-0.9872611464968153,-0.08280254777070063,-0.42038216560509556,0.12738853503184713,-0.6114649681528662,0.08917197452229299,-0.7388535031847133,0.06369426751592357,-0.8535031847133758,0.03184713375796178
9,0.0,0.0,0.09655172413793103,-0.2413793103448276,0.2896551724137931,-0.3793103448275862,0.4827586206896552,-0.4,0.6206896551724138,-0.3586206896551724,0.3586206896551724,-0.35172413793103446,0.6275862068965518,-0.3931034482758621,0.8,-0.3931034482758621,0.9241379310344827,-0.38620689655172413,0.3931034482758621,-0.2,0.6758620689655173,-0.2413793103448276,0.8620689655172413,-0.25517241379310346,1.0,-0.2620689655172414,0.41379310344827586,-0.04827586206896552,0.6827586206896552,-0.0896551724137931,0.8551724137931035,-0.1103448275862069,0.9862068965517241,-0.12413793103448276,0.41379310344827586,0.09655172413793103,0.6275862068965518,0.05517241379310345,0.7724137931034483,0.020689655172413793,0.8896551724137931,0.0
9,0.0,0.0,-0.08571428571428572,-0.17142857142857143,-0.22857142857142856,-0.2571428571428571,-0.37714285714285717,-0.2571428571428571,-0.49142857142857144,-0.21714285714285714,-0.33714285714285713,-0.24571428571428572,-0.6057142857142858,-0.26285714285714284,-0.7657142857142857,-0.2742857142857143,-0.8914285714285715,-0.2742857142857143,-0.37714285714285717,-0.14285714285714285,-0.6628571428571428,-0.17142857142857143,-0.8571428571428571,-0.18857142857142858,-1.0,-0.2057142857142857,-0.3942857142857143,-0.02857142857142857,-0.6685714285714286,-0.06857142857142857,-0.8514285714285714,-0.09142857142857143,-0.9885714285714285,-0.11428571428571428,-0.4,0.07428571428571429,-0.6057142857142858,0.04,-0.7428571428571429,0.011428571428571429,-0.8571428571428571,-0.005714285714285714
9,0.0,0.0,0.12142857142857143,-0.2,0.35714285714285715,-0.30714285714285716,0.5642857142857143,-0.29285714285714287,0.7214285714285714,-0.2357142857142857,0.42857142857142855,-0.35714285714285715,0.7142857142857143,-0.36428571428571427,0.8928571428571429,-0.29285714285714287,1.0,-0.21428571428571427,0.4357142857142857,-0.2714285714285714,0.7214285714285714,-0.2857142857142857,0.8928571428571429,-0.20714285714285716,0.9857142857142858,-0.12142857142857143,0.4357142857142857,-0.14285714285714285,0.7071428571428572,-0.17142857142857143,0.8571428571428571,-0.10714285714285714,0.9428571428571428,-0.03571428571428571,0.42142857142857143,0.0,0.6428571428571429,-0.02857142857142857,0.7714285714285715,0.0,0.8642857142857143,0.04285714285714286
9,0.0,0.0,-0.06321839080459771,-0.1724137931034483,-0.16091954022988506,-0.29310344827586204,-0.20689655172413793,-0.3793103448275862,-0.2413793103448276,-0.4367816091954023,-0.3563218390804598,-0.2471264367816092,-0.6091954022988506,-0.26436781609195403,-0.764367816091954,-0.27011494252873564,-0.8908045977011494,-0.26436781609195403,-0.39080459770114945,-0.14942528735632185,-0.6609195402298851,-0.1724137931034483,-0.8505747126436781,-0.1781609195402299,-1.0,-0.1839080459770115,-0.40804597701149425,-0.04597701149425287,-0.6666666666666666,-0.07471264367816093,-0.8275862068965517,-0.09195402298850575,-0.9655172413793104,-0.09770114942528736,-0.40804597701149425,0.05747126436781609,-0.6091954022988506,0.022988505747126436,-0.735632183908046,0.005747126436781609,-0.8390804597701149,0.0
9,0.0,0.0,0.09868421052631579,-0.23026315789473684,0.2631578947368421,-0.3618421052631579,0.42105263157894735,-0.3684210526315789,0.5328947368421053,-0.34210526315789475,0.375,-0.3026315789473684,0.6578947368421053,-0.29605263157894735,0.8157894736842105,-0.27631578947368424,0.9342105263157895,-0.25,0.39473684210526316,-0.1513157894736842,0.7039473684210527,-0.15789473684210525,0.881578947368421,-0.14473684210526316,1.0,-0.13157894736842105,0.39473684210526316,-0.006578947368421052,0.6776315789473685,-0.013157894736842105,0.8486842105263158,-0.006578947368421052,0.9671052631578947,0.0,0.3815789473684211,0.125,0.5986842105263158,0.11842105263157894,0.7368421052631579,0.1118421052631579,0.8421052631578947,0.1118421052631579
9,0.0,0.0,-0.09550561797752809,-0.1853932584269663,-0.25842696629213485,-0.28651685393258425,-0.4157303370786517,-0.30337078651685395,-0.5280898876404494,-0.2808988764044944,-0.3595505617977528,-0.2640449438202247,-0.6179775280898876,-0.2696629213483146,-0.7752808988764045,-0.2640449438202247,-0.898876404494382,-0.25842696629213485,-0.39325842696629215,-0.15730337078651685,-0.6797752808988764,-0.16853932584269662,-0.8595505617977528,-0.17415730337078653,-1.0,-0.1797752808988764,-0.4101123595505618,-0.0449438202247191,-0.6797752808988764,-0.06741573033707865,-0.848314606741573,-0.07865168539325842,-0.9831460674157303,-0.0898876404494382,-0.4101123595505618,0.056179775280898875,-0.6179775280898876,0.033707865168539325,-0.7471910112359551,0.016853932584269662,-0.8595505617977528,0.0056179775280898875
9,0.0,0.0,0.09770114942528736,-0.22413793103448276,0.25287356321839083,-0.3333333333333333,0.39655172413793105,-0.3103448275862069,0.4942528735632184,-0.27011494252873564,0.3850574712643678,-0.29310344827586204,0.6494252873563219,-0.29310344827586204,0.8045977011494253,-0.27586206896551724,0.9195402298850575,-0.25287356321839083,0.41954022988505746,-0.15517241379310345,0.7011494252873564,-0.16091954022988506,0.8735632183908046,-0.16091954022988506,1.0,-0.14367816091954022,0.42528735632183906,-0.022988505747126436,0.6839080459770115,-0.028735632183908046,0.8390804597701149,-0.034482758620689655,0.9540229885057471,-0.034482758620689655,0.41379310344827586,0.09770114942528736,0.6091954022988506,0.09195402298850575,0.7298850574712644,0.08045977011494253,0.8333333333333334,0.07471264367816093
9,0.0,0.0,-0.1,-0.18125,-0.26875,-0.3,-0.45,-0.2875,-0.575,-0.2375,-0.325,-0.275,-0.59375,-0.26875,-0.75625,-0.24375,-0.8875,-0.225,-0.35625,-0.13125,-0.6625,-0.1375,-0.85625,-0.13125,-1.0,-0.13125,-0.375,0.00625,-0.65,-0.01875,-0.8375,-0.025,-0.975,-0.04375,-0.38125,0.13125,-0.59375,0.09375,-0.73125,0.075,-0.84375,0.05625
9,0.0,0.0,0.05847953216374269,-0.23391812865497075,0.1871345029239766,-0.38011695906432746,0.3391812865497076,-0.4093567251461988,0.4327485380116959,-0.42105263157894735,0.391812865497076,-0.2982456140350877,0.6666666666666666,-0.30409356725146197,0.8245614035087719,-0.28654970760233917,0.9415204678362573,-0.2631578947368421,0.4269005847953216,-0.16374269005847952,0.7076023391812866,-0.17543859649122806,0.8771929824561403,-0.1695906432748538,1.0,-0.15789473684210525,0.4327485380116959,-0.029239766081871343,0.6900584795321637,-0.04678362573099415,0.8538011695906432,-0.05847953216374269,0.9649122807017544,-0.05263157894736842,0.4152046783625731,0.0935672514619883,0.6198830409356725,0.07017543859649122,0.7426900584795322,0.05263157894736842,0.8362573099415205,0.04093567251461988
9,0.0,0.0,-0.0979020979020979,-0.1958041958041958,-0.25874125874125875,-0.34265734265734266,-0.44755244755244755,-0.35664335664335667,-0.5804195804195804,-0.32167832167832167,-0.32867132867132864,-0.3146853146853147,-0.5944055944055944,-0.3076923076923077,-0.7622377622377622,-0.2867132867132867,-0.8951048951048951,-0.26573426573426573,-0.34265734265734266,-0.16083916083916083,-0.6573426573426573,-0.16083916083916083,-0.8461538461538461,-0.16083916083916083,-1.0,-0.16083916083916083,-0.35664335664335667,-0.02097902097902098,-0.6433566433566433,-0.027972027972027972,-0.8251748251748252,-0.04195804195804196,-0.972027972027972,-0.055944055944055944,-0.36363636363636365,0.1048951048951049,-0.5734265734265734,0.09090909090909091,-0.7202797202797203,0.07692307692307693,-0.8321678321678322,0.06293706293706294
9,0.0,0.0,0.06060606060606061,-0.21818181818181817,0.19393939393939394,-0.36363636363636365,0.32727272727272727,-0.41818181818181815,0.41818181818181815,-0.45454545454545453,0.41818181818181815,-0.2727272727272727,0.6606060606060606,-0.2909090909090909,0.8181818181818182,-0.2909090909090909,0.9333333333333333,-0.2787878787878788,0.45454545454545453,-0.1393939393939394,0.7090909090909091,-0.1393939393939394,0.8727272727272727,-0.1393939393939394,1.0,-0.13333333333333333,0.45454545454545453,-0.006060606060606061,0.696969696969697,-0.012121212121212121,0.8484848484848485,-0.012121212121212121,0.9696969696969697,-0.006060606060606061,0.4303030303030303,0.10909090909090909,0.6121212121212121,0.10909090909090909,0.7272727272727273,0.10303030303030303,0.8181818181818182,0.09090909090909091
9,0.0,0.0,-0.11764705882352941,-0.21008403361344538,-0.36134453781512604,-0.3697478991596639,-0.6134453781512605,-0.3865546218487395,-0.7983193277310925,-0.35294117647058826,-0.37815126050420167,-0.42016806722689076,-0.6722689075630253,-0.42016806722689076,-0.8571428571428571,-0.40336134453781514,-1.0,-0.3697478991596639,-0.3865546218487395,-0.24369747899159663,-0.680672268907563,-0.23529411764705882,-0.8571428571428571,-0.226890756302521,-0.9831932773109243,-0.2184873949579832,-0.3865546218487395,-0.06722689075630252,-0.680672268907563,-0.07563025210084033,-0.8403361344537815,-0.09243697478991597,-0.9495798319327731,-0.09243697478991597,-0.40336134453781514,0.10084033613445378,-0.6470588235294118,0.06722689075630252,-0.7899159663865546,0.03361344537815126,-0.8907563025210085,0.01680672268907563
9,0.0,0.0,0.04819277108433735,-0.2289156626506024,0.18072289156626506,-0.43373493975903615,0.29518072289156627,-0.5602409638554217,0.37349397590361444,-0.6325301204819277,0.37349397590361444,-0.3132530120481928,0.6144578313253012,-0.3433734939759036,0.7710843373493976,-0.3313253012048193,0.8855421686746988,-0.3192771084337349,0.42168674698795183,-0.1927710843373494,0.6746987951807228,-0.2289156626506024,0.8433734939759037,-0.23493975903614459,0.9698795180722891,-0.23493975903614459,0.4578313253012048,-0.0783132530120482,0.7108433734939759,-0.10843373493975904,0.8734939759036144,-0.12650602409638553,1.0,-0.13253012048192772,0.4759036144578313,0.018072289156626505,0.6927710843373494,0.0,0.8313253012048193,-0.018072289156626505,0.9337349397590361,-0.030120481927710843
9,0.0,0.0,-0.12345679012345678,-0.32098765432098764,-0.4074074074074074,-0.6049382716049383,-0.691358024691358,-0.7530864197530864,-0.9259259259259259,-0.7283950617283951,-0.48148148148148145,-0.6172839506172839,-0.8765432098765432,-0.6666666666666666,-0.9876543209876543,-0.6296296296296297,-0.9382716049382716,-0.5679012345679012,-0.5308641975308642,-0.43209876543209874,-0.9259259259259259,-0.4691358024691358,-1.0,-0.43209876543209874,-0.9382716049382716,-0.3950617283950617,-0.5925925925925926,-0.20987654320987653,-0.9382716049382716,-0.2716049382716049,-1.0,-0.25925925925925924,-0.9506172839506173,-0.2222222222222222,-0.6296296296296297,0.0,-0.9259259259259259,-0.06172839506172839,-0.9753086419753086,-0.06172839506172839,-0.9382716049382716,-0.037037037037037035
9,0.0,0.0,0.0364963503649635,-0.25547445255474455,0.16058394160583941,-0.48905109489051096,0.21897810218978103,-0.6642335766423357,0.22627737226277372,-0.781021897810219,0.40875912408759124,-0.3722627737226277,0.635036496350365,-0.38686131386861317,0.7956204379562044,-0.38686131386861317,0.9124087591240876,-0.38686131386861317,0.45255474452554745,-0.24087591240875914,0.7007299270072993,-0.26277372262773724,0.8613138686131386,-0.2773722627737226,1.0,-0.2846715328467153,0.46715328467153283,-0.12408759124087591,0.6934306569343066,-0.15328467153284672,0.8394160583941606,-0.1678832116788321,0.9635036496350365,-0.17518248175182483,0.46715328467153283,-0.029197080291970802,0.6423357664233577,-0.06569343065693431,0.7591240875912408,-0.08029197080291971,0.8540145985401459,-0.10218978102189781
9,0.0,0.0,-0.29508196721311475,-0.26229508196721313,-0.5573770491803278,-0.5573770491803278,-0.7377049180327869,-0.6885245901639344,-0.9016393442622951,-0.6721311475409836,-0.4098360655737705,-0.7377049180327869,-0.5081967213114754,-1.0,-0.6557377049180327,-0.9016393442622951,-0.7213114754098361,-0.7540983606557377,-0.4098360655737705,-0.5901639344262295,-0.4918032786885246,-0.8032786885245902,-0.6557377049180327,-0.6721311475409836,-0.6721311475409836,-0.5409836065573771,-0.39344262295081966,-0.39344262295081966,-0.5409836065573771,-0.4262295081967213,-0.5901639344262295,-0.26229508196721313,-0.5409836065573771,-0.18032786885245902,-0.3770491803278688,-0.18032786885245902,-0.5409836065573771,-0.13114754098360656,-0.5737704918032787,-0.04918032786885246,-0.4918032786885246,0.0
9,0.0,0.0,0.007462686567164179,-0.26119402985074625,0.11194029850746269,-0.47761194029850745,0.19402985074626866,-0.6417910447761194,0.23134328358208955,-0.7611940298507462,0.41044776119402987,-0.35074626865671643,0.6417910447761194,-0.3880597014925373,0.7910447761194029,-0.39552238805970147,0.9104477611940298,-0.3880597014925373,0.4701492537313433,-0.21641791044776118,0.7089552238805971,-0.2537313432835821,0.8656716417910447,-0.27611940298507465,1.0,-0.291044776119403,0.5,-0.09701492537313433,0.7238805970149254,-0.13432835820895522,0.8805970149253731,-0.16417910447761194,1.0,-0.1865671641791045,0.4925373134328358,0.007462686567164179,0.6716417910447762,0.0,0.7835820895522388,-0.022388059701492536,0.8805970149253731,-0.03731343283582089
9,0.0,0.0,-0.08333333333333333,-0.3611111111111111,-0.3888888888888889,-0.6388888888888888,-0.75,-0.7777777777777778,-1.0,-0.8888888888888888,-0.3611111111111111,-0.6388888888888888,-0.6388888888888888,-0.6944444444444444,-0.6388888888888888,-0.6111111111111112,-0.5833333333333334,-0.5555555555555556,-0.4722222222222222,-0.3888888888888889,-0.6944444444444444,-0.3888888888888889,-0.6944444444444444,-0.3333333333333333,-0.6388888888888888,-0.3055555555555556,-0.5555555555555556,-0.1111111111111111,-0.7777777777777778,-0.1388888888888889,-0.7222222222222222,-0.08333333333333333,-0.6666666666666666,-0.05555555555555555,-0.6111111111111112,0.16666666666666666,-0.8055555555555556,0.16666666666666666,-0.7777777777777778,0.19444444444444445,-0.7222222222222222,0.19444444444444445
9,0.0,0.0,0.041379310344827586,-0.23448275862068965,0.1724137931034483,-0.45517241379310347,0.27586206896551724,-0.6068965517241379,0.3448275862068966,-0.7103448275862069,0.3931034482758621,-0.32413793103448274,0.6275862068965518,-0.3448275862068966,0.7862068965517242,-0.33793103448275863,0.9103448275862069,-0.31724137931034485,0.43448275862068964,-0.18620689655172415,0.6896551724137931,-0.20689655172413793,0.8551724137931035,-0.21379310344827587,1.0,-0.20689655172413793,0.46206896551724136,-0.05517241379310345,0.7034482758620689,-0.07586206896551724,0.8620689655172413,-0.0896551724137931,0.993103448275862,-0.10344827586206896,0.4689655172413793,0.05517241379310345,0.6758620689655173,0.041379310344827586,0.8068965517241379,0.020689655172413793,0.9172413793103448,0.0
9,0.0,0.0,0.03289473684210526,-0.23684210526315788,0.16447368421052633,-0.4144736842105263,0.3026315789473684,-0.4934210526315789,0.42105263157894735,-0.5394736842105263,0.3684210526315789,-0.2894736842105263,0.625,-0.3092105263157895,0.7763157894736842,-0.3092105263157895,0.8947368421052632,-0.29605263157894735,0.4144736842105263,-0.15789473684210525,0.6842105263157895,-0.19078947368421054,0.8552631578947368,-0.20394736842105263,0.993421052631579,-0.21052631578947367,0.4407894736842105,-0.039473684210526314,0.7039473684210527,-0.07236842105263158,0.875,-0.09210526315789473,1.0,-0.09868421052631579,0.45394736842105265,0.05921052631578947,0.6710526315789473,0.02631578947368421,0.8157894736842105,0.0,0.9276315789473685,-0.019736842105263157
9,0.0,0.0,-0.09782608695652174,-0.2717391304347826,-0.31521739130434784,-0.5108695652173914,-0.5760869565217391,-0.5652173913043478,-0.7717391304347826,-0.5217391304347826,-0.34782608695652173,-0.5217391304347826,-0.6630434782608695,-0.5434782608695652,-0.8260869565217391,-0.4891304347826087,-0.9239130434782609,-0.42391304347826086,-0.3695652173913043,-0.31521739130434784,-0.6739130434782609,-0.31521739130434784,-0.8695652173913043,-0.29347826086956524,-1.0,-0.2717391304347826,-0.391304347826087,-0.09782608695652174,-0.6630434782608695,-0.10869565217391304,-0.8369565217391305,-0.11956521739130435,-0.967391304347826,-0.13043478260869565,-0.40217391304347827,0.09782608695652174,-0.6413043478260869,0.06521739130434782,-0.782608695652174,0.05434782608695652,-0.9021739130434783,0.03260869565217391
9,0.0,0.0,0.044585987261146494,-0.24203821656050956,0.17197452229299362,-0.4012738853503185,0.3057324840764331,-0.46496815286624205,0.4012738853503185,-0.5095541401273885,0.3821656050955414,-0.2802547770700637,0.6242038216560509,-0.29936305732484075,0.7707006369426752,-0.2929936305732484,0.8789808917197452,-0.2802547770700637,0.43312101910828027,-0.15286624203821655,0.6942675159235668,-0.17197452229299362,0.8598726114649682,-0.18471337579617833,0.9872611464968153,-0.18471337579617833,0.45222929936305734,-0.025477707006369428,0.7070063694267515,-0.03821656050955414,0.8726114649681529,-0.05732484076433121,1.0,-0.06369426751592357,0.445859872611465,0.07643312101910828,0.6624203821656051,0.05732484076433121,0.802547770700637,0.03821656050955414,0.910828025477707,0.01910828025477707
9,0.0,0.0,-0.10679611650485436,-0.22330097087378642,-0.32038834951456313,-0.4077669902912621,-0.5436893203883495,-0.46601941747572817,-0.7281553398058253,-0.46601941747572817,-0.32038834951456313,-0.4563106796116505,-0.6213592233009708,-0.4854368932038835,-0.8058252427184466,-0.44660194174757284,-0.9320388349514563,-0.39805825242718446,-0.3300970873786408,-0.2912621359223301,-0.6601941747572816,-0.2912621359223301,-0.8640776699029126,-0.27184466019417475,-1.0,-0.24271844660194175,-0.3300970873786408,-0.10679611650485436,-0.6504854368932039,-0.11650485436893204,-0.8543689320388349,-0.11650485436893204,-0.9902912621359223,-0.10679611650485436,-0.34951456310679613,0.06796116504854369,-0.6116504854368932,0.05825242718446602,-0.7669902912621359,0.038834951456310676,-0.883495145631068,0.02912621359223301
9,0.0,0.0,0.07784431137724551,-0.2275449101796407,0.2275449101796407,-0.38922155688622756,0.3652694610778443,-0.4550898203592814,0.47305389221556887,-0.49101796407185627,0.38323353293413176,-0.281437125748503,0.6287425149700598,-0.30538922155688625,0.7784431137724551,-0.2874251497005988,0.8922155688622755,-0.2694610778443114,0.41916167664670656,-0.15568862275449102,0.6826347305389222,-0.17365269461077845,0.8562874251497006,-0.17365269461077845,0.9940119760479041,-0.16167664670658682,0.4311377245508982,-0.029940119760479042,0.688622754491018,-0.05389221556886228,0.8682634730538922,-0.059880239520958084,1.0,-0.059880239520958084,0.4251497005988024,0.08383233532934131,0.6467065868263473,0.059880239520958084,0.7904191616766467,0.041916167664670656,0.9101796407185628,0.029940119760479042
9,0.0,0.0,-0.13445378151260504,-0.21008403361344538,-0.35294117647058826,-0.36134453781512604,-0.5882352941176471,-0.3697478991596639,-0.7563025210084033,-0.35294117647058826,-0.36134453781512604,-0.40336134453781514,-0.6050420168067226,-0.4117647058823529,-0.773109243697479,-0.37815126050420167,-0.907563025210084,-0.3445378151260504,-0.37815126050420167,-0.23529411764705882,-0.6554621848739496,-0.23529411764705882,-0.8487394957983193,-0.21008403361344538,-1.0,-0.18487394957983194,-0.37815126050420167,-0.06722689075630252,-0.6554621848739496,-0.07563025210084033,-0.8487394957983193,-0.06722689075630252,-0.9915966386554622,-0.058823529411764705,-0.37815126050420167,0.10084033613445378,-0.6050420168067226,0.08403361344537816,-0.7647058823529411,0.058823529411764705,-0.907563025210084,0.05042016806722689
9,0.0,0.0,0.08383233532934131,-0.2215568862275449,0.23952095808383234,-0.3592814371257485,0.40119760479041916,-0.38922155688622756,0.5089820359281437,-0.40718562874251496,0.4251497005988024,-0.25748502994011974,0.6706586826347305,-0.25149700598802394,0.8203592814371258,-0.23353293413173654,0.9341317365269461,-0.2155688622754491,0.4431137724550898,-0.11976047904191617,0.7065868263473054,-0.11976047904191617,0.874251497005988,-0.11377245508982035,1.0,-0.10778443113772455,0.437125748502994,0.011976047904191617,0.688622754491018,0.0,0.844311377245509,0.0,0.9640718562874252,0.0,0.41317365269461076,0.11976047904191617,0.5988023952095808,0.11377245508982035,0.718562874251497,0.10179640718562874,0.8083832335329342,0.09580838323353294
9,0.0,0.0,-0.11851851851851852,-0.2074074074074074,-0.32592592592592595,-0.31851851851851853,-0.5259259259259259,-0.2962962962962963,-0.6666666666666666,-0.23703703703703705,-0.35555555555555557,-0.37037037037037035,-0.6222222222222222,-0.35555555555555557,-0.7925925925925926,-0.32592592592592595,-0.9259259259259259,-0.2962962962962963,-0.3851851851851852,-0.21481481481481482,-0.674074074074074,-0.2074074074074074,-0.8592592592592593,-0.2,-1.0,-0.18518518518518517,-0.4,-0.05185185185185185,-0.674074074074074,-0.06666666666666667,-0.8444444444444444,-0.07407407407407407,-0.9925925925925926,-0.08148148148148149,-0.4074074074074074,0.0962962962962963,-0.6148148148148148,0.07407407407407407,-0.7481481481481481,0.05185185185185185,-0.8666666666666667,0.02962962962962963
9,0.0,0.0,0.08433734939759036,-0.2289156626506024,0.23493975903614459,-0.35542168674698793,0.4036144578313253,-0.35542168674698793,0.5120481927710844,-0.3313253012048193,0.3855421686746988,-0.28313253012048195,0.6566265060240963,-0.27710843373493976,0.8132530120481928,-0.25301204819277107,0.927710843373494,-0.2289156626506024,0.40963855421686746,-0.14457831325301204,0.6927710843373494,-0.14457831325301204,0.8674698795180723,-0.14457831325301204,1.0,-0.12650602409638553,0.41566265060240964,0.0,0.6807228915662651,-0.024096385542168676,0.8493975903614458,-0.030120481927710843,0.9698795180722891,-0.030120481927710843,0.39156626506024095,0.12650602409638553,0.5903614457831325,0.10240963855421686,0.7168674698795181,0.08433734939759036,0.8192771084337349,0.0783132530120482
9,0.0,0.0,-0.09929078014184398,-0.19858156028368795,-0.28368794326241137,-0.3404255319148936,-0.475177304964539,-0.3900709219858156,-0.6312056737588653,-0.3971631205673759,-0.3404255319148936,-0.2907801418439716,-0.6170212765957447,-0.2978723404255319,-0.7730496453900709,-0.2765957446808511,-0.900709219858156,-0.2553191489361702,-0.36879432624113473,-0.1347517730496454,-0.6737588652482269,-0.14893617021276595,-0.8581560283687943,-0.15602836879432624,-1.0,-0.15602836879432624,-0.3829787234042553,0.0070921985815602835,-0.6666666666666666,-0.014184397163120567,-0.8439716312056738,-0.028368794326241134,-0.9787234042553191,-0.0425531914893617,-0.3971631205673759,0.1276595744680851,-0.6170212765957447,0.09929078014184398,-0.75177304964539,0.0851063829787234,-0.8723404255319149,0.07092198581560284
9,0.0,0.0,0.10759493670886076,-0.2468354430379747,0.25316455696202533,-0.3987341772151899,0.3987341772151899,-0.4430379746835443,0.4936708860759494,-0.45569620253164556,0.379746835443038,-0.31645569620253167,0.6392405063291139,-0.3227848101265823,0.7974683544303798,-0.310126582278481,0.9050632911392406,-0.2848101265822785,0.4050632911392405,-0.16455696202531644,0.6962025316455697,-0.189873417721519,0.8734177215189873,-0.189873417721519,1.0,-0.17721518987341772,0.4177215189873418,-0.0189873417721519,0.6772151898734177,-0.05063291139240506,0.8417721518987342,-0.06962025316455696,0.9620253164556962,-0.06962025316455696,0.3987341772151899,0.12025316455696203,0.6075949367088608,0.0949367088607595,0.7341772151898734,0.0759493670886076,0.8291139240506329,0.06329113924050633
9,0.0,0.0,-0.07534246575342465,-0.2054794520547945,-0.21232876712328766,-0.363013698630137,-0.3767123287671233,-0.4178082191780822,-0.5068493150684932,-0.3972602739726027,-0.3287671232876712,-0.2876712328767123,-0.5958904109589042,-0.2876712328767123,-0.7534246575342466,-0.2808219178082192,-0.8835616438356164,-0.2671232876712329,-0.363013698630137,-0.13013698630136986,-0.6575342465753424,-0.14383561643835616,-0.8493150684931506,-0.15753424657534246,-1.0,-0.17123287671232876,-0.3904109589041096,0.00684931506849315,-0.6643835616438356,-0.02054794520547945,-0.8493150684931506,-0.04794520547945205,-0.9931506849315068,-0.07534246575342465,-0.4041095890410959,0.1232876712328767,-0.6164383561643836,0.08904109589041095,-0.7602739726027398,0.06164383561643835,-0.8767123287671232,0.03424657534246575
9,0.0,0.0,0.11643835616438356,-0.23972602739726026,0.3082191780821918,-0.3698630136986301,0.4794520547945205,-0.363013698630137,0.5958904109589042,-0.2945205479452055,0.3904109589041096,-0.3493150684931507,0.678082191780822,-0.363013698630137,0.8356164383561644,-0.3493150684931507,0.9315068493150684,-0.3219178082191781,0.4178082191780822,-0.18493150684931506,0.7191780821917808,-0.2191780821917808,0.8972602739726028,-0.2191780821917808,1.0,-0.19863013698630136,0.4315068493150685,-0.0273972602739726,0.7123287671232876,-0.0684931506849315,0.8767123287671232,-0.07534246575342465,0.9794520547945206,-0.07534246575342465,0.4246575342465753,0.1232876712328767,0.6438356164383562,0.0958904109589041,0.773972602739726,0.0684931506849315,0.8698630136986302,0.0547945205479452
9,0.0,0.0,-0.050314465408805034,-0.20754716981132076,-0.1949685534591195,-0.31446540880503143,-0.3584905660377358,-0.31446540880503143,-0.4779874213836478,-0.27672955974842767,-0.31446540880503143,-0.2893081761006289,-0.5974842767295597,-0.3018867924528302,-0.7610062893081762,-0.3018867924528302,-0.8930817610062893,-0.29559748427672955,-0.3584905660377358,-0.16352201257861634,-0.660377358490566,-0.18238993710691823,-0.8553459119496856,-0.1949685534591195,-1.0,-0.2138364779874214,-0.389937106918239,-0.0440251572327044,-0.6666666666666666,-0.06918238993710692,-0.8490566037735849,-0.09433962264150944,-0.9811320754716981,-0.11320754716981132,-0.4088050314465409,0.06289308176100629,-0.610062893081761,0.031446540880503145,-0.7484276729559748,0.012578616352201259,-0.8553459119496856,-0.006289308176100629
9,0.0,0.0,0.15178571428571427,-0.30357142857142855,0.375,-0.48214285714285715,0.5892857142857143,-0.5178571428571429,0.7410714285714286,-0.48214285714285715,0.41964285714285715,-0.5,0.7767857142857143,-0.5803571428571429,0.9285714285714286,-0.5892857142857143,0.9821428571428571,-0.5803571428571429,0.44642857142857145,-0.3125,0.7946428571428571,-0.41964285714285715,0.9553571428571429,-0.4375,1.0,-0.44642857142857145,0.4642857142857143,-0.11607142857142858,0.7946428571428571,-0.23214285714285715,0.9464285714285714,-0.2767857142857143,1.0,-0.3125,0.4732142857142857,0.08928571428571429,0.7410714285714286,-0.008928571428571428,0.8660714285714286,-0.0625,0.9196428571428571,-0.10714285714285714
9,0.0,0.0,-0.04430379746835443,-0.2088607594936709,-0.17088607594936708,-0.3037974683544304,-0.310126582278481,-0.33544303797468356,-0.41139240506329117,-0.3291139240506329,-0.33544303797468356,-0.2468354430379747,-0.5949367088607594,-0.2721518987341772,-0.7531645569620253,-0.2848101265822785,-0.879746835443038,-0.27848101265822783,-0.3860759493670886,-0.13924050632911392,-0.6708860759493671,-0.16455696202531644,-0.8544303797468354,-0.18354430379746836,-1.0,-0.20253164556962025,-0.41139240506329117,-0.0379746835443038,-0.6772151898734177,-0.06962025316455696,-0.8417721518987342,-0.08860759493670886,-0.9746835443037974,-0.11392405063291139,-0.41139240506329117,0.05063291139240506,-0.6139240506329114,0.03164556962025317,-0.740506329113924,0.0189873417721519,-0.8417721518987342,0.0
9,0.0,0.0,0.17,-0.33,0.41,-0.56,0.63,-0.67,0.81,-0.7,0.44,-0.55,0.79,-0.64,0.92,-0.66,0.97,-0.69,0.46,-0.36,0.82,-0.45,0.96,-0.51,0.99,-0.56,0.47,-0.14,0.79,-0.25,0.94,-0.32,1.0,-0.39,0.48,0.08,0.72,-0.01,0.84,-0.08,0.92,-0.15
9,0.0,0.0,-0.03680981595092025,-0.2147239263803681,-0.15950920245398773,-0.34355828220858897,-0.3067484662576687,-0.3558282208588957,-0.4110429447852761,-0.3312883435582822,-0.3558282208588957,-0.3067484662576687,-0.6012269938650306,-0.32515337423312884,-0.754601226993865,-0.3312883435582822,-0.8834355828220859,-0.3312883435582822,-0.4110429447852761,-0.19631901840490798,-0.6809815950920245,-0.22699386503067484,-0.8588957055214724,-0.2392638036809816,-1.0,-0.25766871165644173,-0.43558282208588955,-0.09202453987730061,-0.6809815950920245,-0.12269938650306748,-0.8404907975460123,-0.147239263803681,-0.9693251533742331,-0.17177914110429449,-0.4294478527607362,0.006134969325153374,-0.6196319018404908,-0.024539877300613498,-0.7361963190184049,-0.04294478527607362,-0.8404907975460123,-0.06134969325153374
9,0.0,0.0,0.15,-0.375,0.4375,-0.6125,0.7,-0.625,0.9125,-0.5625,0.5,-0.7,0.975,-0.8625,1.0,-0.7125,0.875,-0.6125,0.5375,-0.4875,1.0,-0.575,0.975,-0.475,0.825,-0.45,0.5625,-0.225,0.9875,-0.3625,0.9625,-0.2875,0.825,-0.275,0.5625,0.0375,0.8875,-0.0875,0.875,-0.075,0.7875,-0.075
9,0.0,0.0,-0.025,-0.2375,-0.14375,-0.36875,-0.30625,-0.375,-0.40625,-0.3375,-0.39375,-0.34375,-0.63125,-0.38125,-0.775,-0.3875,-0.89375,-0.3875,-0.45,-0.225,-0.70625,-0.25625,-0.86875,-0.275,-1.0,-0.2875,-0.4625,-0.10625,-0.675,-0.13125,-0.8125,-0.15,-0.91875,-0.16875,-0.44375,0.0,-0.6,-0.0375,-0.7,-0.05625,-0.7875,-0.075
9,0.0,0.0,0.19480519480519481,-0.33766233766233766,0.44155844155844154,-0.5714285714285714,0.6493506493506493,-0.7532467532467533,0.7792207792207793,-0.8831168831168831,0.42857142857142855,-0.5584415584415584,0.6493506493506493,-0.7402597402597403,0.7792207792207793,-0.8831168831168831,0.8701298701298701,-1.0,0.44155844155844154,-0.4155844155844156,0.6753246753246753,-0.6103896103896104,0.8181818181818182,-0.7532467532467533,0.922077922077922,-0.8961038961038961,0.4675324675324675,-0.23376623376623376,0.7142857142857143,-0.38961038961038963,0.8311688311688312,-0.5064935064935064,0.9090909090909091,-0.6363636363636364,0.4805194805194805,-0.012987012987012988,0.7142857142857143,-0.07792207792207792,0.8181818181818182,-0.16883116883116883,0.8831168831168831,-0.2597402597402597
9,0.0,0.0,-0.043209876543209874,-0.22839506172839505,-0.17901234567901234,-0.37037037037037035,-0.345679012345679,-0.3888888888888889,-0.4691358024691358,-0.3765432098765432,-0.37037037037037035,-0.3395061728395062,-0.6172839506172839,-0.37037037037037035,-0.7654320987654321,-0.38271604938271603,-0.8888888888888888,-0.3888888888888889,-0.43209876543209874,-0.2222222222222222,-0.6975308641975309,-0.25925925925925924,-0.8703703703703703,-0.2839506172839506,-1.0,-0.30864197530864196,-0.4567901234567901,-0.1111111111111111,-0.7037037037037037,-0.15432098765432098,-0.8580246913580247,-0.18518518518518517,-0.9814814814814815,-0.21604938271604937,-0.4506172839506173,-0.012345679012345678,-0.6481481481481481,-0.05555555555555555,-0.7592592592592593,-0.08024691358024691,-0.8580246913580247,-0.1111111111111111
9,0.0,0.0,0.0975609756097561,-0.25609756097560976,0.3048780487804878,-0.47560975609756095,0.5121951219512195,-0.6097560975609756,0.6585365853658537,-0.6707317073170732,0.3048780487804878,-0.4634146341463415,0.5121951219512195,-0.6585365853658537,0.7073170731707317,-0.7560975609756098,0.8536585365853658,-0.7926829268292683,0.36585365853658536,-0.2926829268292683,0.6219512195121951,-0.45121951219512196,0.8170731707317073,-0.5365853658536586,0.9512195121951219,-0.5975609756097561,0.4268292682926829,-0.08536585365853659,0.6951219512195121,-0.21951219512195122,0.8780487804878049,-0.2804878048780488,1.0,-0.34146341463414637,0.4634146341463415,0.12195121951219512,0.6951219512195121,0.024390243902439025,0.8048780487804879,-0.024390243902439025,0.8780487804878049,-0.08536585365853659
9,0.0,0.0,-0.04938271604938271,-0.21604938271604937,-0.17901234567901234,-0.3333333333333333,-0.32098765432098764,-0.35802469135802467,-0.43209876543209874,-0.35802469135802467,-0.35185185185185186,-0.2839506172839506,-0.5987654320987654,-0.30864197530864196,-0.7530864197530864,-0.32098765432098764,-0.8765432098765432,-0.3333333333333333,-0.4012345679012346,-0.16666666666666666,-0.6790123456790124,-0.19753086419753085,-0.8580246913580247,-0.22839506172839505,-1.0,-0.25308641975308643,-0.43209876543209874,-0.05555555555555555,-0.6851851851851852,-0.09259259259259259,-0.845679012345679,-0.12345679012345678,-0.9753086419753086,-0.15432098765432098,-0.4382716049382716,0.043209876543209874,-0.6358024691358025,0.006172839506172839,-0.7592592592592593,-0.024691358024691357,-0.8641975308641975,-0.05555555555555555
9,0.0,0.0,0.07547169811320754,-0.2641509433962264,0.2641509433962264,-0.44339622641509435,0.49056603773584906,-0.46226415094339623,0.660377358490566,-0.41509433962264153,0.29245283018867924,-0.44339622641509435,0.6037735849056604,-0.5,0.8113207547169812,-0.5188679245283019,0.9622641509433962,-0.5188679245283019,0.33962264150943394,-0.24528301886792453,0.6698113207547169,-0.3018867924528302,0.8584905660377359,-0.33962264150943394,1.0,-0.3584905660377358,0.36792452830188677,-0.03773584905660377,0.6792452830188679,-0.11320754716981132,0.8490566037735849,-0.1509433962264151,0.9528301886792453,-0.1792452830188679,0.3867924528301887,0.16037735849056603,0.6415094339622641,0.08490566037735849,0.7641509433962265,0.05660377358490566,0.839622641509434,0.02830188679245283
9,0.0,0.0,-0.06748466257668712,-0.17791411042944785,-0.1901840490797546,-0.3128834355828221,-0.3374233128834356,-0.3496932515337423,-0.4539877300613497,-0.3312883435582822,-0.32515337423312884,-0.27607361963190186,-0.6012269938650306,-0.2883435582822086,-0.7607361963190185,-0.2883435582822086,-0.8895705521472392,-0.2883435582822086,-0.37423312883435583,-0.15337423312883436,-0.6748466257668712,-0.17791411042944785,-0.8588957055214724,-0.19631901840490798,-1.0,-0.2085889570552147,-0.3987730061349693,-0.03680981595092025,-0.6687116564417178,-0.06748466257668712,-0.8466257668711656,-0.09202453987730061,-0.9754601226993865,-0.11042944785276074,-0.4110429447852761,0.0736196319018405,-0.6196319018404908,0.03067484662576687,-0.754601226993865,0.006134969325153374,-0.8588957055214724,-0.018404907975460124
9,0.0,0.0,0.07092198581560284,-0.2624113475177305,0.22695035460992907,-0.425531914893617,0.41134751773049644,-0.44680851063829785,0.5390070921985816,-0.3900709219858156,0.3191489361702128,-0.40425531914893614,0.6170212765957447,-0.45390070921985815,0.7872340425531915,-0.46808510638297873,0.9148936170212766,-0.475177304964539,0.375886524822695,-0.24113475177304963,0.6879432624113475,-0.3049645390070922,0.8723404255319149,-0.3404255319148936,1.0,-0.36879432624113473,0.41134751773049644,-0.07801418439716312,0.7021276595744681,-0.15602836879432624,0.8723404255319149,-0.19858156028368795,0.9858156028368794,-0.23404255319148937,0.4326241134751773,0.07801418439716312,0.6524822695035462,0.0070921985815602835,0.7801418439716312,-0.0425531914893617,0.8865248226950354,-0.07801418439716312
9,0.0,0.0,-0.0958904109589041,-0.18493150684931506,-0.2465753424657534,-0.3219178082191781,-0.410958904109589,-0.3698630136986301,-0.5547945205479452,-0.3835616438356164,-0.3287671232876712,-0.2945205479452055,-0.6095890410958904,-0.3219178082191781,-0.773972602739726,-0.3219178082191781,-0.8972602739726028,-0.3082191780821918,-0.3561643835616438,-0.1506849315068493,-0.6643835616438356,-0.18493150684931506,-0.8561643835616438,-0.19863013698630136,-1.0,-0.21232876712328766,-0.3698630136986301,-0.0136986301369863,-0.6575342465753424,-0.0547945205479452,-0.8424657534246576,-0.0821917808219178,-0.9794520547945206,-0.1095890410958904,-0.3835616438356164,0.11643835616438356,-0.6095890410958904,0.0684931506849315,-0.7602739726027398,0.0273972602739726,-0.8767123287671232,0.0
9,0.0,0.0,0.045454545454545456,-0.24025974025974026,0.16233766233766234,-0.44155844155844154,0.2597402597402597,-0.538961038961039,0.3246753246753247,-0.6103896103896104,0.35064935064935066,-0.36363636363636365,0.6038961038961039,-0.42207792207792205,0.7597402597402597,-0.43506493506493504,0.8766233766233766,-0.43506493506493504,0.4090909090909091,-0.22727272727272727,0.6818181818181818,-0.2857142857142857,0.8571428571428571,-0.3051948051948052,1.0,-0.3116883116883117,0.44155844155844154,-0.09090909090909091,0.6948051948051948,-0.14285714285714285,0.8636363636363636,-0.16233766233766234,1.0,-0.16883116883116883,0.44155844155844154,0.03896103896103896,0.6493506493506493,-0.006493506493506494,0.7857142857142857,-0.03896103896103896,0.9025974025974026,-0.06493506493506493
9,0.0,0.0,-0.11764705882352941,-0.20588235294117646,-0.3161764705882353,-0.3161764705882353,-0.5220588235294118,-0.3088235294117647,-0.6764705882352942,-0.27941176470588236,-0.3235294117647059,-0.3602941176470588,-0.5955882352941176,-0.36764705882352944,-0.7720588235294118,-0.35294117647058826,-0.9117647058823529,-0.3235294117647059,-0.34558823529411764,-0.20588235294117646,-0.6470588235294118,-0.22794117647058823,-0.8455882352941176,-0.22794117647058823,-1.0,-0.22794117647058823,-0.3602941176470588,-0.051470588235294115,-0.6544117647058824,-0.08088235294117647,-0.8382352941176471,-0.09558823529411764,-0.9779411764705882,-0.11029411764705882,-0.375,0.09558823529411764,-0.6029411764705882,0.058823529411764705,-0.7573529411764706,0.029411764705882353,-0.875,0.0
9,0.0,0.0,0.04790419161676647,-0.2275449101796407,0.18562874251497005,-0.38922155688622756,0.32934131736526945,-0.4491017964071856,0.4311377245508982,-0.47305389221556887,0.3592814371257485,-0.31736526946107785,0.6167664670658682,-0.3532934131736527,0.7784431137724551,-0.3473053892215569,0.8982035928143712,-0.32934131736526945,0.40119760479041916,-0.19161676646706588,0.6766467065868264,-0.2215568862275449,0.8562874251497006,-0.2275449101796407,0.9880239520958084,-0.2215568862275449,0.41916167664670656,-0.059880239520958084,0.688622754491018,-0.07784431137724551,0.8622754491017964,-0.08383233532934131,1.0,-0.08383233532934131,0.41916167664670656,0.0718562874251497,0.6227544910179641,0.05389221556886228,0.7604790419161677,0.041916167664670656,0.874251497005988,0.03592814371257485
9,0.0,0.0,-0.12195121951219512,-0.21138211382113822,-0.3089430894308943,-0.4065040650406504,-0.5203252032520326,-0.4146341463414634,-0.6666666666666666,-0.3252032520325203,-0.36585365853658536,-0.3333333333333333,-0.6747967479674797,-0.2682926829268293,-0.8373983739837398,-0.2032520325203252,-0.943089430894309,-0.14634146341463414,-0.35772357723577236,-0.16260162601626016,-0.6666666666666666,-0.08943089430894309,-0.8617886178861789,-0.032520325203252036,-1.0,0.008130081300813009,-0.34959349593495936,-0.008130081300813009,-0.6422764227642277,0.04065040650406504,-0.8211382113821138,0.07317073170731707,-0.959349593495935,0.0975609756097561,-0.34146341463414637,0.12195121951219512,-0.5853658536585366,0.13821138211382114,-0.7317073170731707,0.15447154471544716,-0.8536585365853658,0.17073170731707318
9,0.0,0.0,0.06547619047619048,-0.22023809523809523,0.21428571428571427,-0.3630952380952381,0.38095238095238093,-0.4226190476190476,0.5,-0.4523809523809524,0.35714285714285715,-0.27380952380952384,0.625,-0.26785714285714285,0.7916666666666666,-0.23809523809523808,0.9226190476190477,-0.19642857142857142,0.39285714285714285,-0.1488095238095238,0.6726190476190477,-0.15476190476190477,0.8571428571428571,-0.13690476190476192,1.0,-0.10714285714285714,0.4166666666666667,-0.02976190476190476,0.6845238095238095,-0.047619047619047616,0.8511904761904762,-0.03571428571428571,0.9821428571428571,-0.005952380952380952,0.42857142857142855,0.06547619047619048,0.6488095238095238,0.05357142857142857,0.7797619047619048,0.07142857142857142,0.8809523809523809,0.09523809523809523
9,0.0,0.0,-0.112,-0.248,-0.312,-0.44,-0.52,-0.44,-0.632,-0.336,-0.392,-0.32,-0.688,-0.192,-0.84,-0.08,-0.952,0.032,-0.368,-0.12,-0.68,0.0,-0.88,0.096,-1.0,0.184,-0.352,0.04,-0.648,0.112,-0.832,0.184,-0.952,0.248,-0.344,0.152,-0.592,0.184,-0.736,0.232,-0.84,0.272
9,0.0,0.0,-0.0782608695652174,-0.2608695652173913,-0.2782608695652174,-0.48695652173913045,-0.5043478260869565,-0.5043478260869565,-0.6173913043478261,-0.391304347826087,-0.34782608695652173,-0.33043478260869563,-0.6260869565217392,-0.20869565217391303,-0.8,-0.10434782608695652,-0.9304347826086956,0.0,-0.3391304347826087,-0.12173913043478261,-0.6521739130434783,0.0,-0.8521739130434782,0.08695652173913043,-1.0,0.16521739130434782,-0.34782608695652173,0.043478260869565216,-0.6347826086956522,0.13043478260869565,-0.8434782608695652,0.20869565217391303,-1.0,0.2782608695652174,-0.3565217391304348,0.1565217391304348,-0.6173913043478261,0.20869565217391303,-0.782608695652174,0.26956521739130435,-0.9304347826086956,0.3217391304347826
9,0.0,0.0,0.017857142857142856,-0.26785714285714285,0.20535714285714285,-0.5,0.4107142857142857,-0.6071428571428571,0.5803571428571429,-0.6339285714285714,0.3482142857142857,-0.36607142857142855,0.6071428571428571,-0.44642857142857145,0.7857142857142857,-0.4732142857142857,0.9017857142857143,-0.49107142857142855,0.4107142857142857,-0.20535714285714285,0.6785714285714286,-0.26785714285714285,0.8482142857142857,-0.3125,0.9821428571428571,-0.3482142857142857,0.45535714285714285,-0.044642857142857144,0.7053571428571429,-0.09821428571428571,0.8660714285714286,-0.15178571428571427,1.0,-0.17857142857142858,0.48214285714285715,0.09821428571428571,0.7053571428571429,0.03571428571428571,0.8392857142857143,0.0,0.9464285714285714,-0.03571428571428571
9,0.0,0.0,-0.13114754098360656,-0.23770491803278687,-0.319672131147541,-0.45901639344262296,-0.5409836065573771,-0.4918032786885246,-0.680327868852459,-0.36885245901639346,-0.4016393442622951,-0.3360655737704918,-0.680327868852459,-0.23770491803278687,-0.8442622950819673,-0.11475409836065574,-0.9426229508196722,0.00819672131147541,-0.38524590163934425,-0.16393442622950818,-0.6885245901639344,-0.04918032786885246,-0.8770491803278688,0.05737704918032787,-1.0,0.16393442622950818,-0.3770491803278688,-0.01639344262295082,-0.6639344262295082,0.07377049180327869,-0.8524590163934426,0.1557377049180328,-0.9836065573770492,0.22950819672131148,-0.36065573770491804,0.11475409836065574,-0.6147540983606558,0.1721311475409836,-0.7704918032786885,0.22131147540983606,-0.8934426229508197,0.27049180327868855
9,0.0,0.0,-0.12962962962962962,-0.24074074074074073,-0.37962962962962965,-0.42592592592592593,-0.6481481481481481,-0.39814814814814814,-0.8240740740740741,-0.24074074074074073,-0.39814814814814814,-0.4722222222222222,-0.7222222222222222,-0.4074074074074074,-0.8981481481481481,-0.28703703703703703,-0.9907407407407407,-0.18518518518518517,-0.39814814814814814,-0.26851851851851855,-0.7407407407407407,-0.18518518518518517,-0.9166666666666666,-0.09259259259259259,-1.0,-0.027777777777777776,-0.37962962962962965,-0.06481481481481481,-0.7129629629629629,-0.018518518518518517,-0.8796296296296297,0.046296296296296294,-0.9629629629629629,0.08333333333333333,-0.37037037037037035,0.12037037037037036,-0.6388888888888888,0.1388888888888889,-0.75,0.16666666666666666,-0.8055555555555556,0.18518518518518517
9,0.0,0.0,-0.14772727272727273,-0.3068181818181818,-0.42045454545454547,-0.5681818181818182,-0.7386363636363636,-0.5454545454545454,-0.9545454545454546,-0.375,-0.4772727272727273,-0.6704545454545454,-0.875,-0.6590909090909091,-0.9886363636363636,-0.5340909090909091,-0.9772727272727273,-0.4431818181818182,-0.5227272727272727,-0.4431818181818182,-0.9318181818181818,-0.42045454545454547,-1.0,-0.3181818181818182,-0.9431818181818182,-0.26136363636363635,-0.5568181818181818,-0.20454545454545456,-0.9431818181818182,-0.19318181818181818,-0.9886363636363636,-0.125,-0.9431818181818182,-0.09090909090909091,-0.5795454545454546,0.045454545454545456,-0.8977272727272727,0.045454545454545456,-0.9090909090909091,0.07954545454545454,-0.8636363636363636,0.09090909090909091
9,0.0,0.0,-0.125,-0.2692307692307692,-0.34615384615384615,-0.49038461538461536,-0.5961538461538461,-0.5384615384615384,-0.7884615384615384,-0.5,-0.33653846153846156,-0.5865384615384616,-0.625,-0.7019230769230769,-0.8173076923076923,-0.6634615384615384,-0.9326923076923077,-0.6057692307692307,-0.36538461538461536,-0.4230769230769231,-0.6826923076923077,-0.49038461538461536,-0.8846153846153846,-0.47115384615384615,-1.0,-0.4519230769230769,-0.40384615384615385,-0.22115384615384615,-0.7211538461538461,-0.28846153846153844,-0.8942307692307693,-0.2980769230769231,-1.0,-0.2980769230769231,-0.4326923076923077,-0.019230769230769232,-0.6923076923076923,-0.08653846153846154,-0.8365384615384616,-0.11538461538461539,-0.9423076923076923,-0.1346153846153846
9,0.0,0.0,-0.10416666666666667,-0.28125,-0.3125,-0.5104166666666666,-0.5416666666666666,-0.6145833333333334,-0.7395833333333334,-0.6458333333333334,-0.2916666666666667,-0.5833333333333334,-0.5520833333333334,-0.6979166666666666,-0.7395833333333334,-0.7395833333333334,-0.8854166666666666,-0.7708333333333334,-0.3229166666666667,-0.40625,-0.6041666666666666,-0.5104166666666666,-0.8020833333333334,-0.5833333333333334,-0.96875,-0.6354166666666666,-0.375,-0.20833333333333334,-0.65625,-0.3333333333333333,-0.84375,-0.4166666666666667,-1.0,-0.5,-0.4270833333333333,-0.010416666666666666,-0.6666666666666666,-0.10416666666666667,-0.8125,-0.19791666666666666,-0.9375,-0.28125
9,0.0,0.0,-0.2682926829268293,0.024390243902439025,-0.5365853658536586,-0.07317073170731707,-0.7560975609756098,-0.2073170731707317,-0.9024390243902439,-0.34146341463414637,-0.45121951219512196,-0.2804878048780488,-0.6829268292682927,-0.4878048780487805,-0.8536585365853658,-0.5975609756097561,-1.0,-0.6707317073170732,-0.35365853658536583,-0.3780487804878049,-0.5975609756097561,-0.5975609756097561,-0.7804878048780488,-0.7195121951219512,-0.9634146341463414,-0.8048780487804879,-0.2804878048780488,-0.47560975609756095,-0.5121951219512195,-0.6951219512195121,-0.7073170731707317,-0.8170731707317073,-0.8780487804878049,-0.8780487804878049,-0.2073170731707317,-0.5487804878048781,-0.4024390243902439,-0.7560975609756098,-0.573170731707317,-0.8658536585365854,-0.7317073170731707,-0.926829268292683
9,0.0,0.0,-0.0056179775280898875,-0.24157303370786518,0.11235955056179775,-0.398876404494382,0.25280898876404495,-0.4606741573033708,0.34269662921348315,-0.48314606741573035,0.3707865168539326,-0.3258426966292135,0.6123595505617978,-0.39325842696629215,0.7640449438202247,-0.42134831460674155,0.8820224719101124,-0.43820224719101125,0.43258426966292135,-0.20786516853932585,0.6966292134831461,-0.28651685393258425,0.8651685393258427,-0.34269662921348315,1.0,-0.37640449438202245,0.4550561797752809,-0.0898876404494382,0.7134831460674157,-0.17415730337078653,0.8707865168539326,-0.2303370786516854,0.9887640449438202,-0.2640449438202247,0.449438202247191,0.011235955056179775,0.6292134831460674,-0.033707865168539325,0.7415730337078652,-0.07865168539325842,0.8258426966292135,-0.10674157303370786
9,0.0,0.0,-0.04819277108433735,-0.27710843373493976,-0.2289156626506024,-0.5421686746987951,-0.43373493975903615,-0.6987951807228916,-0.6265060240963856,-0.7951807228915663,-0.20481927710843373,-0.5783132530120482,-0.4939759036144578,-0.7951807228915663,-0.6987951807228916,-0.9036144578313253,-0.8674698795180723,-0.9759036144578314,-0.25301204819277107,-0.40963855421686746,-0.5662650602409639,-0.6506024096385542,-0.7951807228915663,-0.7831325301204819,-0.9879518072289156,-0.8795180722891566,-0.3253012048192771,-0.21686746987951808,-0.6265060240963856,-0.43373493975903615,-0.8433734939759037,-0.5783132530120482,-1.0,-0.6867469879518072,-0.40963855421686746,0.012048192771084338,-0.6385542168674698,-0.1566265060240964,-0.7951807228915663,-0.27710843373493976,-0.9036144578313253,-0.3855421686746988
9,0.0,0.0,0.03783783783783784,-0.24324324324324326,0.13513513513513514,-0.40540540540540543,0.23783783783783785,-0.4810810810810811,0.2918918918918919,-0.5081081081081081,0.372972972972973,-0.32972972972972975,0.6270270270270271,-0.4,0.7783783783783784,-0.42702702702702705,0.8918918918918919,-0.43783783783783786,0.42162162162162165,-0.21081081081081082,0.7027027027027027,-0.3027027027027027,0.8702702702702703,-0.3567567567567568,1.0,-0.3945945945945946,0.4486486486486487,-0.0918918918918919,0.7081081081081081,-0.1783783783783784,0.8648648648648649,-0.23783783783783785,0.9837837837837838,-0.2810810810810811,0.44324324324324327,0.021621621621621623,0.6486486486486487,-0.032432432432432434,0.7621621621621621,-0.07027027027027027,0.8486486486486486,-0.10270270270270271
9,0.0,0.0,-0.09090909090909091,-0.2727272727272727,-0.29545454545454547,-0.5340909090909091,-0.5227272727272727,-0.6931818181818182,-0.7159090909090909,-0.7840909090909091,-0.25,-0.5909090909090909,-0.5568181818181818,-0.7727272727272727,-0.7613636363636364,-0.8636363636363636,-0.9318181818181818,-0.9318181818181818,-0.2840909090909091,-0.4090909090909091,-0.5909090909090909,-0.6022727272727273,-0.8181818181818182,-0.7159090909090909,-1.0,-0.8068181818181818,-0.32954545454545453,-0.20454545454545456,-0.625,-0.38636363636363635,-0.8295454545454546,-0.5113636363636364,-1.0,-0.625,-0.38636363636363635,0.022727272727272728,-0.6136363636363636,-0.09090909090909091,-0.7613636363636364,-0.20454545454545456,-0.8863636363636364,-0.3181818181818182
9,0.0,0.0,0.05405405405405406,-0.24324324324324326,0.16756756756756758,-0.42162162162162165,0.2648648648648649,-0.5081081081081081,0.32972972972972975,-0.5621621621621622,0.3837837837837838,-0.32432432432432434,0.6486486486486487,-0.3945945945945946,0.8,-0.42162162162162165,0.918918918918919,-0.43783783783783786,0.42162162162162165,-0.20540540540540542,0.7081081081081081,-0.2918918918918919,0.8756756756756757,-0.34054054054054056,1.0,-0.3675675675675676,0.43783783783783786,-0.08108108108108109,0.7081081081081081,-0.16756756756756758,0.8702702702702703,-0.22162162162162163,0.9891891891891892,-0.2594594594594595,0.42702702702702705,0.032432432432432434,0.6378378378378379,-0.021621621621621623,0.7675675675675676,-0.06486486486486487,0.8648648648648649,-0.10270270270270271
9,0.0,0.0,-0.07766990291262135,-0.2524271844660194,-0.27184466019417475,-0.47572815533980584,-0.49514563106796117,-0.6116504854368932,-0.6796116504854369,-0.6990291262135923,-0.2524271844660194,-0.5242718446601942,-0.5436893203883495,-0.6893203883495146,-0.7475728155339806,-0.7669902912621359,-0.912621359223301,-0.8252427184466019,-0.2815533980582524,-0.36893203883495146,-0.6019417475728155,-0.5339805825242718,-0.8252427184466019,-0.6310679611650486,-1.0,-0.7087378640776699,-0.32038834951456313,-0.1941747572815534,-0.6310679611650486,-0.3300970873786408,-0.8446601941747572,-0.4368932038834951,-1.0,-0.5339805825242718,-0.36893203883495146,0.0,-0.6116504854368932,-0.08737864077669903,-0.7669902912621359,-0.17475728155339806,-0.8932038834951457,-0.27184466019417475
9,0.0,0.0,0.06779661016949153,-0.24293785310734464,0.1694915254237288,-0.4350282485875706,0.21468926553672316,-0.5536723163841808,0.21468926553672316,-0.6440677966101694,0.3672316384180791,-0.3446327683615819,0.632768361581921,-0.4180790960451977,0.7853107344632768,-0.4576271186440678,0.8983050847457628,-0.4858757062146893,0.4011299435028249,-0.22598870056497175,0.6892655367231638,-0.3050847457627119,0.864406779661017,-0.3615819209039548,1.0,-0.4067796610169492,0.4124293785310734,-0.0903954802259887,0.6949152542372882,-0.1751412429378531,0.864406779661017,-0.22033898305084745,0.9830508474576272,-0.2598870056497175,0.4124293785310734,0.03389830508474576,0.6440677966101694,-0.03389830508474576,0.7796610169491526,-0.06779661016949153,0.8813559322033898,-0.10734463276836158
9,0.0,0.0,-0.08108108108108109,-0.24324324324324326,-0.2702702702702703,-0.45045045045045046,-0.4864864864864865,-0.5585585585585585,-0.6666666666666666,-0.6126126126126126,-0.25225225225225223,-0.5135135135135135,-0.5585585585585585,-0.6576576576576577,-0.7567567567567568,-0.7207207207207207,-0.9279279279279279,-0.7657657657657657,-0.2702702702702703,-0.36936936936936937,-0.6036036036036037,-0.5135135135135135,-0.8288288288288288,-0.5945945945945946,-1.0,-0.6486486486486487,-0.2972972972972973,-0.1981981981981982,-0.6126126126126126,-0.32432432432432434,-0.8288288288288288,-0.4144144144144144,-0.990990990990991,-0.4954954954954955,-0.34234234234234234,-0.009009009009009009,-0.5855855855855856,-0.0990990990990991,-0.7387387387387387,-0.17117117117117117,-0.8738738738738738,-0.25225225225225223
9,0.0,0.0,0.06432748538011696,-0.24561403508771928,0.18128654970760233,-0.4444444444444444,0.2807017543859649,-0.543859649122807,0.3567251461988304,-0.6023391812865497,0.3567251461988304,-0.3508771929824561,0.6198830409356725,-0.4152046783625731,0.7777777777777778,-0.4444444444444444,0.9005847953216374,-0.47368421052631576,0.38596491228070173,-0.21637426900584794,0.6783625730994152,-0.28654970760233917,0.8596491228070176,-0.3391812865497076,1.0,-0.38596491228070173,0.39766081871345027,-0.07602339181286549,0.6783625730994152,-0.14619883040935672,0.8538011695906432,-0.19883040935672514,0.9883040935672515,-0.23976608187134502,0.39766081871345027,0.05263157894736842,0.6140350877192983,0.0,0.7543859649122807,-0.04093567251461988,0.8654970760233918,-0.07602339181286549
9,0.0,0.0,-0.072,-0.208,-0.264,-0.4,-0.464,-0.504,-0.64,-0.544,-0.264,-0.456,-0.552,-0.576,-0.744,-0.624,-0.904,-0.656,-0.28,-0.328,-0.6,-0.44,-0.824,-0.504,-1.0,-0.544,-0.304,-0.168,-0.608,-0.28,-0.816,-0.344,-0.984,-0.392,-0.344,0.008,-0.568,-0.08,-0.72,-0.144,-0.848,-0.208
9,0.0,0.0,0.11510791366906475,-0.2805755395683453,0.302158273381295,-0.4892086330935252,0.4892086330935252,-0.5827338129496403,0.6330935251798561,-0.5899280575539568,0.34532374100719426,-0.4460431654676259,0.6906474820143885,-0.5251798561151079,0.8633093525179856,-0.539568345323741,0.9640287769784173,-0.5467625899280576,0.37410071942446044,-0.2733812949640288,0.7338129496402878,-0.3669064748201439,0.9136690647482014,-0.41007194244604317,1.0,-0.4316546762589928,0.39568345323741005,-0.08633093525179857,0.7266187050359713,-0.19424460431654678,0.8992805755395683,-0.23741007194244604,0.9928057553956835,-0.26618705035971224,0.41007194244604317,0.08633093525179857,0.6690647482014388,0.014388489208633094,0.8129496402877698,-0.03597122302158273,0.920863309352518,-0.06474820143884892
9,0.0,0.0,-0.07453416149068323,-0.21739130434782608,-0.20496894409937888,-0.37267080745341613,-0.34782608695652173,-0.4658385093167702,-0.4782608695652174,-0.5093167701863354,-0.2857142857142857,-0.33540372670807456,-0.5652173913043478,-0.39751552795031053,-0.7453416149068323,-0.42857142857142855,-0.8881987577639752,-0.4409937888198758,-0.32298136645962733,-0.2111801242236025,-0.6273291925465838,-0.2732919254658385,-0.8385093167701864,-0.3167701863354037,-1.0,-0.35403726708074534,-0.36024844720496896,-0.07453416149068323,-0.6459627329192547,-0.13664596273291926,-0.8385093167701864,-0.18012422360248448,-0.9875776397515528,-0.2236024844720497,-0.38509316770186336,0.049689440993788817,-0.6024844720496895,0.0,-0.7515527950310559,-0.043478260869565216,-0.8757763975155279,-0.08695652173913043
9,0.0,0.0,0.16494845360824742,-0.3917525773195876,0.4536082474226804,-0.6597938144329897,0.7216494845360825,-0.7835051546391752,0.9175257731958762,-0.8247422680412371,0.4639175257731959,-0.6391752577319587,0.9072164948453608,-0.8144329896907216,1.0,-0.7525773195876289,0.9278350515463918,-0.7216494845360825,0.4536082474226804,-0.422680412371134,0.8865979381443299,-0.5773195876288659,0.979381443298969,-0.5773195876288659,0.9175257731958762,-0.5773195876288659,0.4536082474226804,-0.16494845360824742,0.8350515463917526,-0.31958762886597936,0.979381443298969,-0.3711340206185567,0.9896907216494846,-0.4329896907216495,0.4536082474226804,0.09278350515463918,0.7835051546391752,-0.010309278350515464,0.9278350515463918,-0.07216494845360824,1.0,-0.14432989690721648
9,0.0,0.0,-0.023391812865497075,-0.21637426900584794,-0.12280701754385964,-0.3684210526315789,-0.24561403508771928,-0.43859649122807015,-0.3333333333333333,-0.5029239766081871,-0.2982456140350877,-0.3333333333333333,-0.5789473684210527,-0.38596491228070173,-0.7543859649122807,-0.4093567251461988,-0.8888888888888888,-0.4152046783625731,-0.34502923976608185,-0.21637426900584794,-0.6432748538011696,-0.27485380116959063,-0.8421052631578947,-0.3157894736842105,-1.0,-0.3508771929824561,-0.3684210526315789,-0.09941520467836257,-0.6491228070175439,-0.15204678362573099,-0.8362573099415205,-0.19298245614035087,-0.9824561403508771,-0.23976608187134502,-0.38011695906432746,0.023391812865497075,-0.5847953216374269,-0.023391812865497075,-0.7192982456140351,-0.06432748538011696,-0.8304093567251462,-0.09941520467836257
9,0.0,0.0,0.11764705882352941,-0.3235294117647059,0.3235294117647059,-0.5882352941176471,0.5,-0.7843137254901961,0.6078431372549019,-0.9215686274509803,0.3137254901960784,-0.5196078431372549,0.5098039215686274,-0.7352941176470589,0.5980392156862745,-0.8725490196078431,0.6568627450980392,-1.0,0.3137254901960784,-0.3627450980392157,0.5098039215686274,-0.5882352941176471,0.6078431372549019,-0.7352941176470589,0.6666666666666666,-0.8823529411764706,0.3431372549019608,-0.17647058823529413,0.5294117647058824,-0.37254901960784315,0.6274509803921569,-0.5098039215686274,0.6764705882352942,-0.6470588235294118,0.39215686274509803,0.0196078431372549,0.5392156862745098,-0.10784313725490197,0.6176470588235294,-0.19607843137254902,0.6666666666666666,-0.27450980392156865
9,0.0,0.0,-0.0425531914893617,-0.20212765957446807,-0.1595744680851064,-0.35638297872340424,-0.2712765957446808,-0.4574468085106383,-0.3351063829787234,-0.526595744680851,-0.3351063829787234,-0.31382978723404253,-0.5957446808510638,-0.34574468085106386,-0.7659574468085106,-0.35638297872340424,-0.898936170212766,-0.35638297872340424,-0.3723404255319149,-0.20212765957446807,-0.6595744680851063,-0.2393617021276596,-0.8457446808510638,-0.26063829787234044,-1.0,-0.28191489361702127,-0.39361702127659576,-0.0851063829787234,-0.648936170212766,-0.12234042553191489,-0.8297872340425532,-0.14893617021276595,-0.973404255319149,-0.1702127659574468,-0.39893617021276595,0.026595744680851064,-0.5957446808510638,-0.015957446808510637,-0.7340425531914894,-0.047872340425531915,-0.8457446808510638,-0.06914893617021277
9,0.0,0.0,0.1232876712328767,-0.3424657534246575,0.3013698630136986,-0.6164383561643836,0.4246575342465753,-0.821917808219178,0.5068493150684932,-0.9178082191780822,0.5205479452054794,-0.6575342465753424,0.6986301369863014,-0.8904109589041096,0.589041095890411,-0.958904109589041,0.4383561643835616,-1.0,0.5068493150684932,-0.4383561643835616,0.6575342465753424,-0.589041095890411,0.4931506849315068,-0.684931506849315,0.3013698630136986,-0.7397260273972602,0.4794520547945205,-0.1780821917808219,0.6027397260273972,-0.2328767123287671,0.4520547945205479,-0.3287671232876712,0.2602739726027397,-0.4246575342465753,0.4520547945205479,0.1095890410958904,0.547945205479452,0.1095890410958904,0.4657534246575342,0.0273972602739726,0.3561643835616438,-0.0547945205479452
9,0.0,0.0,-0.02717391304347826,-0.22826086956521738,-0.125,-0.3858695652173913,-0.24456521739130435,-0.44565217391304346,-0.32608695652173914,-0.47282608695652173,-0.41847826086956524,-0.3423913043478261,-0.6521739130434783,-0.3641304347826087,-0.7880434782608695,-0.3641304347826087,-0.8967391304347826,-0.358695652173913,-0.47282608695652173,-0.2391304347826087,-0.717391304347826,-0.2608695652173913,-0.875,-0.2608695652173913,-1.0,-0.266304347826087,-0.4945652173913043,-0.125,-0.7065217391304348,-0.14673913043478262,-0.8315217391304348,-0.16304347826086957,-0.9456521739130435,-0.16847826086956522,-0.483695652173913,-0.016304347826086956,-0.6521739130434783,-0.04891304347826087,-0.7554347826086957,-0.06521739130434782,-0.8532608695652174,-0.07065217391304347
9,0.0,0.0,-0.060109289617486336,-0.22950819672131148,-0.19672131147540983,-0.37158469945355194,-0.33879781420765026,-0.39344262295081966,-0.4426229508196721,-0.36065573770491804,-0.4371584699453552,-0.366120218579235,-0.6502732240437158,-0.366120218579235,-0.7923497267759563,-0.3551912568306011,-0.907103825136612,-0.3333333333333333,-0.4918032786885246,-0.26229508196721313,-0.726775956284153,-0.26229508196721313,-0.8743169398907104,-0.2568306010928962,-1.0,-0.2459016393442623,-0.5191256830601093,-0.14207650273224043,-0.7158469945355191,-0.14754098360655737,-0.8360655737704918,-0.14754098360655737,-0.9344262295081968,-0.14207650273224043,-0.5136612021857924,-0.01639344262295082,-0.6775956284153005,-0.03825136612021858,-0.7759562841530054,-0.04918032786885246,-0.8633879781420765,-0.04918032786885246
9,0.0,0.0,0.043478260869565216,-0.34782608695652173,0.09565217391304348,-0.6521739130434783,0.09565217391304348,-0.8608695652173913,0.05217391304347826,-1.0,0.41739130434782606,-0.6434782608695652,0.3826086956521739,-0.7217391304347827,0.23478260869565218,-0.6956521739130435,0.12173913043478261,-0.6695652173913044,0.4608695652173913,-0.45217391304347826,0.2956521739130435,-0.46956521739130436,0.11304347826086956,-0.4782608695652174,-0.017391304347826087,-0.48695652173913045,0.4434782608695652,-0.24347826086956523,0.2782608695652174,-0.26956521739130435,0.10434782608695652,-0.30434782608695654,-0.02608695652173913,-0.33043478260869563,0.4,-0.043478260869565216,0.28695652173913044,-0.08695652173913043,0.1826086956521739,-0.13043478260869565,0.11304347826086956,-0.16521739130434782
9,0.0,0.0,-0.01675977653631285,-0.24581005586592178,-0.1452513966480447,-0.39664804469273746,-0.3128491620111732,-0.39664804469273746,-0.4245810055865922,-0.36312849162011174,-0.43575418994413406,-0.36312849162011174,-0.659217877094972,-0.37988826815642457,-0.7932960893854749,-0.3743016759776536,-0.8994413407821229,-0.3687150837988827,-0.5027932960893855,-0.24022346368715083,-0.7374301675977654,-0.2681564245810056,-0.88268156424581,-0.27932960893854747,-1.0,-0.2849162011173184,-0.5251396648044693,-0.12290502793296089,-0.7374301675977654,-0.15083798882681565,-0.8547486033519553,-0.16759776536312848,-0.9553072625698324,-0.17318435754189945,-0.5139664804469274,-0.00558659217877095,-0.6815642458100558,-0.0446927374301676,-0.7821229050279329,-0.0670391061452514,-0.8715083798882681,-0.0782122905027933
9,0.0,0.0,0.23170731707317074,-0.36585365853658536,0.5365853658536586,-0.573170731707317,0.8170731707317073,-0.6097560975609756,1.0,-0.524390243902439,0.5,-0.6341463414634146,0.8048780487804879,-0.7804878048780488,0.8658536585365854,-0.6463414634146342,0.7682926829268293,-0.5365853658536586,0.5,-0.4268292682926829,0.8048780487804879,-0.45121951219512196,0.8658536585365854,-0.32926829268292684,0.7804878048780488,-0.2682926829268293,0.4878048780487805,-0.17073170731707318,0.8048780487804879,-0.13414634146341464,0.8414634146341463,-0.04878048780487805,0.7560975609756098,-0.024390243902439025,0.47560975609756095,0.0975609756097561,0.7439024390243902,0.14634146341463414,0.7682926829268293,0.18292682926829268,0.7073170731707317,0.17073170731707318
9,0.0,0.0,-0.031413612565445025,-0.21465968586387435,-0.15706806282722513,-0.35602094240837695,-0.3193717277486911,-0.3612565445026178,-0.42408376963350786,-0.32460732984293195,-0.39267015706806285,-0.3193717277486911,-0.6387434554973822,-0.3298429319371728,-0.7801047120418848,-0.3298429319371728,-0.8900523560209425,-0.3298429319371728,-0.44502617801047123,-0.2094240837696335,-0.7120418848167539,-0.23036649214659685,-0.8743455497382199,-0.24083769633507854,-1.0,-0.2513089005235602,-0.4607329842931937,-0.09424083769633508,-0.7015706806282722,-0.1256544502617801,-0.8481675392670157,-0.1518324607329843,-0.9685863874345549,-0.16753926701570682,-0.44502617801047123,0.020942408376963352,-0.6335078534031413,-0.015706806282722512,-0.743455497382199,-0.03664921465968586,-0.837696335078534,-0.05759162303664921
9,0.0,0.0,0.1308411214953271,-0.2803738317757009,0.37383177570093457,-0.4392523364485981,0.616822429906542,-0.4392523364485981,0.7850467289719626,-0.32710280373831774,0.38317757009345793,-0.45794392523364486,0.6915887850467289,-0.4953271028037383,0.897196261682243,-0.4392523364485981,1.0,-0.34579439252336447,0.40186915887850466,-0.2336448598130841,0.7570093457943925,-0.2336448598130841,0.9252336448598131,-0.19626168224299065,0.9906542056074766,-0.14953271028037382,0.411214953271028,0.018691588785046728,0.7663551401869159,0.009345794392523364,0.9065420560747663,0.018691588785046728,0.9439252336448598,0.037383177570093455,0.411214953271028,0.2616822429906542,0.7102803738317757,0.2336448598130841,0.8317757009345794,0.21495327102803738,0.8785046728971962,0.21495327102803738
9,0.0,0.0,-0.05128205128205128,-0.20512820512820512,-0.17435897435897435,-0.3487179487179487,-0.31794871794871793,-0.38974358974358975,-0.4205128205128205,-0.4,-0.3333333333333333,-0.2923076923076923,-0.6,-0.30256410256410254,-0.7589743589743589,-0.30256410256410254,-0.8871794871794871,-0.30256410256410254,-0.37948717948717947,-0.18461538461538463,-0.6666666666666666,-0.2,-0.8512820512820513,-0.21025641025641026,-1.0,-0.2205128205128205,-0.4,-0.07692307692307693,-0.6615384615384615,-0.10256410256410256,-0.8307692307692308,-0.12307692307692308,-0.9641025641025641,-0.13846153846153847,-0.4,0.020512820512820513,-0.6051282051282051,-0.010256410256410256,-0.7282051282051282,-0.02564102564102564,-0.8358974358974359,-0.041025641025641026
9,0.0,0.0,0.11971830985915492,-0.23943661971830985,0.3380281690140845,-0.3732394366197183,0.5422535211267606,-0.352112676056338,0.676056338028169,-0.28169014084507044,0.352112676056338,-0.3732394366197183,0.6126760563380281,-0.4014084507042254,0.7887323943661971,-0.38028169014084506,0.9225352112676056,-0.3591549295774648,0.3732394366197183,-0.18309859154929578,0.6619718309859155,-0.20422535211267606,0.852112676056338,-0.19718309859154928,1.0,-0.19014084507042253,0.3873239436619718,0.007042253521126761,0.6690140845070423,-0.014084507042253521,0.852112676056338,-0.014084507042253521,0.9859154929577465,-0.014084507042253521,0.3873239436619718,0.18309859154929578,0.6267605633802817,0.15492957746478872,0.7676056338028169,0.14084507042253522,0.8873239436619719,0.1267605633802817
9,0.0,0.0,-0.08,-0.19,-0.22,-0.325,-0.35,-0.395,-0.435,-0.445,-0.34,-0.28,-0.61,-0.285,-0.77,-0.275,-0.9,-0.265,-0.37,-0.17,-0.665,-0.175,-0.855,-0.18,-1.0,-0.185,-0.38,-0.055,-0.655,-0.07,-0.84,-0.08,-0.98,-0.085,-0.38,0.05,-0.59,0.025,-0.73,0.01,-0.845,0.0
9,0.0,0.0,0.09815950920245399,-0.2331288343558282,0.3006134969325153,-0.3619631901840491,0.49079754601226994,-0.3496932515337423,0.6257668711656442,-0.2822085889570552,0.31901840490797545,-0.34355828220858897,0.6012269938650306,-0.3803680981595092,0.7852760736196319,-0.38650306748466257,0.9202453987730062,-0.3803680981595092,0.34355828220858897,-0.17791411042944785,0.656441717791411,-0.2147239263803681,0.852760736196319,-0.2331288343558282,1.0,-0.2392638036809816,0.3619631901840491,0.0,0.6687116564417178,-0.049079754601226995,0.8588957055214724,-0.0736196319018405,1.0,-0.09815950920245399,0.3803680981595092,0.15337423312883436,0.6257668711656442,0.1165644171779141,0.7852760736196319,0.08588957055214724,0.9141104294478528,0.06134969325153374
9,0.0,0.0,-0.08602150537634409,-0.1989247311827957,-0.23655913978494625,-0.3118279569892473,-0.3978494623655914,-0.3064516129032258,-0.510752688172043,-0.26881720430107525,-0.3279569892473118,-0.3010752688172043,-0.6021505376344086,-0.3118279569892473,-0.7688172043010753,-0.3064516129032258,-0.8978494623655914,-0.2903225806451613,-0.3602150537634409,-0.1827956989247312,-0.6612903225806451,-0.20430107526881722,-0.8548387096774194,-0.20430107526881722,-1.0,-0.1989247311827957,-0.3763440860215054,-0.06451612903225806,-0.6612903225806451,-0.0913978494623656,-0.8440860215053764,-0.0967741935483871,-0.978494623655914,-0.10752688172043011,-0.3817204301075269,0.053763440860215055,-0.6021505376344086,0.021505376344086023,-0.7419354838709677,0.010752688172043012,-0.8494623655913979,0.0
9,0.0,0.0,0.10857142857142857,-0.2342857142857143,0.2914285714285714,-0.3657142857142857,0.4685714285714286,-0.36,0.5828571428571429,-0.29714285714285715,0.35428571428571426,-0.36,0.6171428571428571,-0.3942857142857143,0.7942857142857143,-0.4057142857142857,0.92,-0.4057142857142857,0.38857142857142857,-0.21142857142857144,0.6742857142857143,-0.26285714285714284,0.8571428571428571,-0.28,1.0,-0.2914285714285714,0.4114285714285714,-0.05142857142857143,0.6914285714285714,-0.10857142857142857,0.8685714285714285,-0.13142857142857142,0.9942857142857143,-0.14857142857142858,0.4228571428571429,0.10285714285714286,0.6457142857142857,0.06857142857142857,0.7828571428571428,0.03428571428571429,0.8857142857142857,0.0
9,0.0,0.0,-0.09782608695652174,-0.19021739130434784,-0.2717391304347826,-0.31521739130434784,-0.4673913043478261,-0.33152173913043476,-0.6032608695652174,-0.30978260869565216,-0.32608695652173914,-0.33695652173913043,-0.6032608695652174,-0.3695652173913043,-0.7717391304347826,-0.375,-0.907608695652174,-0.3641304347826087,-0.34782608695652173,-0.22826086956521738,-0.657608695652174,-0.266304347826087,-0.8532608695652174,-0.2826086956521739,-1.0,-0.2826086956521739,-0.3695652173913043,-0.10869565217391304,-0.6521739130434783,-0.15217391304347827,-0.8369565217391305,-0.16847826086956522,-0.9728260869565217,-0.18478260869565216,-0.3804347826086957,0.010869565217391304,-0.6032608695652174,-0.02717391304347826,-0.7445652173913043,-0.05434782608695652,-0.8532608695652174,-0.07065217391304347
9,0.0,0.0,0.13609467455621302,-0.23076923076923078,0.34911242603550297,-0.3668639053254438,0.5325443786982249,-0.378698224852071,0.6627218934911243,-0.35502958579881655,0.3905325443786982,-0.35502958579881655,0.6390532544378699,-0.41420118343195267,0.8047337278106509,-0.4378698224852071,0.9289940828402367,-0.44970414201183434,0.41420118343195267,-0.23076923076923078,0.6804733727810651,-0.2958579881656805,0.8579881656804734,-0.33136094674556216,1.0,-0.35502958579881655,0.42011834319526625,-0.08875739644970414,0.6745562130177515,-0.14201183431952663,0.8520710059171598,-0.17159763313609466,0.9881656804733728,-0.1893491124260355,0.41420118343195267,0.0650887573964497,0.6094674556213018,0.03550295857988166,0.7396449704142012,0.011834319526627219,0.8520710059171598,-0.005917159763313609
9,0.0,0.0,-0.0989010989010989,-0.1813186813186813,-0.29120879120879123,-0.3076923076923077,-0.4725274725274725,-0.35714285714285715,-0.6153846153846154,-0.3626373626373626,-0.34065934065934067,-0.34065934065934067,-0.6043956043956044,-0.4065934065934066,-0.7692307692307693,-0.42857142857142855,-0.9010989010989011,-0.43956043956043955,-0.3791208791208791,-0.23626373626373626,-0.6648351648351648,-0.3076923076923077,-0.8516483516483516,-0.34615384615384615,-1.0,-0.37362637362637363,-0.4065934065934066,-0.12087912087912088,-0.6813186813186813,-0.19230769230769232,-0.8571428571428571,-0.23626373626373626,-0.9945054945054945,-0.2692307692307692,-0.42857142857142855,0.005494505494505495,-0.6373626373626373,-0.06043956043956044,-0.7747252747252747,-0.10989010989010989,-0.8846153846153846,-0.14285714285714285
9,0.0,0.0,0.11173184357541899,-0.21787709497206703,0.3128491620111732,-0.33519553072625696,0.4972067039106145,-0.329608938547486,0.6256983240223464,-0.27932960893854747,0.3463687150837989,-0.31843575418994413,0.6368715083798883,-0.3575418994413408,0.8100558659217877,-0.3687150837988827,0.9385474860335196,-0.3743016759776536,0.36312849162011174,-0.18435754189944134,0.6815642458100558,-0.24022346368715083,0.8659217877094972,-0.2681564245810056,1.0,-0.2905027932960894,0.37988826815642457,-0.0335195530726257,0.6815642458100558,-0.11173184357541899,0.8603351955307262,-0.1452513966480447,0.9832402234636871,-0.17318435754189945,0.39106145251396646,0.10614525139664804,0.6201117318435754,0.05027932960893855,0.7597765363128491,0.0111731843575419,0.8715083798882681,-0.01675977653631285
9,0.0,0.0,-0.06741573033707865,-0.1853932584269663,-0.20786516853932585,-0.30337078651685395,-0.3595505617977528,-0.3539325842696629,-0.47752808988764045,-0.34831460674157305,-0.3089887640449438,-0.3258426966292135,-0.5898876404494382,-0.4044943820224719,-0.7528089887640449,-0.4438202247191011,-0.8764044943820225,-0.47752808988764045,-0.34831460674157305,-0.23595505617977527,-0.6573033707865169,-0.3202247191011236,-0.8539325842696629,-0.3707865168539326,-1.0,-0.4157303370786517,-0.37640449438202245,-0.11797752808988764,-0.6685393258426966,-0.20786516853932585,-0.8539325842696629,-0.25842696629213485,-0.9943820224719101,-0.3089887640449438,-0.38764044943820225,0.0056179775280898875,-0.6067415730337079,-0.06741573033707865,-0.7528089887640449,-0.11797752808988764,-0.8651685393258427,-0.16292134831460675
9,0.0,0.0,0.08900523560209424,-0.225130890052356,0.2670157068062827,-0.33507853403141363,0.4293193717277487,-0.33507853403141363,0.5392670157068062,-0.3089005235602094,0.387434554973822,-0.29842931937172773,0.6649214659685864,-0.3298429319371728,0.8219895287958116,-0.3403141361256545,0.93717277486911,-0.34554973821989526,0.42408376963350786,-0.17801047120418848,0.7120418848167539,-0.225130890052356,0.8795811518324608,-0.2513089005235602,1.0,-0.2670157068062827,0.4397905759162304,-0.05235602094240838,0.7068062827225131,-0.09947643979057591,0.8691099476439791,-0.13612565445026178,0.9895287958115183,-0.16230366492146597,0.43455497382198954,0.06806282722513089,0.643979057591623,0.041884816753926704,0.774869109947644,0.020942408376963352,0.8795811518324608,0.005235602094240838
9,0.0,0.0,-0.060240963855421686,-0.21084337349397592,-0.18072289156626506,-0.3674698795180723,-0.26506024096385544,-0.4759036144578313,-0.3132530120481928,-0.5421686746987951,-0.3132530120481928,-0.3795180722891566,-0.5903614457831325,-0.46987951807228917,-0.7530120481927711,-0.5120481927710844,-0.8855421686746988,-0.5481927710843374,-0.3493975903614458,-0.27710843373493976,-0.6566265060240963,-0.37349397590361444,-0.8493975903614458,-0.43373493975903615,-1.0,-0.4879518072289157,-0.37349397590361444,-0.15060240963855423,-0.6686746987951807,-0.24096385542168675,-0.8493975903614458,-0.3072289156626506,-0.9939759036144579,-0.3614457831325301,-0.3855421686746988,-0.012048192771084338,-0.608433734939759,-0.09036144578313253,-0.7530120481927711,-0.14457831325301204,-0.8734939759036144,-0.1927710843373494
9,0.0,0.0,0.0975609756097561,-0.2097560975609756,0.2682926829268293,-0.3024390243902439,0.4292682926829268,-0.3024390243902439,0.5317073170731708,-0.2682926829268293,0.40487804878048783,-0.28292682926829266,0.6585365853658537,-0.3073170731707317,0.8048780487804879,-0.3170731707317073,0.9121951219512195,-0.3170731707317073,0.43902439024390244,-0.17560975609756097,0.7121951219512195,-0.2097560975609756,0.8780487804878049,-0.22926829268292684,1.0,-0.23902439024390243,0.44878048780487806,-0.06341463414634146,0.7073170731707317,-0.0975609756097561,0.8634146341463415,-0.11707317073170732,0.9804878048780488,-0.13170731707317074,0.4292682926829268,0.04878048780487805,0.6341463414634146,0.02926829268292683,0.7560975609756098,0.004878048780487805,0.8536585365853658,-0.014634146341463415
9,0.0,0.0,-0.087248322147651,-0.21476510067114093,-0.28187919463087246,-0.38926174496644295,-0.47651006711409394,-0.47651006711409394,-0.6442953020134228,-0.5234899328859061,-0.30201342281879195,-0.4429530201342282,-0.5771812080536913,-0.5436241610738255,-0.7651006711409396,-0.5906040268456376,-0.9194630872483222,-0.6241610738255033,-0.31543624161073824,-0.33557046979865773,-0.6241610738255033,-0.436241610738255,-0.8322147651006712,-0.4966442953020134,-1.0,-0.5436241610738255,-0.33557046979865773,-0.20134228187919462,-0.6241610738255033,-0.3087248322147651,-0.825503355704698,-0.3691275167785235,-0.9798657718120806,-0.4228187919463087,-0.35570469798657717,-0.04697986577181208,-0.5771812080536913,-0.12751677852348994,-0.7315436241610739,-0.19463087248322147,-0.8523489932885906,-0.2550335570469799
9,0.0,0.0,0.10891089108910891,-0.20297029702970298,0.27722772277227725,-0.2871287128712871,0.4207920792079208,-0.2871287128712871,0.5148514851485149,-0.2623762376237624,0.4158415841584158,-0.25742574257425743,0.6633663366336634,-0.28217821782178215,0.801980198019802,-0.28217821782178215,0.905940594059406,-0.2722772277227723,0.45544554455445546,-0.1485148514851485,0.7227722772277227,-0.1782178217821782,0.8811881188118812,-0.19306930693069307,1.0,-0.19306930693069307,0.46534653465346537,-0.0297029702970297,0.7178217821782178,-0.06930693069306931,0.8613861386138614,-0.09405940594059406,0.9702970297029703,-0.10396039603960396,0.44554455445544555,0.07425742574257425,0.6386138613861386,0.04455445544554455,0.7475247524752475,0.019801980198019802,0.8366336633663366,0.0049504950495049506
9,0.0,0.0,0.07575757575757576,-0.23232323232323232,0.2222222222222222,-0.3434343434343434,0.35353535353535354,-0.36363636363636365,0.4292929292929293,-0.36363636363636365,0.41414141414141414,-0.2727272727272727,0.6464646464646465,-0.30303030303030304,0.7878787878787878,-0.32323232323232326,0.8939393939393939,-0.3383838383838384,0.45454545454545453,-0.14646464646464646,0.7121212121212122,-0.20707070707070707,0.8737373737373737,-0.25252525252525254,1.0,-0.29292929292929293,0.4595959595959596,-0.03535353535353535,0.7070707070707071,-0.09595959595959595,0.8585858585858586,-0.13636363636363635,0.9696969696969697,-0.17676767676767677,0.4393939393939394,0.06060606060606061,0.6212121212121212,0.030303030303030304,0.7272727272727273,0.0,0.8181818181818182,-0.030303030303030304
9,0.0,0.0,0.05113636363636364,-0.2215909090909091,0.14204545454545456,-0.38636363636363635,0.19886363636363635,-0.5,0.19886363636363635,-0.5852272727272727,0.4034090909090909,-0.3352272727272727,0.6477272727272727,-0.4034090909090909,0.7954545454545454,-0.42613636363636365,0.9090909090909091,-0.4431818181818182,0.4431818181818182,-0.2159090909090909,0.7102272727272727,-0.3068181818181818,0.875,-0.35795454545454547,1.0,-0.38636363636363635,0.45454545454545453,-0.09659090909090909,0.7159090909090909,-0.1875,0.8693181818181818,-0.23295454545454544,0.9772727272727273,-0.26136363636363635,0.4431818181818182,0.022727272727272728,0.6477272727272727,-0.022727272727272728,0.7670454545454546,-0.05113636363636364,0.8636363636363636,-0.08522727272727272
9,0.0,0.0,-0.07368421052631578,-0.28421052631578947,-0.28421052631578947,-0.5052631578947369,-0.49473684210526314,-0.6421052631578947,-0.6526315789473685,-0.7157894736842105,-0.29473684210526313,-0.5684210526315789,-0.6105263157894737,-0.7578947368421053,-0.7684210526315789,-0.8526315789473684,-0.9052631578947369,-0.9368421052631579,-0.3157894736842105,-0.4421052631578947,-0.6526315789473685,-0.6631578947368421,-0.8421052631578947,-0.7684210526315789,-0.9894736842105263,-0.8736842105263158,-0.3473684210526316,-0.28421052631578947,-0.6736842105263158,-0.47368421052631576,-0.8631578947368421,-0.5894736842105263,-1.0,-0.6947368421052632,-0.4,-0.08421052631578947,-0.6526315789473685,-0.21052631578947367,-0.8,-0.30526315789473685,-0.9052631578947369,-0.4105263157894737
9,0.0,0.0,0.04046242774566474,-0.21965317919075145,0.10982658959537572,-0.3988439306358382,0.12138728323699421,-0.5317919075144508,0.09248554913294797,-0.630057803468208,0.35260115606936415,-0.3468208092485549,0.630057803468208,-0.43352601156069365,0.7861271676300579,-0.4797687861271676,0.8959537572254336,-0.5202312138728323,0.3930635838150289,-0.23121387283236994,0.6994219653179191,-0.3352601156069364,0.8728323699421965,-0.4046242774566474,1.0,-0.4624277456647399,0.41040462427745666,-0.10982658959537572,0.6994219653179191,-0.2138728323699422,0.8670520231213873,-0.2832369942196532,0.9884393063583815,-0.34104046242774566,0.4161849710982659,0.017341040462427744,0.6358381502890174,-0.046242774566473986,0.7687861271676301,-0.09248554913294797,0.8728323699421965,-0.14450867052023122
9,0.0,0.0,-0.08737864077669903,-0.24271844660194175,-0.2912621359223301,-0.44660194174757284,-0.5145631067961165,-0.5533980582524272,-0.6893203883495146,-0.6019417475728155,-0.2621359223300971,-0.4854368932038835,-0.5728155339805825,-0.6601941747572816,-0.7572815533980582,-0.7572815533980582,-0.9029126213592233,-0.8446601941747572,-0.2815533980582524,-0.3592233009708738,-0.6310679611650486,-0.5533980582524272,-0.8349514563106796,-0.6796116504854369,-0.9902912621359223,-0.7766990291262136,-0.3106796116504854,-0.20388349514563106,-0.6407766990291263,-0.3786407766990291,-0.8446601941747572,-0.49514563106796117,-1.0,-0.6019417475728155,-0.36893203883495146,-0.038834951456310676,-0.6213592233009708,-0.1650485436893204,-0.7766990291262136,-0.2621359223300971,-0.9029126213592233,-0.34951456310679613
9,0.0,0.0,0.04046242774566474,-0.2254335260115607,0.10982658959537572,-0.4046242774566474,0.12138728323699421,-0.5433526011560693,0.10982658959537572,-0.653179190751445,0.3583815028901734,-0.3583815028901734,0.630057803468208,-0.4508670520231214,0.791907514450867,-0.4913294797687861,0.9132947976878613,-0.5317919075144508,0.3930635838150289,-0.24855491329479767,0.6936416184971098,-0.35260115606936415,0.8670520231213873,-0.4161849710982659,1.0,-0.4682080924855491,0.4046242774566474,-0.12138728323699421,0.6936416184971098,-0.23121387283236994,0.861271676300578,-0.30057803468208094,0.9884393063583815,-0.35260115606936415,0.41040462427745666,0.005780346820809248,0.630057803468208,-0.08092485549132948,0.7572254335260116,-0.13872832369942195,0.8670520231213873,-0.18497109826589594
9,0.0,0.0,-0.06611570247933884,-0.21487603305785125,-0.256198347107438,-0.34710743801652894,-0.45454545454545453,-0.4132231404958678,-0.6115702479338843,-0.4380165289256198,-0.256198347107438,-0.36363636363636365,-0.5619834710743802,-0.4793388429752066,-0.7355371900826446,-0.5537190082644629,-0.8842975206611571,-0.6033057851239669,-0.2975206611570248,-0.2396694214876033,-0.628099173553719,-0.38016528925619836,-0.8347107438016529,-0.47107438016528924,-1.0,-0.5454545454545454,-0.3305785123966942,-0.09917355371900827,-0.6528925619834711,-0.23140495867768596,-0.8429752066115702,-0.32231404958677684,-0.9917355371900827,-0.4049586776859504,-0.371900826446281,0.04132231404958678,-0.6115702479338843,-0.049586776859504134,-0.768595041322314,-0.12396694214876033,-0.8842975206611571,-0.2066115702479339
9,0.0,0.0,0.030864197530864196,-0.24074074074074073,0.11728395061728394,-0.3950617283950617,0.18518518518518517,-0.5,0.2345679012345679,-0.5493827160493827,0.345679012345679,-0.38271604938271603,0.6172839506172839,-0.4691358024691358,0.7716049382716049,-0.5185185185185185,0.8888888888888888,-0.5679012345679012,0.3950617283950617,-0.25925925925925924,0.6851851851851852,-0.36419753086419754,0.8641975308641975,-0.4382716049382716,1.0,-0.5,0.41358024691358025,-0.12962962962962962,0.6851851851851852,-0.24074074074074073,0.8518518518518519,-0.3148148148148148,0.9814814814814815,-0.3765432098765432,0.41975308641975306,0.0,0.6234567901234568,-0.08024691358024691,0.7530864197530864,-0.13580246913580246,0.8580246913580247,-0.17901234567901234
9,0.0,0.0,-0.0743801652892562,-0.21487603305785125,-0.2727272727272727,-0.36363636363636365,-0.48760330578512395,-0.4132231404958678,-0.6611570247933884,-0.4462809917355372,-0.2727272727272727,-0.39669421487603307,-0.5785123966942148,-0.5041322314049587,-0.7520661157024794,-0.5619834710743802,-0.9008264462809917,-0.6115702479338843,-0.3140495867768595,-0.2644628099173554,-0.6363636363636364,-0.39669421487603307,-0.8429752066115702,-0.47107438016528924,-1.0,-0.5454545454545454,-0.35537190082644626,-0.11570247933884298,-0.6611570247933884,-0.24793388429752067,-0.8512396694214877,-0.3305785123966942,-0.9917355371900827,-0.4049586776859504,-0.39669421487603307,0.03305785123966942,-0.628099173553719,-0.06611570247933884,-0.7768595041322314,-0.14049586776859505,-0.8925619834710744,-0.2231404958677686
9,0.0,0.0,0.0379746835443038,-0.24050632911392406,0.12658227848101267,-0.43670886075949367,0.16455696202531644,-0.569620253164557,0.16455696202531644,-0.6645569620253164,0.3670886075949367,-0.3987341772151899,0.620253164556962,-0.5,0.7784810126582279,-0.5443037974683544,0.8987341772151899,-0.5822784810126582,0.4177215189873418,-0.2848101265822785,0.689873417721519,-0.3860759493670886,0.8670886075949367,-0.45569620253164556,1.0,-0.5063291139240507,0.44936708860759494,-0.1518987341772152,0.7025316455696202,-0.25949367088607594,0.8670886075949367,-0.3291139240506329,0.9936708860759493,-0.379746835443038,0.45569620253164556,-0.02531645569620253,0.6582278481012658,-0.0949367088607595,0.7848101265822784,-0.14556962025316456,0.8924050632911392,-0.18354430379746836
9,0.0,0.0,-0.06666666666666667,-0.20833333333333334,-0.25833333333333336,-0.38333333333333336,-0.4583333333333333,-0.4666666666666667,-0.625,-0.5083333333333333,-0.275,-0.425,-0.575,-0.55,-0.7583333333333333,-0.6083333333333333,-0.9083333333333333,-0.65,-0.30833333333333335,-0.3,-0.6416666666666667,-0.44166666666666665,-0.8416666666666667,-0.525,-1.0,-0.5833333333333334,-0.35833333333333334,-0.15833333333333333,-0.6666666666666666,-0.3,-0.8583333333333333,-0.38333333333333336,-1.0,-0.4583333333333333,-0.4083333333333333,-0.008333333333333333,-0.65,-0.10833333333333334,-0.7916666666666666,-0.18333333333333332,-0.9,-0.25
9,0.0,0.0,0.03529411764705882,-0.22941176470588234,0.12941176470588237,-0.40588235294117647,0.20588235294117646,-0.5117647058823529,0.24705882352941178,-0.5823529411764706,0.32941176470588235,-0.34705882352941175,0.5941176470588235,-0.4117647058823529,0.7588235294117647,-0.4411764705882353,0.8823529411764706,-0.4647058823529412,0.38823529411764707,-0.2235294117647059,0.6705882352941176,-0.3,0.8588235294117647,-0.35294117647058826,1.0,-0.3941176470588235,0.4176470588235294,-0.09411764705882353,0.6823529411764706,-0.17647058823529413,0.8588235294117647,-0.23529411764705882,0.9882352941176471,-0.27058823529411763,0.4235294117647059,0.023529411764705882,0.6294117647058823,-0.023529411764705882,0.7647058823529411,-0.058823529411764705,0.8764705882352941,-0.08823529411764706
8,0.0,0.0,-0.22033898305084745,-0.059322033898305086,-0.4745762711864407,0.025423728813559324,-0.6610169491525424,0.15254237288135594,-0.8305084745762712,0.11016949152542373,-0.423728813559322,0.3559322033898305,-0.4576271186440678,0.6694915254237288,-0.4491525423728814,0.8559322033898306,-0.4406779661016949,1.0,-0.2711864406779661,0.4406779661016949,-0.2457627118644068,0.5254237288135594,-0.22033898305084745,0.3983050847457627,-0.2033898305084746,0.2966101694915254,-0.11016949152542373,0.4661016949152542,-0.09322033898305085,0.5,-0.07627118644067797,0.3898305084745763,-0.06779661016949153,0.2966101694915254,0.0423728813559322,0.4830508474576271,0.025423728813559324,0.4915254237288136,0.0423728813559322,0.3728813559322034,0.059322033898305086,0.2966101694915254
8,0.0,0.0,-0.2288135593220339,-0.059322033898305086,-0.4745762711864407,0.025423728813559324,-0.6610169491525424,0.13559322033898305,-0.8135593220338984,0.11016949152542373,-0.4067796610169492,0.3728813559322034,-0.4406779661016949,0.6694915254237288,-0.4491525423728814,0.864406779661017,-0.4491525423728814,1.0,-0.2627118644067797,0.4661016949152542,-0.2457627118644068,0.5169491525423728,-0.22033898305084745,0.3983050847457627,-0.19491525423728814,0.288135593220339,-0.1016949152542373,0.4915254237288136,-0.09322033898305085,0.5,-0.07627118644067797,0.3983050847457627,-0.059322033898305086,0.3050847457627119,0.05084745762711865,0.5,0.025423728813559324,0.4830508474576271,0.0423728813559322,0.3813559322033898,0.059322033898305086,0.3050847457627119
8,0.0,0.0,-0.25862068965517243,-0.09482758620689655,-0.5086206896551724,0.008620689655172414,-0.7068965517241379,0.12931034482758622,-0.8620689655172413,0.08620689655172414,-0.4396551724137931,0.3620689655172414,-0.46551724137931033,0.6551724137931034,-0.47413793103448276,0.853448275862069,-0.47413793103448276,1.0,-0.29310344827586204,0.46551724137931033,-0.25862068965517243,0.4827586206896552,-0.23275862068965517,0.3793103448275862,-0.20689655172413793,0.29310344827586204,-0.12931034482758622,0.49137931034482757,-0.1206896551724138,0.45689655172413796,-0.11206896551724138,0.3706896551724138,-0.09482758620689655,0.29310344827586204,0.017241379310344827,0.5,0.0,0.45689655172413796,0.008620689655172414,0.3620689655172414,0.017241379310344827,0.3017241379310345
8,0.0,0.0,-0.22413793103448276,-0.07758620689655173,-0.46551724137931033,0.008620689655172414,-0.6551724137931034,0.1206896551724138,-0.8189655172413793,0.09482758620689655,-0.4224137931034483,0.3706896551724138,-0.45689655172413796,0.6637931034482759,-0.45689655172413796,0.8620689655172413,-0.45689655172413796,1.0,-0.27586206896551724,0.45689655172413796,-0.23275862068965517,0.5086206896551724,-0.20689655172413793,0.3793103448275862,-0.1810344827586207,0.2672413793103448,-0.1206896551724138,0.4827586206896552,-0.09482758620689655,0.47413793103448276,-0.07758620689655173,0.3706896551724138,-0.0603448275862069,0.27586206896551724,0.034482758620689655,0.49137931034482757,0.02586206896551724,0.46551724137931033,0.05172413793103448,0.35344827586206895,0.0603448275862069,0.28448275862068967
8,0.0,0.0,-0.226890756302521,-0.03361344537815126,-0.46218487394957986,0.06722689075630252,-0.6470588235294118,0.16806722689075632,-0.8067226890756303,0.14285714285714285,-0.42857142857142855,0.3697478991596639,-0.453781512605042,0.6722689075630253,-0.46218487394957986,0.8571428571428571,-0.46218487394957986,1.0,-0.2689075630252101,0.44537815126050423,-0.2689075630252101,0.5462184873949579,-0.23529411764705882,0.42857142857142855,-0.20168067226890757,0.31932773109243695,-0.11764705882352941,0.48739495798319327,-0.12605042016806722,0.5294117647058824,-0.09243697478991597,0.42857142857142855,-0.06722689075630252,0.3277310924369748,0.03361344537815126,0.5042016806722689,0.0,0.5462184873949579,0.025210084033613446,0.4369747899159664,0.04201680672268908,0.35294117647058826
8,0.0,0.0,-0.24786324786324787,-0.05128205128205128,-0.46153846153846156,0.042735042735042736,-0.6495726495726496,0.13675213675213677,-0.8034188034188035,0.1282051282051282,-0.4444444444444444,0.39316239316239315,-0.47863247863247865,0.6752136752136753,-0.48717948717948717,0.8632478632478633,-0.48717948717948717,1.0,-0.3162393162393162,0.5042735042735043,-0.2564102564102564,0.5042735042735043,-0.21367521367521367,0.41025641025641024,-0.18803418803418803,0.3162393162393162,-0.15384615384615385,0.5299145299145299,-0.13675213675213677,0.5042735042735043,-0.1111111111111111,0.4188034188034188,-0.08547008547008547,0.3418803418803419,0.0,0.5470085470085471,0.0,0.5042735042735043,0.02564102564102564,0.41025641025641024,0.03418803418803419,0.3418803418803419
8,0.0,0.0,-0.26605504587155965,-0.11926605504587157,-0.4954128440366973,-0.03669724770642202,-0.7155963302752294,0.07339449541284404,-0.8899082568807339,0.05504587155963303,-0.48623853211009177,0.3577981651376147,-0.5321100917431193,0.6513761467889908,-0.5412844036697247,0.8532110091743119,-0.5321100917431193,1.0,-0.3669724770642202,0.4954128440366973,-0.27522935779816515,0.47706422018348627,-0.23853211009174313,0.3944954128440367,-0.22018348623853212,0.3302752293577982,-0.1926605504587156,0.5321100917431193,-0.1651376146788991,0.45871559633027525,-0.14678899082568808,0.4036697247706422,-0.11926605504587157,0.3394495412844037,-0.027522935779816515,0.5504587155963303,-0.01834862385321101,0.48623853211009177,-0.009174311926605505,0.41284403669724773,-0.009174311926605505,0.3486238532110092
8,0.0,0.0,-0.25217391304347825,-0.034782608695652174,-0.4782608695652174,0.05217391304347826,-0.6782608695652174,0.11304347826086956,-0.8260869565217391,0.10434782608695652,-0.45217391304347826,0.391304347826087,-0.4782608695652174,0.6782608695652174,-0.48695652173913045,0.8608695652173913,-0.5043478260869565,1.0,-0.3217391304347826,0.4782608695652174,-0.25217391304347825,0.5478260869565217,-0.20869565217391303,0.4434782608695652,-0.2,0.3565217391304348,-0.16521739130434782,0.5130434782608696,-0.13043478260869565,0.5478260869565217,-0.10434782608695652,0.46956521739130436,-0.09565217391304348,0.391304347826087,-0.02608695652173913,0.5391304347826087,-0.02608695652173913,0.5478260869565217,0.0,0.4608695652173913,0.008695652173913044,0.3826086956521739
8,0.0,0.0,-0.24324324324324326,-0.08108108108108109,-0.4954954954954955,0.0,-0.7027027027027027,0.07207207207207207,-0.8558558558558559,0.02702702702702703,-0.46846846846846846,0.36936936936936937,-0.5135135135135135,0.6486486486486487,-0.5315315315315315,0.8558558558558559,-0.5405405405405406,1.0,-0.3333333333333333,0.4864864864864865,-0.2882882882882883,0.5045045045045045,-0.24324324324324326,0.3963963963963964,-0.2072072072072072,0.3063063063063063,-0.18018018018018017,0.5315315315315315,-0.16216216216216217,0.5225225225225225,-0.13513513513513514,0.43243243243243246,-0.10810810810810811,0.35135135135135137,-0.036036036036036036,0.5495495495495496,-0.036036036036036036,0.5405405405405406,-0.009009009009009009,0.44144144144144143,0.0,0.3783783783783784
8,0.0,0.0,-0.25961538461538464,-0.14423076923076922,-0.5192307692307693,-0.0673076923076923,-0.7307692307692307,0.04807692307692308,-0.9038461538461539,-0.019230769230769232,-0.5,0.33653846153846156,-0.5865384615384616,0.625,-0.6153846153846154,0.8461538461538461,-0.6346153846153846,1.0,-0.38461538461538464,0.4807692307692308,-0.2980769230769231,0.5,-0.25961538461538464,0.4230769230769231,-0.23076923076923078,0.3557692307692308,-0.21153846153846154,0.5288461538461539,-0.19230769230769232,0.5,-0.17307692307692307,0.4423076923076923,-0.14423076923076922,0.375,-0.04807692307692308,0.5480769230769231,-0.057692307692307696,0.5192307692307693,-0.04807692307692308,0.4519230769230769,-0.038461538461538464,0.3942307692307692
8,0.0,0.0,-0.2621359223300971,-0.0970873786407767,-0.5242718446601942,-0.038834951456310676,-0.7572815533980582,0.0,-0.9223300970873787,-0.07766990291262135,-0.5339805825242718,0.3300970873786408,-0.6407766990291263,0.6310679611650486,-0.7087378640776699,0.8446601941747572,-0.7475728155339806,1.0,-0.4077669902912621,0.4563106796116505,-0.3592233009708738,0.5436893203883495,-0.30097087378640774,0.42718446601941745,-0.2524271844660194,0.32038834951456313,-0.2524271844660194,0.5242718446601942,-0.24271844660194175,0.5533980582524272,-0.20388349514563106,0.4563106796116505,-0.1650485436893204,0.3592233009708738,-0.11650485436893204,0.5631067961165048,-0.13592233009708737,0.5728155339805825,-0.0970873786407767,0.46601941747572817,-0.06796116504854369,0.3786407766990291
8,0.0,0.0,-0.2903225806451613,-0.1827956989247312,-0.5806451612903226,-0.13978494623655913,-0.8387096774193549,-0.12903225806451613,-1.0,-0.23655913978494625,-0.6989247311827957,0.3118279569892473,-0.8279569892473119,0.6021505376344086,-0.9139784946236559,0.8172043010752689,-0.978494623655914,0.978494623655914,-0.5913978494623656,0.4946236559139785,-0.4838709677419355,0.4838709677419355,-0.40860215053763443,0.3870967741935484,-0.3333333333333333,0.3118279569892473,-0.3978494623655914,0.5806451612903226,-0.3548387096774194,0.5268817204301075,-0.3010752688172043,0.44086021505376344,-0.24731182795698925,0.3655913978494624,-0.22580645161290322,0.6344086021505376,-0.21505376344086022,0.5698924731182796,-0.16129032258064516,0.4838709677419355,-0.11827956989247312,0.40860215053763443
8,0.0,0.0,-0.2765957446808511,-0.13829787234042554,-0.5425531914893617,-0.11702127659574468,-0.7659574468085106,-0.14893617021276595,-0.9148936170212766,-0.2553191489361702,-0.7021276595744681,0.2765957446808511,-0.8297872340425532,0.574468085106383,-0.925531914893617,0.7659574468085106,-1.0,0.9148936170212766,-0.5851063829787234,0.43617021276595747,-0.574468085106383,0.5212765957446809,-0.48936170212765956,0.425531914893617,-0.425531914893617,0.3191489361702128,-0.4148936170212766,0.5319148936170213,-0.40425531914893614,0.5531914893617021,-0.3404255319148936,0.4787234042553192,-0.2872340425531915,0.39361702127659576,-0.24468085106382978,0.6063829787234043,-0.24468085106382978,0.5957446808510638,-0.18085106382978725,0.5212765957446809,-0.13829787234042554,0.43617021276595747
8,0.0,0.0,-0.27472527472527475,-0.15384615384615385,-0.5164835164835165,-0.14285714285714285,-0.7472527472527473,-0.17582417582417584,-0.9010989010989011,-0.2967032967032967,-0.6813186813186813,0.31868131868131866,-0.8351648351648352,0.6043956043956044,-0.9230769230769231,0.8131868131868132,-1.0,0.9560439560439561,-0.5494505494505495,0.4835164835164835,-0.5494505494505495,0.5384615384615384,-0.4725274725274725,0.43956043956043955,-0.3956043956043956,0.32967032967032966,-0.37362637362637363,0.5714285714285714,-0.38461538461538464,0.5824175824175825,-0.31868131868131866,0.4945054945054945,-0.24175824175824176,0.4065934065934066,-0.1978021978021978,0.6483516483516484,-0.21978021978021978,0.6263736263736264,-0.16483516483516483,0.5384615384615384,-0.10989010989010989,0.45054945054945056
8,0.0,0.0,-0.24752475247524752,-0.1485148514851485,-0.504950495049505,-0.1485148514851485,-0.693069306930693,-0.18811881188118812,-0.8118811881188119,-0.3069306930693069,-0.6237623762376238,0.22772277227722773,-0.7920792079207921,0.4752475247524752,-0.9108910891089109,0.6435643564356436,-1.0,0.7722772277227723,-0.49504950495049505,0.38613861386138615,-0.5643564356435643,0.38613861386138615,-0.49504950495049505,0.27722772277227725,-0.40594059405940597,0.2079207920792079,-0.33663366336633666,0.48514851485148514,-0.4158415841584158,0.45544554455445546,-0.3564356435643564,0.36633663366336633,-0.27722772277227725,0.297029702970297,-0.19801980198019803,0.5445544554455446,-0.27722772277227725,0.504950495049505,-0.22772277227722773,0.4158415841584158,-0.15841584158415842,0.3564356435643564
8,0.0,0.0,-0.2169811320754717,-0.16981132075471697,-0.42452830188679247,-0.18867924528301888,-0.6037735849056604,-0.2358490566037736,-0.6981132075471698,-0.3584905660377358,-0.6226415094339622,0.1792452830188679,-0.8018867924528302,0.37735849056603776,-0.9245283018867925,0.5094339622641509,-1.0,0.6132075471698113,-0.5471698113207547,0.330188679245283,-0.5566037735849056,0.33962264150943394,-0.4811320754716981,0.27358490566037735,-0.41509433962264153,0.20754716981132076,-0.4056603773584906,0.4339622641509434,-0.41509433962264153,0.4056603773584906,-0.3584905660377358,0.3584905660377358,-0.29245283018867924,0.3018867924528302,-0.2830188679245283,0.5094339622641509,-0.3018867924528302,0.4811320754716981,-0.25471698113207547,0.42452830188679247,-0.19811320754716982,0.37735849056603776
8,0.0,0.0,-0.17857142857142858,-0.17857142857142858,-0.35714285714285715,-0.22321428571428573,-0.5,-0.29464285714285715,-0.5714285714285714,-0.42857142857142855,-0.5803571428571429,0.10714285714285714,-0.7767857142857143,0.29464285714285715,-0.9017857142857143,0.4017857142857143,-1.0,0.48214285714285715,-0.5089285714285714,0.26785714285714285,-0.5357142857142857,0.2767857142857143,-0.4642857142857143,0.20535714285714285,-0.39285714285714285,0.15178571428571427,-0.39285714285714285,0.38392857142857145,-0.39285714285714285,0.3392857142857143,-0.33035714285714285,0.2857142857142857,-0.26785714285714285,0.25,-0.2767857142857143,0.4642857142857143,-0.2857142857142857,0.4107142857142857,-0.23214285714285715,0.35714285714285715,-0.17857142857142858,0.32142857142857145
8,0.0,0.0,-0.15966386554621848,-0.17647058823529413,-0.33613445378151263,-0.23529411764705882,-0.4789915966386555,-0.3025210084033613,-0.5378151260504201,-0.4369747899159664,-0.5630252100840336,0.025210084033613446,-0.7647058823529411,0.18487394957983194,-0.8991596638655462,0.2773109243697479,-1.0,0.33613445378151263,-0.5210084033613446,0.18487394957983194,-0.5462184873949579,0.21008403361344538,-0.47058823529411764,0.15966386554621848,-0.3865546218487395,0.1092436974789916,-0.42016806722689076,0.3025210084033613,-0.42857142857142855,0.29411764705882354,-0.36134453781512604,0.25210084033613445,-0.29411764705882354,0.21008403361344538,-0.31932773109243695,0.3949579831932773,-0.31932773109243695,0.3697478991596639,-0.2605042016806723,0.3277310924369748,-0.21008403361344538,0.2857142857142857
8,0.0,0.0,-0.22435897435897437,-0.019230769230769232,-0.4423076923076923,0.08974358974358974,-0.6217948717948718,0.19230769230769232,-0.7628205128205128,0.16666666666666666,-0.38461538461538464,0.3717948717948718,-0.41025641025641024,0.6730769230769231,-0.4166666666666667,0.8589743589743589,-0.41025641025641024,1.0,-0.23076923076923078,0.4358974358974359,-0.23717948717948717,0.5384615384615384,-0.21794871794871795,0.42948717948717946,-0.19230769230769232,0.3269230769230769,-0.08333333333333333,0.4551282051282051,-0.09615384615384616,0.5128205128205128,-0.07692307692307693,0.4230769230769231,-0.057692307692307696,0.33974358974358976,0.057692307692307696,0.46794871794871795,0.03205128205128205,0.48717948717948717,0.04487179487179487,0.3974358974358974,0.05128205128205128,0.3269230769230769
8,0.0,0.0,-0.22875816993464052,-0.0457516339869281,-0.45098039215686275,0.058823529411764705,-0.6274509803921569,0.1830065359477124,-0.7843137254901961,0.1568627450980392,-0.4117647058823529,0.3790849673202614,-0.43790849673202614,0.6797385620915033,-0.43137254901960786,0.869281045751634,-0.42483660130718953,1.0,-0.2679738562091503,0.46405228758169936,-0.2549019607843137,0.5228758169934641,-0.22875816993464052,0.4117647058823529,-0.20261437908496732,0.3137254901960784,-0.1111111111111111,0.48366013071895425,-0.1111111111111111,0.49673202614379086,-0.0915032679738562,0.4117647058823529,-0.0718954248366013,0.32679738562091504,0.032679738562091505,0.49673202614379086,0.013071895424836602,0.49019607843137253,0.026143790849673203,0.39869281045751637,0.0392156862745098,0.3333333333333333
8,0.0,0.0,-0.2214765100671141,-0.0738255033557047,-0.44966442953020136,0.020134228187919462,-0.6375838926174496,0.14093959731543623,-0.785234899328859,0.12080536912751678,-0.40268456375838924,0.3691275167785235,-0.42953020134228187,0.6644295302013423,-0.436241610738255,0.8590604026845637,-0.42953020134228187,1.0,-0.2684563758389262,0.46308724832214765,-0.22818791946308725,0.46308724832214765,-0.2080536912751678,0.348993288590604,-0.18120805369127516,0.26174496644295303,-0.10738255033557047,0.4899328859060403,-0.087248322147651,0.44966442953020136,-0.0738255033557047,0.35570469798657717,-0.06040268456375839,0.2751677852348993,0.03355704697986577,0.4966442953020134,0.03355704697986577,0.4429530201342282,0.04697986577181208,0.348993288590604,0.04697986577181208,0.28859060402684567
8,0.0,0.0,-0.25170068027210885,-0.08163265306122448,-0.47619047619047616,0.027210884353741496,-0.6598639455782312,0.14965986394557823,-0.8027210884353742,0.12244897959183673,-0.4217687074829932,0.3673469387755102,-0.4489795918367347,0.6666666666666666,-0.4489795918367347,0.8571428571428571,-0.4489795918367347,1.0,-0.29931972789115646,0.46258503401360546,-0.23809523809523808,0.4897959183673469,-0.2108843537414966,0.3877551020408163,-0.19727891156462585,0.29931972789115646,-0.14965986394557823,0.4897959183673469,-0.12244897959183673,0.47619047619047616,-0.10204081632653061,0.3945578231292517,-0.09523809523809523,0.3129251700680272,-0.006802721088435374,0.4965986394557823,0.0,0.47619047619047616,0.013605442176870748,0.3877551020408163,0.013605442176870748,0.3197278911564626
8,0.0,0.0,-0.23972602739726026,-0.04794520547945205,-0.4452054794520548,0.04794520547945205,-0.6232876712328768,0.1506849315068493,-0.7671232876712328,0.1506849315068493,-0.410958904109589,0.3904109589041096,-0.4246575342465753,0.6643835616438356,-0.4178082191780822,0.863013698630137,-0.410958904109589,1.0,-0.2808219178082192,0.4863013698630137,-0.19863013698630136,0.4726027397260274,-0.17123287671232876,0.3835616438356164,-0.1506849315068493,0.3082191780821918,-0.13013698630136986,0.5068493150684932,-0.08904109589041095,0.4589041095890411,-0.07534246575342465,0.3904109589041096,-0.06164383561643835,0.3287671232876712,0.02054794520547945,0.5068493150684932,0.0410958904109589,0.4657534246575342,0.0410958904109589,0.3904109589041096,0.03424657534246575,0.3287671232876712
8,0.0,0.0,-0.23448275862068965,-0.05517241379310345,-0.43448275862068964,0.05517241379310345,-0.6206896551724138,0.16551724137931034,-0.7724137931034483,0.1724137931034483,-0.3931034482758621,0.3931034482758621,-0.41379310344827586,0.6689655172413793,-0.4068965517241379,0.8551724137931035,-0.3931034482758621,1.0,-0.2689655172413793,0.4827586206896552,-0.18620689655172415,0.5172413793103449,-0.16551724137931034,0.43448275862068964,-0.16551724137931034,0.3586206896551724,-0.11724137931034483,0.496551724137931,-0.07586206896551724,0.496551724137931,-0.06206896551724138,0.42758620689655175,-0.06206896551724138,0.3586206896551724,0.027586206896551724,0.496551724137931,0.04827586206896552,0.4896551724137931,0.04827586206896552,0.4068965517241379,0.041379310344827586,0.33793103448275863
8,0.0,0.0,-0.23972602739726026,-0.0410958904109589,-0.4315068493150685,0.0547945205479452,-0.6095890410958904,0.1643835616438356,-0.7534246575342466,0.1643835616438356,-0.3904109589041096,0.410958904109589,-0.410958904109589,0.684931506849315,-0.410958904109589,0.863013698630137,-0.4041095890410959,1.0,-0.2671232876712329,0.4931506849315068,-0.1917808219178082,0.5,-0.17123287671232876,0.410958904109589,-0.17123287671232876,0.3356164383561644,-0.1232876712328767,0.5,-0.0821917808219178,0.4863013698630137,-0.0684931506849315,0.410958904109589,-0.0684931506849315,0.3493150684931507,0.02054794520547945,0.4931506849315068,0.0273972602739726,0.4726027397260274,0.03424657534246575,0.3972602739726027,0.03424657534246575,0.3356164383561644
8,0.0,0.0,-0.20270270270270271,-0.013513513513513514,-0.3918918918918919,0.08108108108108109,-0.5608108108108109,0.17567567567567569,-0.7027027027027027,0.16891891891891891,-0.35135135135135137,0.3918918918918919,-0.35135135135135137,0.6756756756756757,-0.34459459459459457,0.8648648648648649,-0.33783783783783783,1.0,-0.22297297297297297,0.4527027027027027,-0.13513513513513514,0.5202702702702703,-0.11486486486486487,0.41216216216216217,-0.12162162162162163,0.31756756756756754,-0.07432432432432433,0.4594594594594595,-0.006756756756756757,0.5067567567567568,0.013513513513513514,0.41216216216216217,-0.006756756756756757,0.32432432432432434,0.06756756756756757,0.46621621621621623,0.10135135135135136,0.5,0.11486486486486487,0.3918918918918919,0.10135135135135136,0.30405405405405406
8,0.0,0.0,-0.22695035460992907,-0.06382978723404255,-0.41134751773049644,0.0425531914893617,-0.6028368794326241,0.14893617021276595,-0.7588652482269503,0.1276595744680851,-0.375886524822695,0.3971631205673759,-0.3900709219858156,0.6737588652482269,-0.3900709219858156,0.8652482269503546,-0.3829787234042553,1.0,-0.2553191489361702,0.475177304964539,-0.1773049645390071,0.5035460992907801,-0.15602836879432624,0.40425531914893614,-0.15602836879432624,0.3191489361702128,-0.10638297872340426,0.48936170212765956,-0.07801418439716312,0.48936170212765956,-0.05673758865248227,0.40425531914893614,-0.05673758865248227,0.3262411347517731,0.03546099290780142,0.48936170212765956,0.0425531914893617,0.48226950354609927,0.04964539007092199,0.3900709219858156,0.03546099290780142,0.3191489361702128
8,0.0,0.0,-0.2246376811594203,-0.036231884057971016,-0.4057971014492754,0.06521739130434782,-0.5652173913043478,0.15217391304347827,-0.7101449275362319,0.11594202898550725,-0.34782608695652173,0.41304347826086957,-0.3695652173913043,0.6811594202898551,-0.3695652173913043,0.8623188405797102,-0.37681159420289856,1.0,-0.2246376811594203,0.4855072463768116,-0.14492753623188406,0.4927536231884058,-0.12318840579710146,0.391304347826087,-0.12318840579710146,0.3115942028985507,-0.07971014492753623,0.4927536231884058,-0.028985507246376812,0.4782608695652174,-0.014492753623188406,0.391304347826087,-0.028985507246376812,0.3188405797101449,0.050724637681159424,0.4927536231884058,0.08695652173913043,0.47101449275362317,0.08695652173913043,0.37681159420289856,0.07246376811594203,0.30434782608695654
8,0.0,0.0,-0.19424460431654678,0.007194244604316547,-0.381294964028777,0.10071942446043165,-0.5323741007194245,0.17985611510791366,-0.6762589928057554,0.15827338129496402,-0.381294964028777,0.4172661870503597,-0.38848920863309355,0.6906474820143885,-0.381294964028777,0.8561151079136691,-0.37410071942446044,1.0,-0.2589928057553957,0.4676258992805755,-0.2158273381294964,0.5899280575539568,-0.20863309352517986,0.4748201438848921,-0.20863309352517986,0.38848920863309355,-0.1223021582733813,0.48201438848920863,-0.06474820143884892,0.5323741007194245,-0.04316546762589928,0.4244604316546763,-0.050359712230215826,0.34532374100719426,0.02158273381294964,0.4892086330935252,0.05755395683453238,0.5251798561151079,0.05755395683453238,0.4316546762589928,0.04316546762589928,0.35251798561151076
8,0.0,0.0,-0.1925925925925926,-0.007407407407407408,-0.37037037037037035,0.1111111111111111,-0.5185185185185185,0.18518518518518517,-0.6444444444444445,0.17037037037037037,-0.34074074074074073,0.42962962962962964,-0.37037037037037035,0.6888888888888889,-0.37777777777777777,0.8666666666666667,-0.3851851851851852,1.0,-0.23703703703703705,0.4888888888888889,-0.14074074074074075,0.5555555555555556,-0.11851851851851852,0.4444444444444444,-0.13333333333333333,0.35555555555555557,-0.1037037037037037,0.5037037037037037,-0.022222222222222223,0.5407407407407407,-0.007407407407407408,0.4444444444444444,-0.02962962962962963,0.37037037037037035,0.037037037037037035,0.5185185185185185,0.08888888888888889,0.5407407407407407,0.08888888888888889,0.45185185185185184,0.06666666666666667,0.37777777777777777
8,0.0,0.0,-0.17006802721088435,0.02040816326530612,-0.3197278911564626,0.14965986394557823,-0.4489795918367347,0.23129251700680273,-0.5782312925170068,0.2108843537414966,-0.32653061224489793,0.4217687074829932,-0.3401360544217687,0.673469387755102,-0.3469387755102041,0.8503401360544217,-0.35374149659863946,1.0,-0.21768707482993196,0.4421768707482993,-0.05442176870748299,0.6054421768707483,-0.02040816326530612,0.4897959183673469,-0.047619047619047616,0.40816326530612246,-0.08843537414965986,0.42857142857142855,0.05442176870748299,0.5374149659863946,0.07482993197278912,0.42857142857142855,0.04081632653061224,0.3469387755102041,0.034013605442176874,0.3945578231292517,0.14285714285714285,0.48299319727891155,0.1564625850340136,0.3741496598639456,0.1292517006802721,0.2925170068027211
8,0.0,0.0,-0.19424460431654678,0.050359712230215826,-0.34532374100719426,0.17985611510791366,-0.4892086330935252,0.2446043165467626,-0.5971223021582733,0.2158273381294964,-0.34532374100719426,0.4316546762589928,-0.3669064748201439,0.697841726618705,-0.38848920863309355,0.8705035971223022,-0.4028776978417266,1.0,-0.2517985611510791,0.460431654676259,-0.11510791366906475,0.5899280575539568,-0.09352517985611511,0.4892086330935252,-0.11510791366906475,0.38848920863309355,-0.11510791366906475,0.460431654676259,-0.007194244604316547,0.5467625899280576,0.014388489208633094,0.4676258992805755,-0.007194244604316547,0.381294964028777,0.02158273381294964,0.45323741007194246,0.08633093525179857,0.5179856115107914,0.10071942446043165,0.43884892086330934,0.09352517985611511,0.3597122302158273
8,0.0,0.0,-0.30337078651685395,0.033707865168539325,-0.5730337078651685,0.19101123595505617,-0.8202247191011236,0.3258426966292135,-1.0,0.39325842696629215,-0.2808988764044944,0.11235955056179775,-0.42696629213483145,0.38202247191011235,-0.48314606741573035,0.47191011235955055,-0.5056179775280899,0.5280898876404494,-0.07865168539325842,0.19101123595505617,-0.2696629213483146,0.449438202247191,-0.33707865168539325,0.5393258426966292,-0.33707865168539325,0.5730337078651685,0.07865168539325842,0.2696629213483146,-0.10112359550561797,0.5056179775280899,-0.16853932584269662,0.5730337078651685,-0.1797752808988764,0.5955056179775281,0.19101123595505617,0.33707865168539325,0.07865168539325842,0.550561797752809,0.033707865168539325,0.6067415730337079,0.011235955056179775,0.6067415730337079
8,0.0,0.0,-0.18840579710144928,0.06521739130434782,-0.36231884057971014,0.2028985507246377,-0.5072463768115942,0.26811594202898553,-0.6159420289855072,0.2318840579710145,-0.391304347826087,0.41304347826086957,-0.4057971014492754,0.6811594202898551,-0.42028985507246375,0.8623188405797102,-0.43478260869565216,1.0,-0.3115942028985507,0.427536231884058,-0.09420289855072464,0.5942028985507246,-0.043478260869565216,0.4927536231884058,-0.06521739130434782,0.4057971014492754,-0.18840579710144928,0.42028985507246375,0.0,0.5652173913043478,0.043478260869565216,0.4782608695652174,0.021739130434782608,0.4057971014492754,-0.057971014492753624,0.41304347826086957,0.06521739130434782,0.5362318840579711,0.09420289855072464,0.463768115942029,0.07246376811594203,0.391304347826087
8,0.0,0.0,-0.16417910447761194,0.06716417910447761,-0.3283582089552239,0.20149253731343283,-0.4701492537313433,0.26865671641791045,-0.6044776119402985,0.2462686567164179,-0.3358208955223881,0.3880597014925373,-0.373134328358209,0.6716417910447762,-0.3880597014925373,0.8507462686567164,-0.40298507462686567,1.0,-0.23880597014925373,0.39552238805970147,-0.09701492537313433,0.6492537313432836,-0.05970149253731343,0.5447761194029851,-0.08955223880597014,0.43283582089552236,-0.11194029850746269,0.39552238805970147,0.007462686567164179,0.6194029850746269,0.03731343283582089,0.5298507462686567,0.014925373134328358,0.4253731343283582,0.022388059701492536,0.3880597014925373,0.08955223880597014,0.5746268656716418,0.11194029850746269,0.4925373134328358,0.09701492537313433,0.39552238805970147
8,0.0,0.0,-0.1732283464566929,0.05511811023622047,-0.3543307086614173,0.2047244094488189,-0.5039370078740157,0.25984251968503935,-0.6299212598425197,0.2204724409448819,-0.4015748031496063,0.4015748031496063,-0.4409448818897638,0.6771653543307087,-0.4645669291338583,0.8582677165354331,-0.4881889763779528,1.0,-0.30708661417322836,0.4094488188976378,-0.14173228346456693,0.6614173228346457,-0.09448818897637795,0.5826771653543307,-0.12598425196850394,0.48031496062992124,-0.1732283464566929,0.4015748031496063,-0.023622047244094488,0.6377952755905512,0.007874015748031496,0.5590551181102362,-0.023622047244094488,0.4645669291338583,-0.023622047244094488,0.4015748031496063,0.06299212598425197,0.5984251968503937,0.09448818897637795,0.5196850393700787,0.07874015748031496,0.4251968503937008
8,0.0,0.0,-0.15748031496062992,0.05511811023622047,-0.3228346456692913,0.1968503937007874,-0.4645669291338583,0.2755905511811024,-0.5905511811023622,0.2440944881889764,-0.3779527559055118,0.4015748031496063,-0.4094488188976378,0.6929133858267716,-0.4330708661417323,0.8740157480314961,-0.4645669291338583,1.0,-0.29133858267716534,0.4015748031496063,-0.13385826771653545,0.6929133858267716,-0.06299212598425197,0.6141732283464567,-0.07874015748031496,0.5118110236220472,-0.15748031496062992,0.4015748031496063,-0.015748031496062992,0.6771653543307087,0.03937007874015748,0.5905511811023622,0.023622047244094488,0.48031496062992124,-0.007874015748031496,0.3858267716535433,0.10236220472440945,0.5984251968503937,0.13385826771653545,0.5118110236220472,0.11811023622047244,0.4094488188976378
8,0.0,0.0,-0.171875,0.078125,-0.3515625,0.2265625,-0.5078125,0.296875,-0.6328125,0.234375,-0.390625,0.3984375,-0.421875,0.6875,-0.4453125,0.8671875,-0.4765625,1.0,-0.28125,0.40625,-0.1640625,0.6875,-0.09375,0.6171875,-0.09375,0.515625,-0.1484375,0.3984375,-0.03125,0.6484375,0.015625,0.5859375,0.0078125,0.4921875,0.0,0.390625,0.078125,0.6015625,0.1171875,0.5390625,0.1171875,0.4453125
8,0.0,0.0,-0.192,0.08,-0.384,0.232,-0.552,0.288,-0.68,0.224,-0.424,0.4,-0.432,0.696,-0.448,0.872,-0.464,1.0,-0.32,0.408,-0.192,0.696,-0.152,0.624,-0.16,0.52,-0.168,0.392,-0.056,0.672,-0.024,0.592,-0.04,0.488,-0.008,0.368,0.064,0.616,0.088,0.536,0.08,0.432
8,0.0,0.0,-0.19672131147540983,0.06557377049180328,-0.39344262295081966,0.19672131147540983,-0.5655737704918032,0.26229508196721313,-0.7049180327868853,0.22950819672131148,-0.4426229508196721,0.3770491803278688,-0.5,0.680327868852459,-0.5245901639344263,0.860655737704918,-0.5491803278688525,1.0,-0.3360655737704918,0.38524590163934425,-0.23770491803278687,0.6967213114754098,-0.18032786885245902,0.6147540983606558,-0.1885245901639344,0.5,-0.1885245901639344,0.3770491803278688,-0.09836065573770492,0.6639344262295082,-0.05737704918032787,0.5737704918032787,-0.06557377049180328,0.4672131147540984,-0.02459016393442623,0.36065573770491804,0.02459016393442623,0.6065573770491803,0.04918032786885246,0.5245901639344263,0.040983606557377046,0.4262295081967213
8,0.0,0.0,-0.21052631578947367,0.05263157894736842,-0.43859649122807015,0.17543859649122806,-0.6228070175438597,0.24561403508771928,-0.7807017543859649,0.20175438596491227,-0.4824561403508772,0.3508771929824561,-0.543859649122807,0.6666666666666666,-0.5701754385964912,0.8508771929824561,-0.5877192982456141,1.0,-0.35964912280701755,0.35964912280701755,-0.2543859649122807,0.6929824561403509,-0.21052631578947367,0.6140350877192983,-0.21929824561403508,0.49122807017543857,-0.20175438596491227,0.35964912280701755,-0.10526315789473684,0.6491228070175439,-0.07894736842105263,0.5614035087719298,-0.09649122807017543,0.45614035087719296,-0.043859649122807015,0.35964912280701755,0.0,0.5964912280701754,0.03508771929824561,0.5087719298245614,0.02631578947368421,0.40350877192982454
8,0.0,0.0,-0.21739130434782608,0.05217391304347826,-0.4608695652173913,0.1826086956521739,-0.6521739130434783,0.23478260869565218,-0.808695652173913,0.1565217391304348,-0.5043478260869565,0.3652173913043478,-0.5652173913043478,0.6695652173913044,-0.591304347826087,0.8608695652173913,-0.6,1.0,-0.3739130434782609,0.3739130434782609,-0.2782608695652174,0.7217391304347827,-0.23478260869565218,0.6086956521739131,-0.25217391304347825,0.4782608695652174,-0.20869565217391303,0.3652173913043478,-0.13043478260869565,0.6869565217391305,-0.09565217391304348,0.5826086956521739,-0.11304347826086956,0.46956521739130436,-0.034782608695652174,0.3652173913043478,-0.008695652173913044,0.6260869565217392,0.017391304347826087,0.5304347826086957,0.017391304347826087,0.41739130434782606
8,0.0,0.0,-0.23076923076923078,-0.01282051282051282,-0.5256410256410257,0.11538461538461539,-0.782051282051282,0.20512820512820512,-1.0,0.21794871794871795,-0.5641025641025641,0.3333333333333333,-0.6153846153846154,0.6410256410256411,-0.6666666666666666,0.8461538461538461,-0.6923076923076923,0.9871794871794872,-0.3974358974358974,0.4230769230769231,-0.358974358974359,0.7692307692307693,-0.2948717948717949,0.6923076923076923,-0.2564102564102564,0.5512820512820513,-0.19230769230769232,0.48717948717948717,-0.1794871794871795,0.8076923076923077,-0.1282051282051282,0.7307692307692307,-0.10256410256410256,0.6025641025641025,0.0,0.5128205128205128,0.0,0.7948717948717948,0.038461538461538464,0.7051282051282052,0.0641025641025641,0.5897435897435898
8,0.0,0.0,-0.23478260869565218,0.05217391304347826,-0.5043478260869565,0.1826086956521739,-0.7130434782608696,0.24347826086956523,-0.8695652173913043,0.16521739130434782,-0.5217391304347826,0.33043478260869563,-0.5739130434782609,0.6608695652173913,-0.6,0.8521739130434782,-0.6173913043478261,1.0,-0.3826086956521739,0.3652173913043478,-0.3391304347826087,0.7130434782608696,-0.2956521739130435,0.6173913043478261,-0.28695652173913044,0.48695652173913045,-0.21739130434782608,0.3826086956521739,-0.19130434782608696,0.7043478260869566,-0.1565217391304348,0.6,-0.1565217391304348,0.4782608695652174,-0.043478260869565216,0.4,-0.06086956521739131,0.6521739130434783,-0.02608695652173913,0.5652173913043478,-0.017391304347826087,0.4434782608695652
8,0.0,0.0,-0.2288135593220339,0.05084745762711865,-0.5,0.1694915254237288,-0.711864406779661,0.211864406779661,-0.864406779661017,0.1440677966101695,-0.4830508474576271,0.3305084745762712,-0.5254237288135594,0.652542372881356,-0.5423728813559322,0.847457627118644,-0.5423728813559322,1.0,-0.3305084745762712,0.3644067796610169,-0.3220338983050847,0.7033898305084746,-0.2796610169491525,0.6016949152542372,-0.2711864406779661,0.4576271186440678,-0.16101694915254236,0.3813559322033898,-0.16101694915254236,0.6864406779661016,-0.1440677966101695,0.5932203389830508,-0.1271186440677966,0.4661016949152542,0.00847457627118644,0.3983050847457627,-0.03389830508474576,0.6440677966101694,-0.00847457627118644,0.559322033898305,0.00847457627118644,0.4491525423728814
8,0.0,0.0,-0.21008403361344538,0.03361344537815126,-0.46218487394957986,0.18487394957983194,-0.6638655462184874,0.2689075630252101,-0.8235294117647058,0.2773109243697479,-0.47058823529411764,0.3025210084033613,-0.5042016806722689,0.6302521008403361,-0.5126050420168067,0.8403361344537815,-0.5126050420168067,1.0,-0.31092436974789917,0.31932773109243695,-0.31092436974789917,0.6974789915966386,-0.2773109243697479,0.5882352941176471,-0.2605042016806723,0.4369747899159664,-0.14285714285714285,0.3445378151260504,-0.15966386554621848,0.6890756302521008,-0.11764705882352941,0.5798319327731093,-0.10084033613445378,0.4369747899159664,0.03361344537815126,0.37815126050420167,-0.01680672268907563,0.6386554621848739,0.01680672268907563,0.5462184873949579,0.05042016806722689,0.42016806722689076
8,0.0,0.0,0.19411764705882353,-0.11176470588235295,0.4588235294117647,-0.11176470588235295,0.6647058823529411,-0.1,0.8,-0.1588235294117647,0.5352941176470588,-0.10588235294117647,0.8,0.0058823529411764705,0.9235294117647059,0.11176470588235295,1.0,0.2,0.4764705882352941,0.01764705882352941,0.7647058823529411,0.21176470588235294,0.7176470588235294,0.22941176470588234,0.6352941176470588,0.19411764705882353,0.3941176470588235,0.15294117647058825,0.6294117647058823,0.3352941176470588,0.5647058823529412,0.3235294117647059,0.4823529411764706,0.27058823529411763,0.3058823529411765,0.27647058823529413,0.49411764705882355,0.40588235294117647,0.43529411764705883,0.3764705882352941,0.36470588235294116,0.32941176470588235
8,0.0,0.0,-0.19708029197080293,0.13138686131386862,-0.31386861313868614,0.34306569343065696,-0.35766423357664234,0.5255474452554745,-0.36496350364963503,0.656934306569343,-0.3795620437956204,0.39416058394160586,-0.39416058394160586,0.6861313868613139,-0.3722627737226277,0.8613138686131386,-0.34306569343065696,1.0,-0.24817518248175183,0.40145985401459855,-0.21897810218978103,0.7518248175182481,-0.145985401459854,0.7664233576642335,-0.0948905109489051,0.7007299270072993,-0.10218978102189781,0.40145985401459855,-0.06569343065693431,0.7226277372262774,-0.021897810218978103,0.6934306569343066,-0.021897810218978103,0.6131386861313869,0.051094890510948905,0.38686131386861317,0.08029197080291971,0.656934306569343,0.0948905109489051,0.6642335766423357,0.08759124087591241,0.6058394160583942
8,0.0,0.0,-0.3917525773195876,0.030927835051546393,-0.6804123711340206,0.24742268041237114,-0.865979381443299,0.4845360824742268,-1.0,0.6288659793814433,-0.711340206185567,0.4948453608247423,-0.8865979381443299,0.8762886597938144,-0.9587628865979382,0.9278350515463918,-0.979381443298969,0.9278350515463918,-0.4948453608247423,0.6391752577319587,-0.6391752577319587,0.9278350515463918,-0.6907216494845361,0.9278350515463918,-0.711340206185567,0.9278350515463918,-0.26804123711340205,0.7422680412371134,-0.4020618556701031,0.9278350515463918,-0.44329896907216493,0.9278350515463918,-0.4639175257731959,0.9278350515463918,-0.061855670103092786,0.7938144329896907,-0.16494845360824742,0.9278350515463918,-0.20618556701030927,0.9278350515463918,-0.2268041237113402,0.9278350515463918
8,0.0,0.0,0.2391304347826087,-0.050724637681159424,0.5289855072463768,0.0,0.7246376811594203,0.007246376811594203,0.855072463768116,-0.07246376811594203,0.644927536231884,0.06521739130434782,0.8333333333333334,0.3333333333333333,0.9202898550724637,0.4782608695652174,1.0,0.5942028985507246,0.5652173913043478,0.10144927536231885,0.6159420289855072,0.4782608695652174,0.5217391304347826,0.427536231884058,0.4855072463768116,0.32608695652173914,0.4492753623188406,0.15942028985507245,0.4855072463768116,0.5072463768115942,0.4057971014492754,0.4420289855072464,0.391304347826087,0.34057971014492755,0.3188405797101449,0.2246376811594203,0.34782608695652173,0.4855072463768116,0.2826086956521739,0.427536231884058,0.2608695652173913,0.3333333333333333
8,0.0,0.0,0.1678832116788321,0.11678832116788321,0.35036496350364965,0.291970802919708,0.5182481751824818,0.3722627737226277,0.6788321167883211,0.3795620437956204,0.3795620437956204,0.40875912408759124,0.40875912408759124,0.6934306569343066,0.4306569343065693,0.8686131386861314,0.45985401459854014,1.0,0.291970802919708,0.36496350364963503,0.15328467153284672,0.7153284671532847,0.0948905109489051,0.6423357664233577,0.11678832116788321,0.5255474452554745,0.1678832116788321,0.3284671532846715,0.043795620437956206,0.6423357664233577,0.014598540145985401,0.5620437956204379,0.0364963503649635,0.45985401459854014,0.021897810218978103,0.291970802919708,-0.043795620437956206,0.5547445255474452,-0.072992700729927,0.48905109489051096,-0.058394160583941604,0.38686131386861317
8,0.0,0.0,0.171875,0.1015625,0.3671875,0.28125,0.515625,0.375,0.6640625,0.390625,0.421875,0.390625,0.4453125,0.6953125,0.4609375,0.8671875,0.484375,1.0,0.328125,0.3515625,0.1875,0.71875,0.125,0.65625,0.140625,0.53125,0.1875,0.3203125,0.0625,0.65625,0.0234375,0.5625,0.0546875,0.453125,0.03125,0.28125,-0.0546875,0.5625,-0.0859375,0.4765625,-0.0546875,0.359375
8,0.0,0.0,0.1732283464566929,0.10236220472440945,0.36220472440944884,0.29133858267716534,0.5118110236220472,0.3858267716535433,0.6456692913385826,0.4251968503937008,0.4015748031496063,0.4015748031496063,0.4330708661417323,0.7007874015748031,0.4566929133858268,0.8661417322834646,0.4881889763779528,1.0,0.2992125984251969,0.3700787401574803,0.1968503937007874,0.7559055118110236,0.12598425196850394,0.6850393700787402,0.14173228346456693,0.5511811023622047,0.15748031496062992,0.33070866141732286,0.06299212598425197,0.6771653543307087,0.015748031496062992,0.5984251968503937,0.031496062992125984,0.4881889763779528,0.007874015748031496,0.29133858267716534,-0.047244094488188976,0.5669291338582677,-0.09448818897637795,0.4881889763779528,-0.08661417322834646,0.3858267716535433
8,0.0,0.0,0.19166666666666668,0.1,0.4083333333333333,0.2833333333333333,0.575,0.39166666666666666,0.7416666666666667,0.43333333333333335,0.425,0.38333333333333336,0.4666666666666667,0.6916666666666667,0.5,0.8666666666666667,0.5416666666666666,1.0,0.31666666666666665,0.36666666666666664,0.20833333333333334,0.7666666666666667,0.14166666666666666,0.6916666666666667,0.15,0.55,0.16666666666666666,0.3416666666666667,0.06666666666666667,0.6916666666666667,0.025,0.6,0.05,0.48333333333333334,0.0,0.31666666666666665,-0.06666666666666667,0.6,-0.09166666666666666,0.5166666666666667,-0.06666666666666667,0.4
8,0.0,0.0,0.208,0.104,0.424,0.264,0.6,0.344,0.76,0.368,0.408,0.392,0.448,0.688,0.48,0.864,0.52,1.0,0.28,0.36,0.224,0.776,0.168,0.696,0.168,0.544,0.112,0.336,0.064,0.688,0.024,0.584,0.04,0.464,-0.064,0.304,-0.08,0.6,-0.104,0.504,-0.088,0.384
8,0.0,0.0,0.21875,0.09375,0.453125,0.265625,0.6484375,0.3359375,0.8125,0.3203125,0.3984375,0.3671875,0.453125,0.6796875,0.4765625,0.859375,0.5,1.0,0.2578125,0.3515625,0.2421875,0.7421875,0.1953125,0.6640625,0.171875,0.53125,0.09375,0.3359375,0.078125,0.671875,0.0390625,0.578125,0.046875,0.4609375,-0.078125,0.3203125,-0.0703125,0.6015625,-0.0859375,0.515625,-0.0859375,0.3984375
8,0.0,0.0,0.23809523809523808,0.07142857142857142,0.49206349206349204,0.24603174603174602,0.6904761904761905,0.3412698412698413,0.8492063492063492,0.3333333333333333,0.42857142857142855,0.373015873015873,0.47619047619047616,0.6825396825396826,0.5,0.8571428571428571,0.5158730158730159,1.0,0.2857142857142857,0.35714285714285715,0.2777777777777778,0.753968253968254,0.21428571428571427,0.6825396825396826,0.19047619047619047,0.5476190476190477,0.1111111111111111,0.3412698412698413,0.10317460317460317,0.6825396825396826,0.05555555555555555,0.5952380952380952,0.05555555555555555,0.46825396825396826,-0.07142857142857142,0.31746031746031744,-0.05555555555555555,0.6031746031746031,-0.07936507936507936,0.5238095238095238,-0.07142857142857142,0.3968253968253968
8,0.0,0.0,0.2222222222222222,0.07142857142857142,0.48412698412698413,0.23809523809523808,0.6825396825396826,0.3333333333333333,0.8492063492063492,0.3253968253968254,0.4126984126984127,0.373015873015873,0.4603174603174603,0.6825396825396826,0.47619047619047616,0.8571428571428571,0.48412698412698413,1.0,0.2619047619047619,0.373015873015873,0.25396825396825395,0.746031746031746,0.21428571428571427,0.6507936507936508,0.19047619047619047,0.5079365079365079,0.0873015873015873,0.35714285714285715,0.0873015873015873,0.6825396825396826,0.05555555555555555,0.5793650793650794,0.047619047619047616,0.4523809523809524,-0.0873015873015873,0.3412698412698413,-0.06349206349206349,0.6031746031746031,-0.0873015873015873,0.5079365079365079,-0.0873015873015873,0.3888888888888889
8,0.0,0.0,0.23529411764705882,-0.029411764705882353,0.5,0.0784313725490196,0.7254901960784313,0.14705882352941177,0.9313725490196079,0.16666666666666666,0.38235294117647056,0.3627450980392157,0.4117647058823529,0.6274509803921569,0.4117647058823529,0.8333333333333334,0.4117647058823529,1.0,0.19607843137254902,0.4117647058823529,0.18627450980392157,0.5882352941176471,0.1568627450980392,0.5098039215686274,0.12745098039215685,0.4117647058823529,0.0196078431372549,0.38235294117647056,0.00980392156862745,0.5196078431372549,-0.00980392156862745,0.43137254901960786,-0.0196078431372549,0.3431372549019608,-0.12745098039215685,0.3137254901960784,-0.11764705882352941,0.37254901960784315,-0.14705882352941177,0.29411764705882354,-0.1568627450980392,0.22549019607843138
8,0.0,0.0,0.2265625,0.0703125,0.484375,0.234375,0.6796875,0.3125,0.8359375,0.3046875,0.3828125,0.3671875,0.4140625,0.6875,0.4296875,0.859375,0.4375,1.0,0.2265625,0.375,0.234375,0.7265625,0.203125,0.625,0.203125,0.484375,0.0625,0.3671875,0.078125,0.6796875,0.0546875,0.5703125,0.046875,0.4453125,-0.109375,0.3515625,-0.078125,0.6015625,-0.0859375,0.5078125,-0.09375,0.390625
8,0.0,0.0,0.21897810218978103,0.06569343065693431,0.46715328467153283,0.23357664233576642,0.6642335766423357,0.31386861313868614,0.8321167883211679,0.30656934306569344,0.35036496350364965,0.36496350364963503,0.35766423357664234,0.6934306569343066,0.35766423357664234,0.8613138686131386,0.35766423357664234,1.0,0.17518248175182483,0.3722627737226277,0.19708029197080293,0.7153284671532847,0.20437956204379562,0.6277372262773723,0.20437956204379562,0.49635036496350365,0.0072992700729927005,0.36496350364963503,0.051094890510948905,0.656934306569343,0.043795620437956206,0.5693430656934306,0.0364963503649635,0.45255474452554745,-0.15328467153284672,0.35766423357664234,-0.10218978102189781,0.5912408759124088,-0.10218978102189781,0.5036496350364964,-0.11678832116788321,0.40145985401459855
8,0.0,0.0,0.24087591240875914,0.058394160583941604,0.48175182481751827,0.22627737226277372,0.6788321167883211,0.29927007299270075,0.8467153284671532,0.291970802919708,0.35036496350364965,0.3795620437956204,0.35036496350364965,0.6934306569343066,0.3357664233576642,0.8686131386861314,0.30656934306569344,1.0,0.18248175182481752,0.39416058394160586,0.19708029197080293,0.7153284671532847,0.2116788321167883,0.6204379562043796,0.20437956204379562,0.48905109489051096,0.021897810218978103,0.39416058394160586,0.043795620437956206,0.6642335766423357,0.043795620437956206,0.5620437956204379,0.0364963503649635,0.45255474452554745,-0.1386861313868613,0.3795620437956204,-0.10218978102189781,0.5985401459854015,-0.10218978102189781,0.5036496350364964,-0.10948905109489052,0.40145985401459855
8,0.0,0.0,0.22297297297297297,0.07432432432432433,0.4391891891891892,0.22972972972972974,0.6216216216216216,0.31756756756756754,0.7702702702702703,0.31756756756756754,0.3108108108108108,0.41216216216216217,0.2905405405405405,0.7162162162162162,0.2702702702702703,0.8783783783783784,0.24324324324324326,1.0,0.14189189189189189,0.43243243243243246,0.14189189189189189,0.7094594594594594,0.16891891891891891,0.6148648648648649,0.17567567567567569,0.5,-0.02027027027027027,0.4189189189189189,0.0,0.668918918918919,0.013513513513513514,0.581081081081081,0.013513513513513514,0.47297297297297297,-0.16891891891891891,0.39864864864864863,-0.13513513513513514,0.6013513513513513,-0.12162162162162163,0.5202702702702703,-0.12837837837837837,0.43243243243243246
8,0.0,0.0,0.23333333333333334,0.08,0.44666666666666666,0.21333333333333335,0.64,0.2866666666666667,0.7866666666666666,0.28,0.3,0.41333333333333333,0.3,0.7,0.29333333333333333,0.8733333333333333,0.28,1.0,0.14,0.44666666666666666,0.16,0.6933333333333334,0.18666666666666668,0.6066666666666667,0.18,0.49333333333333335,-0.02,0.43333333333333335,0.013333333333333334,0.6466666666666666,0.03333333333333333,0.5666666666666667,0.02,0.4666666666666667,-0.17333333333333334,0.4066666666666667,-0.13333333333333333,0.5933333333333334,-0.10666666666666667,0.52,-0.10666666666666667,0.4266666666666667
8,0.0,0.0,0.2222222222222222,0.0784313725490196,0.41830065359477125,0.2222222222222222,0.6013071895424836,0.29411764705882354,0.7516339869281046,0.28104575163398693,0.28104575163398693,0.41830065359477125,0.28104575163398693,0.7058823529411765,0.28104575163398693,0.8758169934640523,0.27450980392156865,1.0,0.11764705882352941,0.4444444444444444,0.1437908496732026,0.6928104575163399,0.16993464052287582,0.6143790849673203,0.16993464052287582,0.49673202614379086,-0.032679738562091505,0.43137254901960786,0.0,0.6470588235294118,0.013071895424836602,0.5751633986928104,0.006535947712418301,0.477124183006536,-0.1830065359477124,0.40522875816993464,-0.1437908496732026,0.5947712418300654,-0.11764705882352941,0.5228758169934641,-0.12418300653594772,0.43137254901960786
8,0.0,0.0,0.21935483870967742,0.08387096774193549,0.3935483870967742,0.2064516129032258,0.5741935483870968,0.2709677419354839,0.7096774193548387,0.27741935483870966,0.25161290322580643,0.432258064516129,0.25806451612903225,0.7096774193548387,0.2645161290322581,0.8774193548387097,0.25161290322580643,1.0,0.0967741935483871,0.45806451612903226,0.12903225806451613,0.6774193548387096,0.16129032258064516,0.6,0.16129032258064516,0.4967741935483871,-0.05806451612903226,0.43870967741935485,-0.012903225806451613,0.6258064516129033,0.012903225806451613,0.5612903225806452,0.0,0.4645161290322581,-0.1935483870967742,0.4129032258064516,-0.14193548387096774,0.567741935483871,-0.11612903225806452,0.4967741935483871,-0.12903225806451613,0.4129032258064516
8,0.0,0.0,0.21518987341772153,0.06329113924050633,0.3987341772151899,0.17721518987341772,0.5822784810126582,0.24050632911392406,0.7278481012658228,0.25316455696202533,0.2974683544303797,0.4177215189873418,0.2911392405063291,0.7088607594936709,0.27848101265822783,0.8734177215189873,0.26582278481012656,1.0,0.13924050632911392,0.43670886075949367,0.13924050632911392,0.6645569620253164,0.1518987341772152,0.5822784810126582,0.15822784810126583,0.47468354430379744,-0.0189873417721519,0.43037974683544306,0.006329113924050633,0.6139240506329114,0.006329113924050633,0.5443037974683544,0.0,0.45569620253164556,-0.16455696202531644,0.41139240506329117,-0.12025316455696203,0.5632911392405063,-0.12025316455696203,0.4873417721518987,-0.12658227848101267,0.41139240506329117
8,0.0,0.0,0.23125,0.0625,0.4125,0.16875,0.5875,0.2375,0.725,0.25,0.3,0.4125,0.3,0.7,0.3,0.86875,0.3,1.0,0.14375,0.45,0.16875,0.6625,0.18125,0.575,0.175,0.4625,-0.0125,0.44375,0.025,0.61875,0.03125,0.5375,0.025,0.44375,-0.14375,0.41875,-0.10625,0.55625,-0.09375,0.48125,-0.1,0.40625
8,0.0,0.0,0.2484472049689441,0.049689440993788817,0.4472049689440994,0.16149068322981366,0.6335403726708074,0.2360248447204969,0.7763975155279503,0.2422360248447205,0.36645962732919257,0.422360248447205,0.36645962732919257,0.7018633540372671,0.37888198757763975,0.8695652173913043,0.38509316770186336,1.0,0.20496894409937888,0.4782608695652174,0.2422360248447205,0.6583850931677019,0.2422360248447205,0.5714285714285714,0.22981366459627328,0.4720496894409938,0.049689440993788817,0.484472049689441,0.09316770186335403,0.6335403726708074,0.08695652173913043,0.5590062111801242,0.07453416149068323,0.45962732919254656,-0.09316770186335403,0.4782608695652174,-0.043478260869565216,0.5900621118012422,-0.043478260869565216,0.515527950310559,-0.062111801242236024,0.43478260869565216
8,0.0,0.0,0.2375,0.03125,0.45625,0.14375,0.64375,0.20625,0.79375,0.2,0.39375,0.41875,0.4,0.7,0.40625,0.875,0.41875,1.0,0.24375,0.4625,0.23125,0.66875,0.21875,0.5875,0.20625,0.475,0.0875,0.46875,0.0875,0.63125,0.06875,0.55625,0.06875,0.45625,-0.0625,0.45625,-0.05,0.5875,-0.0625,0.50625,-0.0625,0.41875
8,0.0,0.0,0.24539877300613497,0.03067484662576687,0.44785276073619634,0.1411042944785276,0.6257668711656442,0.2085889570552147,0.7730061349693251,0.20245398773006135,0.3803680981595092,0.4233128834355828,0.3987730061349693,0.7055214723926381,0.4110429447852761,0.8711656441717791,0.4233128834355828,1.0,0.22699386503067484,0.48466257668711654,0.22699386503067484,0.656441717791411,0.22085889570552147,0.5828220858895705,0.2085889570552147,0.48466257668711654,0.0736196319018405,0.48466257668711654,0.08588957055214724,0.6073619631901841,0.07975460122699386,0.5460122699386503,0.0736196319018405,0.4601226993865031,-0.06134969325153374,0.4723926380368098,-0.049079754601226995,0.558282208588957,-0.05521472392638037,0.49693251533742333,-0.06134969325153374,0.4294478527607362
8,0.0,0.0,0.2222222222222222,-0.013888888888888888,0.4097222222222222,0.08333333333333333,0.5902777777777778,0.1527777777777778,0.7569444444444444,0.14583333333333334,0.3333333333333333,0.3958333333333333,0.3541666666666667,0.6527777777777778,0.3472222222222222,0.8472222222222222,0.3402777777777778,1.0,0.1736111111111111,0.4444444444444444,0.1388888888888889,0.6597222222222222,0.1111111111111111,0.5694444444444444,0.1111111111111111,0.4375,0.013888888888888888,0.4375,-0.006944444444444444,0.6111111111111112,-0.027777777777777776,0.5347222222222222,-0.020833333333333332,0.4305555555555556,-0.125,0.4097222222222222,-0.125,0.5416666666666666,-0.1388888888888889,0.4722222222222222,-0.13194444444444445,0.3958333333333333
8,0.0,0.0,0.22023809523809523,0.047619047619047616,0.4107142857142857,0.16071428571428573,0.5773809523809523,0.22023809523809523,0.7083333333333334,0.20833333333333334,0.35119047619047616,0.43452380952380953,0.3630952380952381,0.7083333333333334,0.36904761904761907,0.875,0.38095238095238093,1.0,0.20833333333333334,0.48214285714285715,0.17857142857142858,0.6785714285714286,0.16666666666666666,0.6011904761904762,0.16666666666666666,0.4880952380952381,0.05952380952380952,0.48214285714285715,0.041666666666666664,0.6309523809523809,0.03571428571428571,0.5595238095238095,0.041666666666666664,0.4583333333333333,-0.07738095238095238,0.4583333333333333,-0.08333333333333333,0.5595238095238095,-0.08333333333333333,0.4880952380952381,-0.07738095238095238,0.4107142857142857
8,0.0,0.0,0.22424242424242424,0.03636363636363636,0.40606060606060607,0.14545454545454545,0.5878787878787879,0.20606060606060606,0.7333333333333333,0.19393939393939394,0.36363636363636365,0.4303030303030303,0.38181818181818183,0.7090909090909091,0.3878787878787879,0.8727272727272727,0.4,1.0,0.21212121212121213,0.48484848484848486,0.19393939393939394,0.6666666666666666,0.18787878787878787,0.5757575757575758,0.19393939393939394,0.46060606060606063,0.06060606060606061,0.47878787878787876,0.05454545454545454,0.6121212121212121,0.05454545454545454,0.5393939393939394,0.05454545454545454,0.43636363636363634,-0.07878787878787878,0.46060606060606063,-0.06666666666666667,0.5333333333333333,-0.06666666666666667,0.46060606060606063,-0.06060606060606061,0.37575757575757573
8,0.0,0.0,0.21705426356589147,-0.046511627906976744,0.4263565891472868,0.046511627906976744,0.6124031007751938,0.11627906976744186,0.7829457364341085,0.13178294573643412,0.32558139534883723,0.3875968992248062,0.34108527131782945,0.6821705426356589,0.3643410852713178,0.875968992248062,0.3798449612403101,1.0,0.16279069767441862,0.4186046511627907,0.15503875968992248,0.6124031007751938,0.15503875968992248,0.5348837209302325,0.16279069767441862,0.4418604651162791,0.031007751937984496,0.40310077519379844,0.023255813953488372,0.5503875968992248,0.031007751937984496,0.4806201550387597,0.031007751937984496,0.3875968992248062,-0.07751937984496124,0.3643410852713178,-0.06201550387596899,0.4728682170542636,-0.06201550387596899,0.40310077519379844,-0.07751937984496124,0.3178294573643411
8,0.0,0.0,0.21212121212121213,0.04242424242424243,0.3939393939393939,0.14545454545454545,0.5696969696969697,0.20606060606060606,0.7151515151515152,0.2,0.3575757575757576,0.41818181818181815,0.38181818181818183,0.703030303030303,0.3878787878787879,0.8727272727272727,0.4,1.0,0.21818181818181817,0.4666666666666667,0.19393939393939394,0.6787878787878788,0.17575757575757575,0.5818181818181818,0.18181818181818182,0.45454545454545453,0.06666666666666667,0.46060606060606063,0.048484848484848485,0.6121212121212121,0.03636363636363636,0.5333333333333333,0.03636363636363636,0.42424242424242425,-0.07272727272727272,0.43636363636363634,-0.06666666666666667,0.5333333333333333,-0.07272727272727272,0.45454545454545453,-0.07272727272727272,0.3696969696969697
8,0.0,0.0,0.2147239263803681,0.03680981595092025,0.3987730061349693,0.12883435582822086,0.5766871165644172,0.18404907975460122,0.7177914110429447,0.17177914110429449,0.3619631901840491,0.4049079754601227,0.39263803680981596,0.6932515337423313,0.4049079754601227,0.8650306748466258,0.4171779141104294,1.0,0.22699386503067484,0.4601226993865031,0.18404907975460122,0.6625766871165644,0.15950920245398773,0.5705521472392638,0.15950920245398773,0.4539877300613497,0.0736196319018405,0.4723926380368098,0.04294478527607362,0.6257668711656442,0.018404907975460124,0.5521472392638037,0.018404907975460124,0.4539877300613497,-0.06748466257668712,0.4662576687116564,-0.0736196319018405,0.5828220858895705,-0.08588957055214724,0.50920245398773,-0.08588957055214724,0.4233128834355828
8,0.0,0.0,0.21341463414634146,0.024390243902439025,0.4024390243902439,0.12804878048780488,0.5792682926829268,0.18902439024390244,0.7195121951219512,0.17682926829268292,0.3780487804878049,0.42073170731707316,0.4024390243902439,0.7073170731707317,0.42073170731707316,0.8719512195121951,0.4329268292682927,1.0,0.25,0.4634146341463415,0.18902439024390244,0.6585365853658537,0.17073170731707318,0.5548780487804879,0.18292682926829268,0.4451219512195122,0.10365853658536585,0.4634146341463415,0.054878048780487805,0.6219512195121951,0.036585365853658534,0.5365853658536586,0.04878048780487805,0.4329268292682927,-0.036585365853658534,0.4451219512195122,-0.06097560975609756,0.5548780487804879,-0.07317073170731707,0.4695121951219512,-0.06097560975609756,0.3902439024390244
8,0.0,0.0,0.20496894409937888,0.031055900621118012,0.38509316770186336,0.13043478260869565,0.5527950310559007,0.18633540372670807,0.6956521739130435,0.16770186335403728,0.37267080745341613,0.4161490683229814,0.39751552795031053,0.7018633540372671,0.422360248447205,0.8695652173913043,0.4409937888198758,1.0,0.2546583850931677,0.4720496894409938,0.17391304347826086,0.6583850931677019,0.14906832298136646,0.5590062111801242,0.15527950310559005,0.4472049689440994,0.10559006211180125,0.4782608695652174,0.037267080745341616,0.6273291925465838,0.018633540372670808,0.546583850931677,0.031055900621118012,0.4409937888198758,-0.037267080745341616,0.4658385093167702,-0.08074534161490683,0.5652173913043478,-0.09316770186335403,0.484472049689441,-0.08074534161490683,0.39751552795031053
8,0.0,0.0,0.1858974358974359,0.00641025641025641,0.38461538461538464,0.08974358974358974,0.5512820512820513,0.15384615384615385,0.6858974358974359,0.1282051282051282,0.3782051282051282,0.391025641025641,0.40384615384615385,0.6858974358974359,0.4230769230769231,0.8653846153846154,0.4358974358974359,1.0,0.2564102564102564,0.44871794871794873,0.16025641025641027,0.6474358974358975,0.1282051282051282,0.5384615384615384,0.1282051282051282,0.4166666666666667,0.10897435897435898,0.4551282051282051,0.02564102564102564,0.6153846153846154,0.0,0.5192307692307693,0.01282051282051282,0.41025641025641024,-0.02564102564102564,0.4551282051282051,-0.08333333333333333,0.5448717948717948,-0.10256410256410256,0.44871794871794873,-0.08974358974358974,0.3525641025641026
8,0.0,0.0,0.19480519480519481,0.01948051948051948,0.38311688311688313,0.1038961038961039,0.551948051948052,0.15584415584415584,0.6883116883116883,0.14935064935064934,0.37662337662337664,0.4090909090909091,0.4090909090909091,0.7012987012987013,0.43506493506493504,0.8701298701298701,0.44805194805194803,1.0,0.2662337662337662,0.461038961038961,0.15584415584415584,0.6493506493506493,0.12337662337662338,0.5454545454545454,0.13636363636363635,0.43506493506493504,0.12337662337662338,0.461038961038961,0.025974025974025976,0.6233766233766234,0.006493506493506494,0.5324675324675324,0.025974025974025976,0.42857142857142855,-0.012987012987012988,0.45454545454545453,-0.09740259740259741,0.5714285714285714,-0.11038961038961038,0.487012987012987,-0.08441558441558442,0.3961038961038961
8,0.0,0.0,0.1830065359477124,0.0196078431372549,0.3660130718954248,0.1111111111111111,0.5228758169934641,0.16339869281045752,0.6470588235294118,0.1503267973856209,0.3790849673202614,0.4117647058823529,0.40522875816993464,0.6993464052287581,0.41830065359477125,0.869281045751634,0.43790849673202614,1.0,0.28104575163398693,0.45751633986928103,0.1568627450980392,0.6601307189542484,0.1111111111111111,0.5555555555555556,0.12418300653594772,0.4444444444444444,0.1437908496732026,0.46405228758169936,0.026143790849673203,0.6405228758169934,-0.006535947712418301,0.5424836601307189,0.013071895424836602,0.4444444444444444,0.006535947712418301,0.45751633986928103,-0.0915032679738562,0.5882352941176471,-0.1111111111111111,0.49673202614379086,-0.0915032679738562,0.40522875816993464
8,0.0,0.0,0.18181818181818182,0.025974025974025976,0.35064935064935066,0.11038961038961038,0.4935064935064935,0.16883116883116883,0.6103896103896104,0.14285714285714285,0.38311688311688313,0.4090909090909091,0.4025974025974026,0.7012987012987013,0.4155844155844156,0.8701298701298701,0.44155844155844154,1.0,0.2857142857142857,0.44155844155844154,0.15584415584415584,0.6623376623376623,0.1038961038961039,0.551948051948052,0.11688311688311688,0.44155844155844154,0.14935064935064934,0.44805194805194803,0.025974025974025976,0.6363636363636364,-0.006493506493506494,0.5324675324675324,0.012987012987012988,0.42857142857142855,0.012987012987012988,0.44805194805194803,-0.09090909090909091,0.577922077922078,-0.11688311688311688,0.474025974025974,-0.09740259740259741,0.38961038961038963
8,0.0,0.0,0.1830065359477124,0.0196078431372549,0.3660130718954248,0.10457516339869281,0.5098039215686274,0.16993464052287582,0.6209150326797386,0.13725490196078433,0.3790849673202614,0.4117647058823529,0.39869281045751637,0.6993464052287581,0.41830065359477125,0.869281045751634,0.43137254901960786,1.0,0.2875816993464052,0.4444444444444444,0.1503267973856209,0.6535947712418301,0.10457516339869281,0.5490196078431373,0.11764705882352941,0.43790849673202614,0.1568627450980392,0.43790849673202614,0.0196078431372549,0.6274509803921569,-0.006535947712418301,0.5359477124183006,0.0196078431372549,0.43137254901960786,0.026143790849673203,0.43790849673202614,-0.0915032679738562,0.5686274509803921,-0.11764705882352941,0.477124183006536,-0.0915032679738562,0.38562091503267976
8,0.0,0.0,0.19047619047619047,0.013605442176870748,0.3673469387755102,0.09523809523809523,0.5034013605442177,0.16326530612244897,0.6258503401360545,0.1564625850340136,0.4013605442176871,0.3945578231292517,0.4217687074829932,0.6938775510204082,0.43537414965986393,0.8639455782312925,0.4489795918367347,1.0,0.29931972789115646,0.42857142857142855,0.1836734693877551,0.6530612244897959,0.1360544217687075,0.5510204081632653,0.14965986394557823,0.43537414965986393,0.1564625850340136,0.43537414965986393,0.05442176870748299,0.6462585034013606,0.027210884353741496,0.5510204081632653,0.04081632653061224,0.43537414965986393,0.013605442176870748,0.43537414965986393,-0.05442176870748299,0.5850340136054422,-0.08163265306122448,0.4965986394557823,-0.061224489795918366,0.4013605442176871
8,0.0,0.0,0.16556291390728478,0.026490066225165563,0.31788079470198677,0.11920529801324503,0.4503311258278146,0.18543046357615894,0.5695364238410596,0.18543046357615894,0.36423841059602646,0.41721854304635764,0.39072847682119205,0.7019867549668874,0.4105960264900662,0.8675496688741722,0.4370860927152318,1.0,0.2847682119205298,0.4370860927152318,0.13245033112582782,0.6556291390728477,0.08609271523178808,0.5562913907284768,0.10596026490066225,0.45695364238410596,0.15894039735099338,0.423841059602649,0.013245033112582781,0.6158940397350994,-0.013245033112582781,0.5298013245033113,0.019867549668874173,0.4304635761589404,0.033112582781456956,0.4105960264900662,-0.09271523178807947,0.5562913907284768,-0.11920529801324503,0.47019867549668876,-0.08609271523178808,0.37748344370860926
8,0.0,0.0,0.18243243243243243,0.04054054054054054,0.3108108108108108,0.14189189189189189,0.4189189189189189,0.19594594594594594,0.5135135135135135,0.1891891891891892,0.3783783783783784,0.4391891891891892,0.39864864864864863,0.7162162162162162,0.42567567567567566,0.8716216216216216,0.4527027027027027,1.0,0.2972972972972973,0.4527027027027027,0.14189189189189189,0.6756756756756757,0.0945945945945946,0.5743243243243243,0.11486486486486487,0.4797297297297297,0.17567567567567569,0.4391891891891892,0.02027027027027027,0.6418918918918919,-0.006756756756756757,0.5472972972972973,0.02027027027027027,0.4594594594594595,0.05405405405405406,0.41216216216216217,-0.08783783783783784,0.5743243243243243,-0.10810810810810811,0.4864864864864865,-0.07432432432432433,0.40540540540540543
8,0.0,0.0,0.1724137931034483,0.027586206896551724,0.32413793103448274,0.11724137931034483,0.4413793103448276,0.18620689655172415,0.5172413793103449,0.14482758620689656,0.38620689655172413,0.41379310344827586,0.41379310344827586,0.7103448275862069,0.43448275862068964,0.8758620689655172,0.45517241379310347,1.0,0.30344827586206896,0.43448275862068964,0.13793103448275862,0.6689655172413793,0.08275862068965517,0.5655172413793104,0.10344827586206896,0.45517241379310347,0.1793103448275862,0.4206896551724138,0.013793103448275862,0.6275862068965518,-0.020689655172413793,0.5310344827586206,0.0,0.42758620689655175,0.05517241379310345,0.41379310344827586,-0.09655172413793103,0.5379310344827586,-0.1310344827586207,0.4482758620689655,-0.11724137931034483,0.3586206896551724
8,0.0,0.0,0.16326530612244897,0.04081632653061224,0.30612244897959184,0.14965986394557823,0.4217687074829932,0.22448979591836735,0.5238095238095238,0.21768707482993196,0.3945578231292517,0.43537414965986393,0.4217687074829932,0.7142857142857143,0.4489795918367347,0.8775510204081632,0.47619047619047616,1.0,0.3401360544217687,0.43537414965986393,0.14285714285714285,0.6802721088435374,0.08163265306122448,0.5782312925170068,0.10884353741496598,0.48299319727891155,0.23809523809523808,0.40816326530612246,0.047619047619047616,0.6258503401360545,0.006802721088435374,0.5306122448979592,0.04081632653061224,0.4421768707482993,0.12244897959183673,0.3877551020408163,-0.047619047619047616,0.5578231292517006,-0.08843537414965986,0.47619047619047616,-0.061224489795918366,0.3945578231292517
8,0.0,0.0,0.16551724137931034,0.041379310344827586,0.3103448275862069,0.16551724137931034,0.4206896551724138,0.2482758620689655,0.5310344827586206,0.22758620689655173,0.4,0.4206896551724138,0.42758620689655175,0.7103448275862069,0.45517241379310347,0.8689655172413793,0.4896551724137931,1.0,0.35172413793103446,0.41379310344827586,0.16551724137931034,0.6758620689655173,0.10344827586206896,0.5862068965517241,0.13793103448275862,0.4896551724137931,0.25517241379310346,0.4,0.06206896551724138,0.6275862068965518,0.027586206896551724,0.5379310344827586,0.06896551724137931,0.46206896551724136,0.13793103448275862,0.3793103448275862,-0.027586206896551724,0.5655172413793104,-0.06206896551724138,0.47586206896551725,-0.020689655172413793,0.3931034482758621
8,0.0,0.0,0.1619718309859155,0.08450704225352113,0.2887323943661972,0.21830985915492956,0.36619718309859156,0.2887323943661972,0.43661971830985913,0.28169014084507044,0.3732394366197183,0.44366197183098594,0.4084507042253521,0.7112676056338029,0.43661971830985913,0.8732394366197183,0.47183098591549294,1.0,0.30985915492957744,0.4295774647887324,0.11971830985915492,0.704225352112676,0.04929577464788732,0.6267605633802817,0.06338028169014084,0.5352112676056338,0.19718309859154928,0.4084507042253521,0.014084507042253521,0.6408450704225352,-0.028169014084507043,0.5563380281690141,0.007042253521126761,0.4788732394366197,0.07042253521126761,0.38028169014084506,-0.07746478873239436,0.5633802816901409,-0.09859154929577464,0.4788732394366197,-0.07042253521126761,0.4084507042253521
8,0.0,0.0,0.14788732394366197,0.08450704225352113,0.2676056338028169,0.2112676056338028,0.352112676056338,0.3028169014084507,0.4225352112676056,0.3028169014084507,0.34507042253521125,0.4084507042253521,0.36619718309859156,0.6971830985915493,0.39436619718309857,0.8661971830985915,0.4225352112676056,1.0,0.2746478873239437,0.4014084507042254,0.07042253521126761,0.676056338028169,-0.007042253521126761,0.5774647887323944,0.014084507042253521,0.4788732394366197,0.15492957746478872,0.3591549295774648,-0.06338028169014084,0.5915492957746479,-0.1056338028169014,0.5,-0.07042253521126761,0.4084507042253521,0.014084507042253521,0.31690140845070425,-0.16901408450704225,0.4647887323943662,-0.2112676056338028,0.3873239436619718,-0.19014084507042253,0.31690140845070425
8,0.0,0.0,0.13286713286713286,0.11188811188811189,0.2517482517482518,0.2517482517482518,0.34265734265734266,0.3076923076923077,0.3916083916083916,0.26573426573426573,0.3006993006993007,0.45454545454545453,0.32167832167832167,0.7272727272727273,0.35664335664335667,0.8811188811188811,0.3986013986013986,1.0,0.23776223776223776,0.4125874125874126,0.03496503496503497,0.6853146853146853,-0.02097902097902098,0.6013986013986014,0.013986013986013986,0.5034965034965035,0.11888111888111888,0.36363636363636365,-0.0979020979020979,0.6153846153846154,-0.13986013986013987,0.5314685314685315,-0.1048951048951049,0.4405594405594406,-0.013986013986013986,0.3006993006993007,-0.20279720279720279,0.48951048951048953,-0.25874125874125875,0.4195804195804196,-0.25874125874125875,0.35664335664335667
8,0.0,0.0,0.12878787878787878,0.12878787878787878,0.2196969696969697,0.3181818181818182,0.2196969696969697,0.49242424242424243,0.16666666666666666,0.6136363636363636,0.3712121212121212,0.4318181818181818,0.4015151515151515,0.7121212121212122,0.4393939393939394,0.8712121212121212,0.48484848484848486,1.0,0.3333333333333333,0.4015151515151515,0.11363636363636363,0.7196969696969697,0.022727272727272728,0.6515151515151515,0.022727272727272728,0.553030303030303,0.22727272727272727,0.36363636363636365,0.015151515151515152,0.6590909090909091,-0.06818181818181818,0.5833333333333334,-0.07575757575757576,0.48484848484848486,0.11363636363636363,0.32575757575757575,-0.07575757575757576,0.5454545454545454,-0.16666666666666666,0.48484848484848486,-0.19696969696969696,0.4166666666666667
8,0.0,0.0,0.1590909090909091,0.12121212121212122,0.26515151515151514,0.3106060606060606,0.25,0.48484848484848486,0.1893939393939394,0.6060606060606061,0.3939393939393939,0.42424242424242425,0.4393939393939394,0.7045454545454546,0.4772727272727273,0.8712121212121212,0.5227272727272727,1.0,0.3409090909090909,0.3939393939393939,0.14393939393939395,0.7121212121212122,0.045454545454545456,0.6515151515151515,0.03787878787878788,0.5606060606060606,0.22727272727272727,0.3712121212121212,0.030303030303030304,0.6515151515151515,-0.045454545454545456,0.5833333333333334,-0.03787878787878788,0.49242424242424243,0.10606060606060606,0.3409090909090909,-0.05303030303030303,0.553030303030303,-0.12878787878787878,0.48484848484848486,-0.13636363636363635,0.4090909090909091
8,0.0,0.0,0.1693548387096774,0.12903225806451613,0.2903225806451613,0.33064516129032256,0.3064516129032258,0.5241935483870968,0.2661290322580645,0.6532258064516129,0.4435483870967742,0.4112903225806452,0.49193548387096775,0.7096774193548387,0.532258064516129,0.8709677419354839,0.5887096774193549,1.0,0.3870967741935484,0.3790322580645161,0.20967741935483872,0.7258064516129032,0.12903225806451613,0.6532258064516129,0.14516129032258066,0.5564516129032258,0.27419354838709675,0.3548387096774194,0.08870967741935484,0.6612903225806451,0.04032258064516129,0.5806451612903226,0.07258064516129033,0.49193548387096775,0.13709677419354838,0.33064516129032256,0.008064516129032258,0.5725806451612904,-0.04032258064516129,0.5,-0.024193548387096774,0.41935483870967744
8,0.0,0.0,0.11475409836065574,0.1557377049180328,0.22131147540983606,0.36885245901639346,0.2459016393442623,0.5573770491803278,0.22950819672131148,0.6967213114754098,0.4098360655737705,0.4426229508196721,0.47540983606557374,0.7131147540983607,0.5327868852459017,0.8770491803278688,0.5901639344262295,1.0,0.3770491803278688,0.4016393442622951,0.18032786885245902,0.7295081967213115,0.09016393442622951,0.6475409836065574,0.11475409836065574,0.5491803278688525,0.2786885245901639,0.36065573770491804,0.08196721311475409,0.6557377049180327,0.01639344262295082,0.5655737704918032,0.04918032786885246,0.47540983606557374,0.14754098360655737,0.319672131147541,0.0,0.5491803278688525,-0.05737704918032787,0.4672131147540984,-0.03278688524590164,0.3770491803278688
8,0.0,0.0,0.13675213675213677,0.17094017094017094,0.2564102564102564,0.37606837606837606,0.27350427350427353,0.5555555555555556,0.23931623931623933,0.7008547008547008,0.452991452991453,0.4444444444444444,0.5299145299145299,0.7008547008547008,0.5897435897435898,0.8717948717948718,0.6495726495726496,1.0,0.41025641025641024,0.4017094017094017,0.23076923076923078,0.7264957264957265,0.1111111111111111,0.6837606837606838,0.07692307692307693,0.5897435897435898,0.3162393162393162,0.3504273504273504,0.11965811965811966,0.6495726495726496,0.02564102564102564,0.5982905982905983,0.017094017094017096,0.5213675213675214,0.18803418803418803,0.29914529914529914,0.042735042735042736,0.5128205128205128,-0.042735042735042736,0.48717948717948717,-0.06837606837606838,0.42735042735042733
8,0.0,0.0,0.1588785046728972,0.08411214953271028,0.2897196261682243,0.308411214953271,0.308411214953271,0.5046728971962616,0.2616822429906542,0.6542056074766355,0.3925233644859813,0.37383177570093457,0.4485981308411215,0.6448598130841121,0.4485981308411215,0.8504672897196262,0.4392523364485981,1.0,0.29906542056074764,0.3925233644859813,0.2616822429906542,0.7009345794392523,0.18691588785046728,0.794392523364486,0.1308411214953271,0.822429906542056,0.16822429906542055,0.40186915887850466,0.14018691588785046,0.6915887850467289,0.08411214953271028,0.7570093457943925,0.037383177570093455,0.7570093457943925,0.018691588785046728,0.3925233644859813,0.009345794392523364,0.6355140186915887,-0.037383177570093455,0.7102803738317757,-0.06542056074766354,0.7289719626168224
8,0.0,0.0,-0.2608695652173913,-0.1826086956521739,-0.5739130434782609,-0.14782608695652175,-0.808695652173913,-0.017391304347826087,-1.0,0.034782608695652174,-0.5565217391304348,0.10434782608695652,-0.7739130434782608,0.28695652173913044,-0.8956521739130435,0.3565217391304348,-0.9826086956521739,0.3565217391304348,-0.43478260869565216,0.26956521739130435,-0.6521739130434783,0.3565217391304348,-0.7739130434782608,0.3565217391304348,-0.8608695652173913,0.3565217391304348,-0.3217391304347826,0.3565217391304348,-0.5304347826086957,0.3565217391304348,-0.6434782608695652,0.3565217391304348,-0.7217391304347827,0.3565217391304348,-0.24347826086956523,0.3565217391304348,-0.41739130434782606,0.3565217391304348,-0.5130434782608696,0.3565217391304348,-0.5739130434782609,0.3565217391304348
8,0.0,0.0,0.22608695652173913,-0.02608695652173913,0.4608695652173913,0.0782608695652174,0.6434782608695652,0.1565217391304348,0.7913043478260869,0.13043478260869565,0.48695652173913045,0.40869565217391307,0.5652173913043478,0.6695652173913044,0.591304347826087,0.8608695652173913,0.6,1.0,0.3652173913043478,0.4782608695652174,0.34782608695652173,0.6782608695652174,0.30434782608695654,0.6782608695652174,0.2782608695652174,0.6347826086956522,0.2,0.5043478260869565,0.19130434782608696,0.6956521739130435,0.1565217391304348,0.6782608695652174,0.1391304347826087,0.6260869565217392,0.034782608695652174,0.5043478260869565,0.02608695652173913,0.6521739130434783,0.0,0.6173913043478261,-0.008695652173913044,0.5565217391304348
8,0.0,0.0,-0.3089430894308943,-0.08130081300813008,-0.5934959349593496,0.0,-0.8130081300813008,0.11382113821138211,-1.0,0.11382113821138211,-0.5121951219512195,0.3008130081300813,-0.6585365853658537,0.5934959349593496,-0.7560975609756098,0.7398373983739838,-0.8211382113821138,0.7479674796747967,-0.3252032520325203,0.43089430894308944,-0.4959349593495935,0.6910569105691057,-0.6016260162601627,0.7479674796747967,-0.6666666666666666,0.7479674796747967,-0.17073170731707318,0.5203252032520326,-0.34146341463414637,0.7479674796747967,-0.44715447154471544,0.7479674796747967,-0.5121951219512195,0.7479674796747967,-0.04065040650406504,0.5772357723577236,-0.1951219512195122,0.7479674796747967,-0.2845528455284553,0.7479674796747967,-0.34146341463414637,0.7479674796747967
8,0.0,0.0,0.2777777777777778,-0.015873015873015872,0.5396825396825397,0.07936507936507936,0.7619047619047619,0.11904761904761904,0.9285714285714286,0.07142857142857142,0.5555555555555556,0.36507936507936506,0.6825396825396826,0.6666666666666666,0.753968253968254,0.8571428571428571,0.8015873015873016,1.0,0.3888888888888889,0.47619047619047616,0.46825396825396826,0.746031746031746,0.4365079365079365,0.6507936507936508,0.3888888888888889,0.5238095238095238,0.20634920634920634,0.5396825396825397,0.2777777777777778,0.7380952380952381,0.25396825396825395,0.6587301587301587,0.20634920634920634,0.5476190476190477,0.031746031746031744,0.5634920634920635,0.10317460317460317,0.7142857142857143,0.07936507936507936,0.6428571428571429,0.03968253968253968,0.5555555555555556
8,0.0,0.0,-0.296875,-0.125,-0.578125,-0.0546875,-0.8203125,0.015625,-1.0,-0.0078125,-0.5859375,0.2890625,-0.703125,0.6015625,-0.765625,0.8046875,-0.8125,0.953125,-0.421875,0.421875,-0.546875,0.546875,-0.5078125,0.453125,-0.4296875,0.359375,-0.25,0.5,-0.3828125,0.5703125,-0.34375,0.5,-0.2734375,0.40625,-0.1015625,0.546875,-0.234375,0.59375,-0.1875,0.5078125,-0.1328125,0.4296875
8,0.0,0.0,0.2803030303030303,-0.030303030303030304,0.5303030303030303,0.05303030303030303,0.75,0.09090909090909091,0.9166666666666666,0.045454545454545456,0.553030303030303,0.38636363636363635,0.6666666666666666,0.6742424242424242,0.7196969696969697,0.8636363636363636,0.7651515151515151,1.0,0.4015151515151515,0.5,0.4166666666666667,0.6212121212121212,0.38636363636363635,0.5303030303030303,0.3484848484848485,0.42424242424242425,0.2196969696969697,0.5378787878787878,0.24242424242424243,0.5757575757575758,0.21212121212121213,0.5,0.17424242424242425,0.4090909090909091,0.05303030303030303,0.5378787878787878,0.06818181818181818,0.5303030303030303,0.05303030303030303,0.45454545454545453,0.022727272727272728,0.38636363636363635
8,0.0,0.0,-0.30303030303030304,-0.10606060606060606,-0.5833333333333334,-0.05303030303030303,-0.8257575757575758,0.03787878787878788,-1.0,0.0,-0.5909090909090909,0.32575757575757575,-0.7121212121212122,0.6666666666666666,-0.7878787878787878,0.8484848484848485,-0.8333333333333334,0.9090909090909091,-0.42424242424242425,0.4696969696969697,-0.5151515151515151,0.5757575757575758,-0.4772727272727273,0.4772727272727273,-0.4166666666666667,0.36363636363636365,-0.25,0.5454545454545454,-0.3409090909090909,0.5757575757575758,-0.3106060606060606,0.49242424242424243,-0.25,0.3939393939393939,-0.09090909090909091,0.5909090909090909,-0.18181818181818182,0.5984848484848485,-0.15151515151515152,0.5075757575757576,-0.10606060606060606,0.4318181818181818
8,0.0,0.0,0.296875,-0.0546875,0.5703125,0.0234375,0.796875,0.0625,0.9609375,0.015625,0.59375,0.3828125,0.71875,0.6875,0.7890625,0.875,0.8359375,1.0,0.4453125,0.5,0.4453125,0.65625,0.40625,0.5546875,0.375,0.4453125,0.25,0.546875,0.265625,0.6484375,0.234375,0.5703125,0.1953125,0.46875,0.0703125,0.5546875,0.0859375,0.6171875,0.0625,0.546875,0.0390625,0.4609375
8,0.0,0.0,-0.30303030303030304,-0.09090909090909091,-0.5984848484848485,-0.022727272727272728,-0.8257575757575758,0.06818181818181818,-1.0,0.05303030303030303,-0.5833333333333334,0.38636363636363635,-0.696969696969697,0.7045454545454546,-0.7651515151515151,0.8712121212121212,-0.8106060606060606,0.8712121212121212,-0.4166666666666667,0.5151515151515151,-0.4772727272727273,0.5757575757575758,-0.4318181818181818,0.4696969696969697,-0.36363636363636365,0.3560606060606061,-0.23484848484848486,0.5757575757575758,-0.29545454545454547,0.5984848484848485,-0.26515151515151514,0.5,-0.21212121212121213,0.4166666666666667,-0.07575757575757576,0.6212121212121212,-0.14393939393939395,0.6439393939393939,-0.12121212121212122,0.553030303030303,-0.08333333333333333,0.4772727272727273
8,0.0,0.0,0.3125,-0.078125,0.59375,-0.0078125,0.828125,0.0390625,1.0,0.0,0.625,0.3671875,0.75,0.6640625,0.828125,0.8515625,0.8828125,0.9296875,0.46875,0.5078125,0.4921875,0.59375,0.4609375,0.5,0.40625,0.40625,0.2734375,0.5546875,0.3125,0.6015625,0.28125,0.53125,0.234375,0.4453125,0.1015625,0.5625,0.1171875,0.6015625,0.09375,0.5390625,0.046875,0.46875
8,0.0,0.0,-0.2824427480916031,-0.11450381679389313,-0.5954198473282443,-0.06870229007633588,-0.8244274809160306,0.030534351145038167,-1.0,0.022900763358778626,-0.5725190839694656,0.3511450381679389,-0.6870229007633588,0.6564885496183206,-0.7557251908396947,0.7786259541984732,-0.7938931297709924,0.7786259541984732,-0.40458015267175573,0.4961832061068702,-0.4580152671755725,0.5419847328244275,-0.4198473282442748,0.42748091603053434,-0.3511450381679389,0.32061068702290074,-0.22900763358778625,0.5725190839694656,-0.29770992366412213,0.5954198473282443,-0.26717557251908397,0.48854961832061067,-0.20610687022900764,0.3893129770992366,-0.07633587786259542,0.6259541984732825,-0.1450381679389313,0.6641221374045801,-0.11450381679389313,0.5725190839694656,-0.07633587786259542,0.48091603053435117
8,0.0,0.0,0.304,-0.072,0.576,0.0,0.816,0.04,1.0,0.0,0.608,0.408,0.736,0.68,0.816,0.864,0.88,0.936,0.448,0.56,0.456,0.56,0.424,0.472,0.368,0.376,0.248,0.6,0.28,0.576,0.248,0.496,0.192,0.408,0.072,0.6,0.08,0.576,0.064,0.496,0.032,0.424
8,0.0,0.0,-0.31343283582089554,-0.08955223880597014,-0.5895522388059702,-0.029850746268656716,-0.8283582089552238,0.05223880597014925,-1.0,0.03731343283582089,-0.582089552238806,0.3805970149253731,-0.7014925373134329,0.6716417910447762,-0.7686567164179104,0.835820895522388,-0.8134328358208955,0.8805970149253731,-0.417910447761194,0.5223880597014925,-0.5149253731343284,0.5149253731343284,-0.4925373134328358,0.40298507462686567,-0.43283582089552236,0.30597014925373134,-0.23880597014925373,0.5746268656716418,-0.34328358208955223,0.5373134328358209,-0.31343283582089554,0.44776119402985076,-0.26119402985074625,0.3656716417910448,-0.08208955223880597,0.6044776119402985,-0.1791044776119403,0.5671641791044776,-0.16417910447761194,0.47761194029850745,-0.11940298507462686,0.40298507462686567
8,0.0,0.0,0.2992125984251969,-0.06299212598425197,0.5590551181102362,0.0,0.8031496062992126,0.047244094488188976,0.9763779527559056,0.007874015748031496,0.6062992125984252,0.3858267716535433,0.7401574803149606,0.6850393700787402,0.8188976377952756,0.8740157480314961,0.8818897637795275,1.0,0.4645669291338583,0.5275590551181102,0.4645669291338583,0.6062992125984252,0.4251968503937008,0.5118110236220472,0.3858267716535433,0.4094488188976378,0.29133858267716534,0.5748031496062992,0.2992125984251969,0.6141732283464567,0.2677165354330709,0.5354330708661418,0.2283464566929134,0.4409448818897638,0.12598425196850394,0.5905511811023622,0.13385826771653545,0.5984251968503937,0.11023622047244094,0.5196850393700787,0.07874015748031496,0.4409448818897638
8,0.0,0.0,-0.3082706766917293,-0.09774436090225563,-0.5864661654135338,-0.045112781954887216,-0.8270676691729323,0.03759398496240601,-1.0,0.03007518796992481,-0.5789473684210527,0.37593984962406013,-0.706766917293233,0.6466165413533834,-0.7744360902255639,0.7819548872180451,-0.8120300751879699,0.7819548872180451,-0.42105263157894735,0.5263157894736842,-0.49624060150375937,0.556390977443609,-0.47368421052631576,0.47368421052631576,-0.43609022556390975,0.40601503759398494,-0.24060150375939848,0.5939849624060151,-0.3308270676691729,0.6541353383458647,-0.3383458646616541,0.6165413533834586,-0.3082706766917293,0.5639097744360902,-0.09022556390977443,0.631578947368421,-0.16541353383458646,0.7218045112781954,-0.18796992481203006,0.7142857142857143,-0.17293233082706766,0.706766917293233
8,0.0,0.0,0.3064516129032258,-0.08870967741935484,0.5806451612903226,-0.024193548387096774,0.8145161290322581,0.016129032258064516,1.0,-0.016129032258064516,0.6209677419354839,0.3870967741935484,0.7580645161290323,0.6451612903225806,0.8467741935483871,0.8225806451612904,0.9193548387096774,0.9193548387096774,0.47580645161290325,0.5483870967741935,0.5,0.5403225806451613,0.4596774193548387,0.45161290322580644,0.4032258064516129,0.3790322580645161,0.28225806451612906,0.6048387096774194,0.3225806451612903,0.5725806451612904,0.2903225806451613,0.5,0.23387096774193547,0.41935483870967744,0.10483870967741936,0.6209677419354839,0.12903225806451613,0.5887096774193549,0.11290322580645161,0.5080645161290323,0.07258064516129033,0.43548387096774194
8,0.0,0.0,-0.3106060606060606,-0.10606060606060606,-0.6212121212121212,-0.03787878787878788,-0.8409090909090909,0.07575757575757576,-1.0,0.09848484848484848,-0.5984848484848485,0.3484848484848485,-0.7348484848484849,0.5909090909090909,-0.803030303030303,0.7121212121212122,-0.8409090909090909,0.7121212121212122,-0.4318181818181818,0.48484848484848486,-0.5606060606060606,0.6212121212121212,-0.5378787878787878,0.5454545454545454,-0.48484848484848486,0.4696969696969697,-0.26515151515151514,0.5681818181818182,-0.3939393939393939,0.6666666666666666,-0.3787878787878788,0.5909090909090909,-0.3181818181818182,0.5075757575757576,-0.11363636363636363,0.6136363636363636,-0.2196969696969697,0.6893939393939394,-0.2196969696969697,0.6060606060606061,-0.18181818181818182,0.5378787878787878
8,0.0,0.0,0.2926829268292683,-0.10569105691056911,0.5853658536585366,-0.04878048780487805,0.8211382113821138,0.016260162601626018,1.0,-0.032520325203252036,0.6260162601626016,0.35772357723577236,0.7723577235772358,0.6341463414634146,0.8373983739837398,0.7804878048780488,0.8861788617886179,0.7967479674796748,0.4634146341463415,0.4878048780487805,0.4878048780487805,0.6991869918699187,0.44715447154471544,0.6097560975609756,0.4065040650406504,0.4878048780487805,0.2764227642276423,0.5528455284552846,0.2926829268292683,0.7154471544715447,0.2682926829268293,0.6260162601626016,0.23577235772357724,0.5121951219512195,0.10569105691056911,0.5691056910569106,0.11382113821138211,0.6585365853658537,0.0975609756097561,0.5772357723577236,0.07317073170731707,0.4878048780487805
8,0.0,0.0,-0.3064516129032258,-0.12903225806451613,-0.6370967741935484,-0.04032258064516129,-0.8306451612903226,0.14516129032258066,-1.0,0.20161290322580644,-0.5967741935483871,0.25806451612903225,-0.782258064516129,0.46774193548387094,-0.8951612903225806,0.46774193548387094,-0.967741935483871,0.46774193548387094,-0.4435483870967742,0.3951612903225806,-0.6290322580645161,0.46774193548387094,-0.7419354838709677,0.46774193548387094,-0.8225806451612904,0.46774193548387094,-0.3064516129032258,0.46774193548387094,-0.4838709677419355,0.46774193548387094,-0.5806451612903226,0.46774193548387094,-0.6612903225806451,0.46774193548387094,-0.1935483870967742,0.46774193548387094,-0.3387096774193548,0.46774193548387094,-0.41935483870967744,0.46774193548387094,-0.49193548387096775,0.46774193548387094
8,0.0,0.0,0.3125,-0.08928571428571429,0.6160714285714286,0.026785714285714284,0.8035714285714286,0.20535714285714285,0.9642857142857143,0.2857142857142857,0.6964285714285714,0.35714285714285715,0.875,0.625,0.9464285714285714,0.7053571428571429,1.0,0.7053571428571429,0.5446428571428571,0.5,0.6875,0.7053571428571429,0.75,0.7053571428571429,0.7767857142857143,0.7053571428571429,0.375,0.5892857142857143,0.5,0.7053571428571429,0.5714285714285714,0.7053571428571429,0.5982142857142857,0.7053571428571429,0.19642857142857142,0.6517857142857143,0.30357142857142855,0.7053571428571429,0.36607142857142855,0.7053571428571429,0.4017857142857143,0.7053571428571429
8,0.0,0.0,-0.33,-0.17,-0.67,-0.09,-0.84,0.12,-0.96,0.26,-0.63,0.21,-0.81,0.41,-0.92,0.41,-1.0,0.41,-0.48,0.35,-0.67,0.41,-0.78,0.41,-0.87,0.41,-0.36,0.41,-0.53,0.41,-0.63,0.41,-0.71,0.41,-0.25,0.41,-0.4,0.41,-0.48,0.41,-0.55,0.41
8,0.0,0.0,0.32142857142857145,-0.125,0.625,0.017857142857142856,0.75,0.24107142857142858,0.7678571428571429,0.4017857142857143,0.7678571428571429,0.3125,0.9464285714285714,0.5625,0.9910714285714286,0.5625,1.0,0.5625,0.6160714285714286,0.4642857142857143,0.7589285714285714,0.5625,0.7857142857142857,0.5625,0.7857142857142857,0.5625,0.44642857142857145,0.5625,0.5714285714285714,0.5625,0.6071428571428571,0.5625,0.6071428571428571,0.5625,0.2767857142857143,0.5625,0.375,0.5625,0.4017857142857143,0.5625,0.4107142857142857,0.5625
8,0.0,0.0,-0.2857142857142857,-0.1038961038961039,-0.5714285714285714,-0.07792207792207792,-0.7662337662337663,0.05194805194805195,-0.8311688311688312,0.23376623376623376,-0.7272727272727273,-0.09090909090909091,-1.0,0.09090909090909091,-1.0,0.19480519480519481,-0.922077922077922,0.22077922077922077,-0.7012987012987013,0.06493506493506493,-0.961038961038961,0.24675324675324675,-0.922077922077922,0.24675324675324675,-0.8311688311688312,0.24675324675324675,-0.6363636363636364,0.2077922077922078,-0.8831168831168831,0.24675324675324675,-0.8311688311688312,0.24675324675324675,-0.7272727272727273,0.24675324675324675,-0.5714285714285714,0.24675324675324675,-0.7662337662337663,0.24675324675324675,-0.7142857142857143,0.24675324675324675,-0.6493506493506493,0.24675324675324675
8,0.0,0.0,0.2518518518518518,-0.044444444444444446,0.5185185185185185,0.007407407407407408,0.725925925925926,0.044444444444444446,0.8814814814814815,0.007407407407407408,0.6296296296296297,0.34074074074074073,0.8074074074074075,0.6296296296296297,0.9111111111111111,0.7925925925925926,1.0,0.9185185185185185,0.5259259259259259,0.4444444444444444,0.48148148148148145,0.6888888888888889,0.4074074074074074,0.5925925925925926,0.37037037037037035,0.4666666666666667,0.35555555555555557,0.5111111111111111,0.31851851851851853,0.7037037037037037,0.25925925925925924,0.6148148148148148,0.22962962962962963,0.5037037037037037,0.18518518518518517,0.5555555555555556,0.15555555555555556,0.6962962962962963,0.1111111111111111,0.6148148148148148,0.0962962962962963,0.5111111111111111
8,0.0,0.0,0.24615384615384617,-0.03076923076923077,0.46153846153846156,0.03076923076923077,0.6538461538461539,0.07692307692307693,0.7923076923076923,0.05384615384615385,0.5538461538461539,0.38461538461538464,0.6846153846153846,0.7,0.7615384615384615,0.8692307692307693,0.8307692307692308,1.0,0.4461538461538462,0.4846153846153846,0.35384615384615387,0.7230769230769231,0.2846153846153846,0.6230769230769231,0.26153846153846155,0.5076923076923077,0.2846153846153846,0.5307692307692308,0.19230769230769232,0.7153846153846154,0.14615384615384616,0.6230769230769231,0.13846153846153847,0.5153846153846153,0.12307692307692308,0.5538461538461539,0.046153846153846156,0.6923076923076923,0.007692307692307693,0.6,0.007692307692307693,0.5076923076923077
8,0.0,0.0,0.22695035460992907,-0.02127659574468085,0.41134751773049644,0.05673758865248227,0.574468085106383,0.09219858156028368,0.7021276595744681,0.0851063829787234,0.48226950354609927,0.3971631205673759,0.5531914893617021,0.7021276595744681,0.6099290780141844,0.8723404255319149,0.6595744680851063,1.0,0.375886524822695,0.46808510638297873,0.2695035460992908,0.6666666666666666,0.2198581560283688,0.5673758865248227,0.2198581560283688,0.46808510638297873,0.22695035460992907,0.49645390070921985,0.1347517730496454,0.6524822695035462,0.09929078014184398,0.5673758865248227,0.10638297872340426,0.475177304964539,0.07801418439716312,0.5035460992907801,0.0,0.6170212765957447,-0.02127659574468085,0.5390070921985816,-0.014184397163120567,0.44680851063829785
8,0.0,0.0,0.2222222222222222,-0.013888888888888888,0.4166666666666667,0.0625,0.5625,0.0763888888888889,0.6666666666666666,0.020833333333333332,0.4444444444444444,0.4097222222222222,0.4930555555555556,0.7013888888888888,0.5347222222222222,0.875,0.5763888888888888,1.0,0.3333333333333333,0.4861111111111111,0.2222222222222222,0.6180555555555556,0.1875,0.5208333333333334,0.19444444444444445,0.4236111111111111,0.1875,0.5069444444444444,0.1111111111111111,0.6041666666666666,0.09027777777777778,0.5208333333333334,0.10416666666666667,0.4375,0.05555555555555555,0.5138888888888888,0.0,0.5972222222222222,-0.013888888888888888,0.5208333333333334,-0.006944444444444444,0.4444444444444444
8,0.0,0.0,0.22377622377622378,-0.03496503496503497,0.3916083916083916,0.04195804195804196,0.5174825174825175,0.09090909090909091,0.6223776223776224,0.04895104895104895,0.44755244755244755,0.3986013986013986,0.5034965034965035,0.6853146853146853,0.5384615384615384,0.8671328671328671,0.5734265734265734,1.0,0.32867132867132864,0.4825174825174825,0.23776223776223776,0.6293706293706294,0.1958041958041958,0.5384615384615384,0.18181818181818182,0.45454545454545453,0.1888111888111888,0.5034965034965035,0.1258741258741259,0.6153846153846154,0.1048951048951049,0.5454545454545454,0.1048951048951049,0.46153846153846156,0.07692307692307693,0.4965034965034965,0.027972027972027972,0.5804195804195804,0.006993006993006993,0.5174825174825175,0.006993006993006993,0.45454545454545453
8,0.0,0.0,0.18115942028985507,0.0,0.3333333333333333,0.06521739130434782,0.45652173913043476,0.07971014492753623,0.5434782608695652,0.028985507246376812,0.39855072463768115,0.4492753623188406,0.427536231884058,0.7246376811594203,0.4492753623188406,0.8840579710144928,0.4782608695652174,1.0,0.2898550724637681,0.5072463768115942,0.15217391304347827,0.644927536231884,0.11594202898550725,0.5579710144927537,0.13768115942028986,0.47101449275362317,0.15217391304347827,0.5072463768115942,0.036231884057971016,0.6304347826086957,0.021739130434782608,0.5434782608695652,0.050724637681159424,0.463768115942029,0.028985507246376812,0.5,-0.057971014492753624,0.5869565217391305,-0.07246376811594203,0.5144927536231884,-0.050724637681159424,0.4420289855072464
8,0.0,0.0,0.20610687022900764,-0.030534351145038167,0.366412213740458,0.03816793893129771,0.48091603053435117,0.04580152671755725,0.5725190839694656,-0.030534351145038167,0.40458015267175573,0.4198473282442748,0.4580152671755725,0.6946564885496184,0.4961832061068702,0.8778625954198473,0.5267175572519084,1.0,0.2748091603053435,0.48854961832061067,0.2748091603053435,0.6106870229007634,0.26717557251908397,0.4961832061068702,0.24427480916030533,0.40458015267175573,0.13740458015267176,0.5038167938931297,0.13740458015267176,0.6412213740458015,0.1450381679389313,0.5419847328244275,0.13740458015267176,0.45038167938931295,0.015267175572519083,0.48854961832061067,0.015267175572519083,0.6106870229007634,0.022900763358778626,0.5419847328244275,0.015267175572519083,0.46564885496183206
8,0.0,0.0,0.1640625,-0.015625,0.3125,0.0234375,0.4296875,0.0234375,0.53125,-0.046875,0.375,0.40625,0.4296875,0.6875,0.4609375,0.8671875,0.4921875,1.0,0.265625,0.4765625,0.15625,0.625,0.109375,0.5234375,0.1171875,0.4296875,0.1328125,0.4921875,0.0390625,0.6171875,0.0234375,0.5234375,0.0390625,0.4296875,0.015625,0.484375,-0.0546875,0.578125,-0.0703125,0.5,-0.0546875,0.4140625
8,0.0,0.0,0.14285714285714285,-0.015873015873015872,0.2619047619047619,0.023809523809523808,0.35714285714285715,0.031746031746031744,0.4365079365079365,-0.031746031746031744,0.3253968253968254,0.42857142857142855,0.373015873015873,0.6984126984126984,0.40476190476190477,0.8650793650793651,0.4444444444444444,1.0,0.23809523809523808,0.47619047619047616,0.07142857142857142,0.6349206349206349,0.007936507936507936,0.5317460317460317,0.023809523809523808,0.4365079365079365,0.12698412698412698,0.47619047619047616,-0.031746031746031744,0.5952380952380952,-0.07142857142857142,0.49206349206349204,-0.047619047619047616,0.40476190476190477,0.015873015873015872,0.4523809523809524,-0.1111111111111111,0.5396825396825397,-0.14285714285714285,0.4444444444444444,-0.12698412698412698,0.373015873015873
8,0.0,0.0,0.14615384615384616,0.11538461538461539,0.2,0.2923076923076923,0.14615384615384616,0.4307692307692308,0.06923076923076923,0.5076923076923077,0.23076923076923078,0.45384615384615384,0.2846153846153846,0.7153846153846154,0.3153846153846154,0.8769230769230769,0.35384615384615387,1.0,0.13076923076923078,0.47692307692307695,-0.015384615384615385,0.6461538461538462,-0.07692307692307693,0.5615384615384615,-0.06923076923076923,0.47692307692307695,0.007692307692307693,0.46153846153846156,-0.11538461538461539,0.6153846153846154,-0.15384615384615385,0.5307692307692308,-0.14615384615384616,0.45384615384615384,-0.1,0.4230769230769231,-0.19230769230769232,0.5384615384615384,-0.2153846153846154,0.46923076923076923,-0.2076923076923077,0.4076923076923077
8,0.0,0.0,0.10077519379844961,0.15503875968992248,0.12403100775193798,0.32558139534883723,0.06201550387596899,0.4573643410852713,-0.015503875968992248,0.5348837209302325,0.20155038759689922,0.46511627906976744,0.24031007751937986,0.7131782945736435,0.27906976744186046,0.875968992248062,0.31007751937984496,1.0,0.14728682170542637,0.46511627906976744,-0.07751937984496124,0.6434108527131783,-0.17054263565891473,0.5736434108527132,-0.17054263565891473,0.5038759689922481,0.05426356589147287,0.43410852713178294,-0.17054263565891473,0.5581395348837209,-0.21705426356589147,0.49612403100775193,-0.20155038759689922,0.43410852713178294,-0.05426356589147287,0.3798449612403101,-0.20930232558139536,0.4573643410852713,-0.24031007751937986,0.4108527131782946,-0.20930232558139536,0.35658914728682173
8,0.0,0.0,0.12,0.112,0.176,0.272,0.128,0.392,0.048,0.432,0.168,0.448,0.2,0.712,0.224,0.872,0.256,1.0,0.088,0.464,-0.112,0.616,-0.16,0.52,-0.12,0.432,-0.008,0.44,-0.2,0.56,-0.216,0.472,-0.176,0.4,-0.112,0.4,-0.264,0.488,-0.28,0.416,-0.232,0.352
8,0.0,0.0,0.16216216216216217,0.033783783783783786,0.3108108108108108,0.12162162162162163,0.42567567567567566,0.1554054054054054,0.5337837837837838,0.12162162162162163,0.22297297297297297,0.47297297297297297,0.20270270270270271,0.722972972972973,0.20270270270270271,0.8783783783783784,0.20270270270270271,1.0,0.11486486486486487,0.5,-0.02702702702702703,0.581081081081081,-0.02702702702702703,0.46621621621621623,0.013513513513513514,0.3716216216216216,-0.006756756756756757,0.47297297297297297,-0.12162162162162163,0.5405405405405406,-0.10810810810810811,0.43243243243243246,-0.060810810810810814,0.35135135135135137,-0.12162162162162163,0.43243243243243246,-0.21621621621621623,0.4797297297297297,-0.19594594594594594,0.38513513513513514,-0.16216216216216217,0.3108108108108108
8,0.0,0.0,0.20270270270270271,0.02702702702702703,0.36486486486486486,0.10810810810810811,0.5135135135135135,0.14864864864864866,0.6418918918918919,0.11486486486486487,0.27702702702702703,0.47297297297297297,0.25,0.722972972972973,0.23648648648648649,0.8783783783783784,0.23648648648648649,1.0,0.1554054054054054,0.5202702702702703,0.0472972972972973,0.581081081081081,0.04054054054054054,0.49324324324324326,0.060810810810810814,0.4189189189189189,0.02027027027027027,0.5,-0.060810810810810814,0.5337837837837838,-0.05405405405405406,0.4527027027027027,-0.02702702702702703,0.38513513513513514,-0.10810810810810811,0.4594594594594595,-0.16891891891891891,0.47297297297297297,-0.1554054054054054,0.39864864864864863,-0.13513513513513514,0.33783783783783783
8,0.0,0.0,0.21656050955414013,0.03184713375796178,0.36942675159235666,0.12738853503184713,0.535031847133758,0.17197452229299362,0.6624203821656051,0.15286624203821655,0.2802547770700637,0.4585987261146497,0.27388535031847133,0.7197452229299363,0.2611464968152866,0.8726114649681529,0.25477707006369427,1.0,0.1464968152866242,0.5095541401273885,0.06369426751592357,0.5796178343949044,0.07006369426751592,0.49044585987261147,0.08917197452229299,0.39490445859872614,0.006369426751592357,0.4840764331210191,-0.050955414012738856,0.5031847133757962,-0.044585987261146494,0.42038216560509556,-0.01910828025477707,0.34394904458598724,-0.11464968152866242,0.4394904458598726,-0.1592356687898089,0.445859872611465,-0.1464968152866242,0.3630573248407643,-0.12101910828025478,0.29936305732484075
8,0.0,0.0,0.20512820512820512,0.038461538461538464,0.40384615384615385,0.14743589743589744,0.5769230769230769,0.1794871794871795,0.717948717948718,0.15384615384615385,0.3076923076923077,0.47435897435897434,0.3076923076923077,0.7243589743589743,0.30128205128205127,0.8717948717948718,0.30128205128205127,1.0,0.17307692307692307,0.5128205128205128,0.14102564102564102,0.5897435897435898,0.1346153846153846,0.5,0.1346153846153846,0.40384615384615385,0.038461538461538464,0.5,0.01282051282051282,0.5384615384615384,0.01282051282051282,0.44871794871794873,0.019230769230769232,0.36538461538461536,-0.08333333333333333,0.4551282051282051,-0.11538461538461539,0.4807692307692308,-0.10256410256410256,0.3974358974358974,-0.08333333333333333,0.3333333333333333
8,0.0,0.0,0.24203821656050956,0.025477707006369428,0.43312101910828027,0.12738853503184713,0.6114649681528662,0.17834394904458598,0.7388535031847133,0.16560509554140126,0.34394904458598724,0.4585987261146497,0.35668789808917195,0.7261146496815286,0.3503184713375796,0.8789808917197452,0.3503184713375796,1.0,0.20382165605095542,0.5095541401273885,0.17834394904458598,0.6114649681528662,0.17197452229299362,0.5286624203821656,0.16560509554140126,0.43312101910828027,0.05732484076433121,0.4968152866242038,0.05732484076433121,0.5477707006369427,0.044585987261146494,0.4713375796178344,0.044585987261146494,0.39490445859872614,-0.07006369426751592,0.46496815286624205,-0.07006369426751592,0.4840764331210191,-0.07006369426751592,0.4140127388535032,-0.06369426751592357,0.3503184713375796
8,0.0,0.0,0.21794871794871795,0.038461538461538464,0.42948717948717946,0.14102564102564102,0.6089743589743589,0.1794871794871795,0.75,0.16025641025641027,0.3141025641025641,0.4551282051282051,0.33974358974358976,0.717948717948718,0.33974358974358976,0.8782051282051282,0.33974358974358976,1.0,0.16025641025641027,0.4935897435897436,0.19230769230769232,0.6474358974358975,0.1987179487179487,0.5961538461538461,0.1987179487179487,0.5192307692307693,0.019230769230769232,0.47435897435897434,0.04487179487179487,0.5641025641025641,0.05128205128205128,0.4935897435897436,0.0641025641025641,0.41025641025641024,-0.10897435897435898,0.4423076923076923,-0.07692307692307693,0.4935897435897436,-0.0641025641025641,0.42948717948717946,-0.04487179487179487,0.36538461538461536
8,0.0,0.0,0.21019108280254778,0.03821656050955414,0.4140127388535032,0.12738853503184713,0.5987261146496815,0.1464968152866242,0.7452229299363057,0.12101910828025478,0.2802547770700637,0.45222929936305734,0.3248407643312102,0.7133757961783439,0.3248407643312102,0.8726114649681529,0.3184713375796178,1.0,0.11464968152866242,0.5031847133757962,0.17197452229299362,0.5286624203821656,0.19745222929936307,0.4140127388535032,0.18471337579617833,0.31210191082802546,-0.03184713375796178,0.47770700636942676,0.03184713375796178,0.46496815286624205,0.05732484076433121,0.37579617834394907,0.05732484076433121,0.29936305732484075,-0.15286624203821655,0.43312101910828027,-0.10828025477707007,0.4267515923566879,-0.07643312101910828,0.34394904458598724,-0.06369426751592357,0.28662420382165604
8,0.0,0.0,0.18831168831168832,0.032467532467532464,0.3961038961038961,0.14285714285714285,0.5844155844155844,0.2077922077922078,0.7532467532467533,0.22727272727272727,0.2792207792207792,0.474025974025974,0.3181818181818182,0.7012987012987013,0.3246753246753247,0.8506493506493507,0.3246753246753247,0.961038961038961,0.12987012987012986,0.5194805194805194,0.13636363636363635,0.7532467532467533,0.12337662337662338,0.8896103896103896,0.09740259740259741,1.0,-0.006493506493506494,0.5324675324675324,-0.03896103896103896,0.7402597402597403,-0.07792207792207792,0.8701298701298701,-0.12987012987012986,0.9675324675324676,-0.12987012987012986,0.5064935064935064,-0.2012987012987013,0.6493506493506493,-0.2727272727272727,0.7272727272727273,-0.33766233766233766,0.7857142857142857
8,0.0,0.0,0.18181818181818182,0.045454545454545456,0.4025974025974026,0.15584415584415584,0.5844155844155844,0.22727272727272727,0.7272727272727273,0.23376623376623376,0.22727272727272727,0.3246753246753247,0.2727272727272727,0.6493506493506493,0.2922077922077922,0.8506493506493507,0.2792207792207792,1.0,0.06493506493506493,0.36363636363636365,0.07792207792207792,0.7142857142857143,0.012987012987012988,0.8571428571428571,-0.07792207792207792,0.9285714285714286,-0.07142857142857142,0.4025974025974026,-0.06493506493506493,0.7077922077922078,-0.09740259740259741,0.8571428571428571,-0.14935064935064934,0.9285714285714286,-0.18181818181818182,0.42207792207792205,-0.18831168831168832,0.6493506493506493,-0.23376623376623376,0.7597402597402597,-0.2792207792207792,0.8181818181818182
8,0.0,0.0,0.19480519480519481,0.032467532467532464,0.4155844155844156,0.12987012987012986,0.6103896103896104,0.17532467532467533,0.7597402597402597,0.18181818181818182,0.2662337662337662,0.43506493506493504,0.3246753246753247,0.7272727272727273,0.33116883116883117,0.8831168831168831,0.33766233766233766,1.0,0.11038961038961038,0.4805194805194805,0.24675324675324675,0.6038961038961039,0.36363636363636365,0.525974025974026,0.42207792207792205,0.43506493506493504,-0.025974025974025976,0.4675324675324675,0.07142857142857142,0.5324675324675324,0.13636363636363635,0.44805194805194803,0.16233766233766234,0.37012987012987014,-0.14285714285714285,0.44805194805194803,-0.06493506493506493,0.512987012987013,-0.012987012987012988,0.43506493506493504,0.012987012987012988,0.37662337662337664
8,0.0,0.0,0.2191780821917808,0.03424657534246575,0.4383561643835616,0.136986301369863,0.6301369863013698,0.1643835616438356,0.7808219178082192,0.1506849315068493,0.2945205479452055,0.4931506849315068,0.3356164383561644,0.7328767123287672,0.3493150684931507,0.8835616438356164,0.3561643835616438,1.0,0.136986301369863,0.541095890410959,0.2191780821917808,0.5068493150684932,0.23972602739726026,0.3698630136986301,0.2191780821917808,0.2876712328767123,0.00684931506849315,0.5136986301369864,0.08904109589041095,0.4520547945205479,0.10273972602739725,0.3356164383561644,0.08904109589041095,0.2671232876712329,-0.1095890410958904,0.4726027397260274,-0.04794520547945205,0.4315068493150685,-0.0136986301369863,0.3356164383561644,-0.0136986301369863,0.273972602739726
8,0.0,0.0,0.2549019607843137,-0.0392156862745098,0.5196078431372549,-0.029411764705882353,0.7647058823529411,0.0,1.0,0.0,0.18627450980392157,-0.0784313725490196,0.3137254901960784,0.1568627450980392,0.43137254901960786,0.2647058823529412,0.5490196078431373,0.3235294117647059,0.0196078431372549,0.058823529411764705,0.17647058823529413,0.35294117647058826,0.30392156862745096,0.49019607843137253,0.39215686274509803,0.5588235294117647,-0.10784313725490197,0.17647058823529413,0.06862745098039216,0.45098039215686275,0.18627450980392157,0.5588235294117647,0.2647058823529412,0.6078431372549019,-0.19607843137254902,0.27450980392156865,-0.08823529411764706,0.4803921568627451,0.00980392156862745,0.5686274509803921,0.09803921568627451,0.5980392156862745
8,0.0,0.0,0.20714285714285716,0.03571428571428571,0.42142857142857143,0.12142857142857143,0.6142857142857143,0.14285714285714285,0.7571428571428571,0.08571428571428572,0.2785714285714286,0.4785714285714286,0.32857142857142857,0.7214285714285714,0.34285714285714286,0.8785714285714286,0.34285714285714286,1.0,0.10714285714285714,0.5428571428571428,0.17857142857142858,0.5285714285714286,0.2,0.4,0.17857142857142858,0.32142857142857145,-0.02857142857142857,0.5214285714285715,0.04285714285714286,0.45714285714285713,0.07142857142857142,0.35714285714285715,0.05714285714285714,0.29285714285714287,-0.14285714285714285,0.4857142857142857,-0.08571428571428572,0.42142857142857143,-0.05714285714285714,0.32857142857142857,-0.05714285714285714,0.2785714285714286
8,0.0,0.0,0.21641791044776118,0.022388059701492536,0.4626865671641791,0.12686567164179105,0.664179104477612,0.16417910447761194,0.8134328358208955,0.11940298507462686,0.27611940298507465,0.3283582089552239,0.3582089552238806,0.6492537313432836,0.3880597014925373,0.8507462686567164,0.3880597014925373,1.0,0.08955223880597014,0.40298507462686567,0.26865671641791045,0.6492537313432836,0.3283582089552239,0.5970149253731343,0.3208955223880597,0.5074626865671642,-0.04477611940298507,0.44776119402985076,0.14925373134328357,0.6268656716417911,0.21641791044776118,0.5671641791044776,0.20149253731343283,0.48507462686567165,-0.12686567164179105,0.48507462686567165,0.04477611940298507,0.6343283582089553,0.11194029850746269,0.5746268656716418,0.1044776119402985,0.5074626865671642
8,0.0,0.0,0.22137404580152673,0.04580152671755725,0.4580152671755725,0.16793893129770993,0.6564885496183206,0.19083969465648856,0.8015267175572519,0.1297709923664122,0.2748091603053435,0.366412213740458,0.3282442748091603,0.6717557251908397,0.35877862595419846,0.8549618320610687,0.37404580152671757,1.0,0.09923664122137404,0.4122137404580153,0.22900763358778625,0.7022900763358778,0.2824427480916031,0.6259541984732825,0.26717557251908397,0.5114503816793893,-0.03816793893129771,0.4351145038167939,0.10687022900763359,0.6641221374045801,0.16030534351145037,0.5954198473282443,0.1450381679389313,0.5038167938931297,-0.13740458015267176,0.45038167938931295,-0.007633587786259542,0.6335877862595419,0.04580152671755725,0.5725190839694656,0.03816793893129771,0.48854961832061067
8,0.0,0.0,0.224,0.048,0.456,0.144,0.656,0.176,0.816,0.152,0.248,0.392,0.312,0.696,0.352,0.864,0.36,1.0,0.072,0.44,0.2,0.712,0.264,0.64,0.248,0.536,-0.056,0.456,0.072,0.704,0.136,0.632,0.12,0.536,-0.152,0.472,-0.024,0.672,0.032,0.608,0.024,0.528
8,0.0,0.0,0.22413793103448276,0.06896551724137931,0.45689655172413796,0.1724137931034483,0.6724137931034483,0.19827586206896552,0.8362068965517241,0.1724137931034483,0.2672413793103448,0.4051724137931034,0.3275862068965517,0.7155172413793104,0.35344827586206895,0.8793103448275862,0.3448275862068966,1.0,0.09482758620689655,0.4396551724137931,0.1896551724137931,0.7586206896551724,0.25,0.6810344827586207,0.22413793103448276,0.5775862068965517,-0.04310344827586207,0.45689655172413796,0.0603448275862069,0.7327586206896551,0.11206896551724138,0.6551724137931034,0.08620689655172414,0.5517241379310345,-0.16379310344827586,0.45689655172413796,-0.05172413793103448,0.6896551724137931,-0.008620689655172414,0.6120689655172413,-0.034482758620689655,0.5172413793103449
8,0.0,0.0,0.2571428571428571,0.01904761904761905,0.5428571428571428,0.13333333333333333,0.7904761904761904,0.1619047619047619,0.9809523809523809,0.10476190476190476,0.37142857142857144,0.3333333333333333,0.42857142857142855,0.6952380952380952,0.4666666666666667,0.8666666666666667,0.47619047619047616,1.0,0.18095238095238095,0.38095238095238093,0.29523809523809524,0.7523809523809524,0.34285714285714286,0.6571428571428571,0.3333333333333333,0.5238095238095238,0.01904761904761905,0.4095238095238095,0.14285714285714285,0.7428571428571429,0.19047619047619047,0.638095238095238,0.17142857142857143,0.5238095238095238,-0.10476190476190476,0.42857142857142855,0.009523809523809525,0.6857142857142857,0.047619047619047616,0.6,0.02857142857142857,0.4857142857142857
8,0.0,0.0,0.2708333333333333,0.020833333333333332,0.5625,0.13541666666666666,0.8125,0.15625,1.0,0.09375,0.3645833333333333,0.3333333333333333,0.4375,0.71875,0.4895833333333333,0.8854166666666666,0.5104166666666666,1.0,0.15625,0.375,0.3020833333333333,0.7708333333333334,0.3645833333333333,0.6770833333333334,0.3333333333333333,0.5416666666666666,-0.010416666666666666,0.40625,0.13541666666666666,0.7708333333333334,0.1875,0.6666666666666666,0.15625,0.5416666666666666,-0.14583333333333334,0.4479166666666667,0.0,0.7291666666666666,0.041666666666666664,0.6354166666666666,0.010416666666666666,0.5208333333333334
8,0.0,0.0,0.25,0.03125,0.5520833333333334,0.14583333333333334,0.7916666666666666,0.16666666666666666,0.9791666666666666,0.10416666666666667,0.375,0.3125,0.46875,0.6770833333333334,0.5208333333333334,0.8541666666666666,0.5520833333333334,1.0,0.16666666666666666,0.3645833333333333,0.3229166666666667,0.75,0.3645833333333333,0.6458333333333334,0.3333333333333333,0.5208333333333334,0.0,0.40625,0.15625,0.75,0.17708333333333334,0.6458333333333334,0.14583333333333334,0.5208333333333334,-0.15625,0.4375,-0.010416666666666666,0.7083333333333334,0.010416666666666666,0.625,-0.020833333333333332,0.5104166666666666
8,0.0,0.0,0.23529411764705882,0.0392156862745098,0.5196078431372549,0.1568627450980392,0.7549019607843137,0.18627450980392157,0.9313725490196079,0.14705882352941177,0.4019607843137255,0.3137254901960784,0.5,0.6666666666666666,0.5490196078431373,0.8529411764705882,0.5686274509803921,1.0,0.23529411764705882,0.3431372549019608,0.3333333333333333,0.7549019607843137,0.3431372549019608,0.6470588235294118,0.3235294117647059,0.5,0.06862745098039216,0.37254901960784315,0.16666666666666666,0.7352941176470589,0.16666666666666666,0.6176470588235294,0.13725490196078433,0.49019607843137253,-0.08823529411764706,0.4019607843137255,0.0,0.6862745098039216,0.00980392156862745,0.5882352941176471,-0.0196078431372549,0.47058823529411764
8,0.0,0.0,0.23529411764705882,0.049019607843137254,0.5196078431372549,0.18627450980392157,0.7352941176470589,0.22549019607843138,0.9117647058823529,0.19607843137254902,0.4215686274509804,0.3137254901960784,0.49019607843137253,0.6568627450980392,0.5294117647058824,0.8431372549019608,0.5490196078431373,1.0,0.24509803921568626,0.3333333333333333,0.3235294117647059,0.7549019607843137,0.30392156862745096,0.6666666666666666,0.27450980392156865,0.5196078431372549,0.058823529411764705,0.35294117647058826,0.14705882352941177,0.7156862745098039,0.12745098039215685,0.6176470588235294,0.10784313725490197,0.5,-0.11764705882352941,0.37254901960784315,-0.0196078431372549,0.6568627450980392,-0.029411764705882353,0.5686274509803921,-0.049019607843137254,0.46078431372549017
8,0.0,0.0,0.21568627450980393,0.0784313725490196,0.4803921568627451,0.21568627450980393,0.696078431372549,0.27450980392156865,0.8823529411764706,0.2647058823529412,0.4019607843137255,0.3333333333333333,0.46078431372549017,0.6666666666666666,0.5,0.8529411764705882,0.5196078431372549,1.0,0.23529411764705882,0.3333333333333333,0.27450980392156865,0.7647058823529411,0.24509803921568626,0.696078431372549,0.23529411764705882,0.5490196078431373,0.058823529411764705,0.3333333333333333,0.09803921568627451,0.7058823529411765,0.06862745098039216,0.6078431372549019,0.06862745098039216,0.4803921568627451,-0.11764705882352941,0.3333333333333333,-0.058823529411764705,0.6274509803921569,-0.0784313725490196,0.5392156862745098,-0.0784313725490196,0.4117647058823529
8,0.0,0.0,0.25742574257425743,0.0594059405940594,0.5643564356435643,0.22772277227722773,0.801980198019802,0.32673267326732675,1.0,0.33663366336633666,0.46534653465346537,0.2871287128712871,0.5445544554455446,0.6435643564356436,0.594059405940594,0.8217821782178217,0.6138613861386139,0.9801980198019802,0.2871287128712871,0.3069306930693069,0.37623762376237624,0.7524752475247525,0.3465346534653465,0.7128712871287128,0.297029702970297,0.6039603960396039,0.09900990099009901,0.33663366336633666,0.18811881188118812,0.7227722772277227,0.16831683168316833,0.6237623762376238,0.13861386138613863,0.48514851485148514,-0.07920792079207921,0.36633663366336633,0.019801980198019802,0.6534653465346535,0.009900990099009901,0.5643564356435643,-0.019801980198019802,0.43564356435643564
8,0.0,0.0,-0.25274725274725274,0.10989010989010989,-0.4835164835164835,0.24175824175824176,-0.5164835164835165,0.4835164835164835,-0.5274725274725275,0.6923076923076923,-0.5164835164835165,-0.2857142857142857,-0.7032967032967034,-0.2857142857142857,-0.8571428571428571,-0.2857142857142857,-1.0,-0.2967032967032967,-0.32967032967032966,-0.4175824175824176,-0.45054945054945056,-0.02197802197802198,-0.4725274725274725,0.21978021978021978,-0.4725274725274725,0.31868131868131866,-0.12087912087912088,-0.3956043956043956,-0.2087912087912088,0.054945054945054944,-0.24175824175824176,0.2087912087912088,-0.26373626373626374,0.24175824175824176,0.06593406593406594,-0.31868131868131866,-0.01098901098901099,0.06593406593406594,-0.06593406593406594,0.2087912087912088,-0.10989010989010989,0.25274725274725274
8,0.0,0.0,-0.3563218390804598,0.04597701149425287,-0.6436781609195402,0.011494252873563218,-0.8275862068965517,-0.022988505747126436,-1.0,-0.08045977011494253,-0.4942528735632184,-0.3218390804597701,-0.632183908045977,-0.2413793103448276,-0.7586206896551724,-0.1839080459770115,-0.8620689655172413,-0.14942528735632185,-0.2988505747126437,-0.3333333333333333,-0.47126436781609193,-0.011494252873563218,-0.5517241379310345,0.26436781609195403,-0.5977011494252874,0.4482758620689655,-0.10344827586206896,-0.28735632183908044,-0.25287356321839083,0.06896551724137931,-0.3103448275862069,0.28735632183908044,-0.3448275862068966,0.4367816091954023,0.08045977011494253,-0.19540229885057472,-0.034482758620689655,0.11494252873563218,-0.11494252873563218,0.2988505747126437,-0.16091954022988506,0.41379310344827586
8,0.0,0.0,-0.3225806451612903,0.021505376344086023,-0.5913978494623656,0.010752688172043012,-0.8064516129032258,-0.010752688172043012,-1.0,-0.07526881720430108,-0.40860215053763443,-0.23655913978494625,-0.4731182795698925,-0.010752688172043012,-0.5053763440860215,0.11827956989247312,-0.5268817204301075,0.21505376344086022,-0.21505376344086022,-0.22580645161290322,-0.3333333333333333,0.13978494623655913,-0.44086021505376344,0.3870967741935484,-0.5053763440860215,0.5483870967741935,-0.03225806451612903,-0.15053763440860216,-0.17204301075268819,0.20430107526881722,-0.25806451612903225,0.40860215053763443,-0.3225806451612903,0.5268817204301075,0.0967741935483871,-0.053763440860215055,0.0,0.25806451612903225,-0.08602150537634409,0.40860215053763443,-0.15053763440860216,0.4946236559139785
8,0.0,0.0,-0.3037974683544304,-0.0379746835443038,-0.620253164556962,-0.11392405063291139,-0.8354430379746836,-0.189873417721519,-1.0,-0.31645569620253167,-0.4936708860759494,-0.3670886075949367,-0.5443037974683544,-0.2911392405063291,-0.5822784810126582,-0.24050632911392406,-0.6329113924050633,-0.20253164556962025,-0.27848101265822783,-0.43037974683544306,-0.3291139240506329,-0.0379746835443038,-0.35443037974683544,0.189873417721519,-0.379746835443038,0.3037974683544304,-0.06329113924050633,-0.3924050632911392,-0.12658227848101267,0.0,-0.1518987341772152,0.17721518987341772,-0.16455696202531644,0.26582278481012656,0.11392405063291139,-0.31645569620253167,0.05063291139240506,0.0379746835443038,0.0,0.189873417721519,-0.0379746835443038,0.26582278481012656
8,0.0,0.0,-0.2073170731707317,0.0975609756097561,-0.3902439024390244,0.1951219512195122,-0.45121951219512196,0.35365853658536583,-0.4634146341463415,0.5,-0.5121951219512195,-0.24390243902439024,-0.7317073170731707,-0.25609756097560976,-0.8902439024390244,-0.2926829268292683,-1.0,-0.32926829268292684,-0.36585365853658536,-0.34146341463414637,-0.4634146341463415,-0.12195121951219512,-0.4268292682926829,0.14634146341463414,-0.4024390243902439,0.2804878048780488,-0.17073170731707318,-0.35365853658536583,-0.23170731707317074,-0.08536585365853659,-0.2073170731707317,0.13414634146341464,-0.1951219512195122,0.24390243902439024,0.024390243902439025,-0.2926829268292683,-0.024390243902439025,-0.07317073170731707,-0.036585365853658534,0.0975609756097561,-0.036585365853658534,0.18292682926829268
8,0.0,0.0,-0.2972972972972973,0.04054054054054054,-0.5945945945945946,0.08108108108108109,-0.8243243243243243,0.12162162162162163,-1.0,0.12162162162162163,-0.581081081081081,-0.2702702702702703,-0.6621621621621622,-0.16216216216216217,-0.6756756756756757,-0.08108108108108109,-0.6891891891891891,-0.02702702702702703,-0.35135135135135137,-0.3108108108108108,-0.40540540540540543,0.08108108108108109,-0.44594594594594594,0.33783783783783783,-0.4594594594594595,0.4864864864864865,-0.0945945945945946,-0.2702702702702703,-0.17567567567567569,0.14864864864864866,-0.21621621621621623,0.33783783783783783,-0.21621621621621623,0.44594594594594594,0.10810810810810811,-0.17567567567567569,0.04054054054054054,0.1891891891891892,-0.02702702702702703,0.33783783783783783,-0.04054054054054054,0.40540540540540543
8,0.0,0.0,-0.2,0.02727272727272727,-0.4090909090909091,0.20909090909090908,-0.4909090909090909,0.42727272727272725,-0.4909090909090909,0.5909090909090909,-0.39090909090909093,0.3090909090909091,-0.42727272727272725,0.6363636363636364,-0.43636363636363634,0.8454545454545455,-0.42727272727272725,1.0,-0.2,0.34545454545454546,-0.2636363636363636,0.6727272727272727,-0.24545454545454545,0.5636363636363636,-0.20909090909090908,0.42727272727272725,-0.02727272727272727,0.38181818181818183,-0.1,0.6545454545454545,-0.1,0.5454545454545454,-0.07272727272727272,0.42727272727272725,0.12727272727272726,0.4090909090909091,0.03636363636363636,0.6181818181818182,0.03636363636363636,0.5181818181818182,0.06363636363636363,0.41818181818181815
8,0.0,0.0,-0.36666666666666664,0.016666666666666666,-0.6666666666666666,0.18333333333333332,-0.8333333333333334,0.4,-0.9,0.6166666666666667,-0.6,-0.2833333333333333,-0.7833333333333333,0.2,-0.8833333333333333,0.55,-0.9333333333333333,0.7666666666666667,-0.26666666666666666,-0.25,-0.45,0.4,-0.6333333333333333,0.8,-0.7166666666666667,0.9833333333333333,0.03333333333333333,-0.1,-0.16666666666666666,0.55,-0.36666666666666664,0.8666666666666667,-0.45,1.0,0.2833333333333333,0.08333333333333333,0.06666666666666667,0.6833333333333333,-0.13333333333333333,0.8833333333333333,-0.25,0.9666666666666667
8,0.0,0.0,-0.23577235772357724,0.032520325203252036,-0.42276422764227645,0.1951219512195122,-0.4959349593495935,0.35772357723577236,-0.4715447154471545,0.4959349593495935,-0.36585365853658536,0.35772357723577236,-0.4065040650406504,0.6666666666666666,-0.42276422764227645,0.8455284552845529,-0.4146341463414634,1.0,-0.18699186991869918,0.3821138211382114,-0.2764227642276423,0.6747967479674797,-0.3008130081300813,0.5934959349593496,-0.2682926829268293,0.4715447154471545,-0.024390243902439025,0.3983739837398374,-0.12195121951219512,0.6666666666666666,-0.13821138211382114,0.5772357723577236,-0.11382113821138211,0.4715447154471545,0.12195121951219512,0.4065040650406504,0.0,0.6341463414634146,-0.008130081300813009,0.5609756097560976,0.016260162601626018,0.4634146341463415
8,0.0,0.0,-0.3026315789473684,-0.02631578947368421,-0.6052631578947368,0.10526315789473684,-0.8157894736842105,0.25,-0.9605263157894737,0.35526315789473684,-0.3157894736842105,0.15789473684210525,-0.4342105263157895,0.5394736842105263,-0.5263157894736842,0.7368421052631579,-0.5921052631578947,0.7894736842105263,-0.039473684210526314,0.3026315789473684,-0.21052631578947367,0.6842105263157895,-0.3157894736842105,0.881578947368421,-0.35526315789473684,0.9210526315789473,0.18421052631578946,0.4342105263157895,0.02631578947368421,0.7894736842105263,-0.09210526315789473,0.9473684210526315,-0.15789473684210525,0.9473684210526315,0.34210526315789475,0.5263157894736842,0.23684210526315788,0.8552631578947368,0.14473684210526316,0.9868421052631579,0.09210526315789473,1.0
8,0.0,0.0,-0.23741007194244604,0.04316546762589928,-0.4676258992805755,0.15827338129496402,-0.6690647482014388,0.19424460431654678,-0.8201438848920863,0.16546762589928057,-0.35251798561151076,0.3597122302158273,-0.37410071942446044,0.6762589928057554,-0.381294964028777,0.8561151079136691,-0.37410071942446044,1.0,-0.17985611510791366,0.39568345323741005,-0.2517985611510791,0.6762589928057554,-0.28776978417266186,0.60431654676259,-0.2733812949640288,0.4748201438848921,-0.02158273381294964,0.41007194244604317,-0.1223021582733813,0.6546762589928058,-0.1366906474820144,0.5755395683453237,-0.11510791366906475,0.4748201438848921,0.1079136690647482,0.4172661870503597,0.0,0.6258992805755396,-0.007194244604316547,0.5467625899280576,0.014388489208633094,0.4460431654676259
8,0.0,0.0,-0.2328767123287671,0.03424657534246575,-0.4452054794520548,0.1506849315068493,-0.636986301369863,0.1917808219178082,-0.7945205479452054,0.136986301369863,-0.3287671232876712,0.3493150684931507,-0.3424657534246575,0.6712328767123288,-0.3493150684931507,0.863013698630137,-0.3493150684931507,1.0,-0.1506849315068493,0.3835616438356164,-0.21232876712328766,0.6712328767123288,-0.2671232876712329,0.5958904109589042,-0.2671232876712329,0.4726027397260274,0.0,0.3972602739726027,-0.08904109589041095,0.6438356164383562,-0.11643835616438356,0.5753424657534246,-0.1095890410958904,0.4589041095890411,0.11643835616438356,0.4041095890410959,0.0273972602739726,0.6095890410958904,0.0,0.5273972602739726,0.02054794520547945,0.4178082191780822
8,0.0,0.0,-0.2185430463576159,0.052980132450331126,-0.423841059602649,0.15894039735099338,-0.6158940397350994,0.1986754966887417,-0.7748344370860927,0.17218543046357615,-0.304635761589404,0.3973509933774834,-0.32450331125827814,0.6821192052980133,-0.33774834437086093,0.8609271523178808,-0.32450331125827814,1.0,-0.1456953642384106,0.4304635761589404,-0.2185430463576159,0.6821192052980133,-0.271523178807947,0.6026490066225165,-0.271523178807947,0.4768211920529801,0.0,0.4304635761589404,-0.08609271523178808,0.6556291390728477,-0.12582781456953643,0.5827814569536424,-0.11258278145695365,0.4768211920529801,0.11920529801324503,0.4304635761589404,0.039735099337748346,0.609271523178808,0.006622516556291391,0.5364238410596026,0.013245033112582781,0.4370860927152318
8,0.0,0.0,-0.22413793103448276,0.06321839080459771,-0.41379310344827586,0.16091954022988506,-0.5919540229885057,0.19540229885057472,-0.7528735632183908,0.1724137931034483,-0.27586206896551724,0.39080459770114945,-0.3045977011494253,0.6896551724137931,-0.3218390804597701,0.8620689655172413,-0.3160919540229885,1.0,-0.09770114942528736,0.43103448275862066,-0.20114942528735633,0.6609195402298851,-0.25862068965517243,0.5862068965517241,-0.25287356321839083,0.46551724137931033,0.05172413793103448,0.4367816091954023,-0.06896551724137931,0.6379310344827587,-0.10919540229885058,0.5689655172413793,-0.10344827586206896,0.47126436781609193,0.1724137931034483,0.4367816091954023,0.05172413793103448,0.5919540229885057,0.005747126436781609,0.5402298850574713,0.017241379310344827,0.4540229885057471
8,0.0,0.0,-0.2894736842105263,-0.017543859649122806,-0.5614035087719298,0.008771929824561403,-0.7894736842105263,-0.02631578947368421,-1.0,-0.14912280701754385,-0.2894736842105263,-0.14912280701754385,-0.32456140350877194,0.15789473684210525,-0.37719298245614036,0.39473684210526316,-0.4298245614035088,0.543859649122807,0.008771929824561403,-0.09649122807017543,-0.09649122807017543,0.3157894736842105,-0.24561403508771928,0.43859649122807015,-0.3508771929824561,0.41228070175438597,0.24561403508771928,0.0,0.12280701754385964,0.43859649122807015,0.008771929824561403,0.5175438596491229,-0.06140350877192982,0.4473684210526316,0.4298245614035088,0.11403508771929824,0.3333333333333333,0.4649122807017544,0.20175438596491227,0.5,0.13157894736842105,0.43859649122807015
8,0.0,0.0,-0.2573099415204678,0.0,-0.47953216374269003,0.09941520467836257,-0.6608187134502924,0.18128654970760233,-0.8070175438596491,0.16374269005847952,-0.3567251461988304,0.39766081871345027,-0.42105263157894735,0.6842105263157895,-0.4502923976608187,0.8654970760233918,-0.4678362573099415,1.0,-0.19298245614035087,0.4619883040935672,-0.32748538011695905,0.6198830409356725,-0.3567251461988304,0.5380116959064327,-0.3216374269005848,0.4269005847953216,-0.04678362573099415,0.47953216374269003,-0.17543859649122806,0.5906432748538012,-0.19298245614035087,0.5146198830409356,-0.16374269005847952,0.42105263157894735,0.07602339181286549,0.47368421052631576,-0.03508771929824561,0.5614035087719298,-0.06432748538011696,0.49707602339181284,-0.04678362573099415,0.4152046783625731
8,0.0,0.0,-0.23699421965317918,0.011560693641618497,-0.4393063583815029,0.10404624277456648,-0.6184971098265896,0.18497109826589594,-0.7630057803468208,0.16184971098265896,-0.34104046242774566,0.3930635838150289,-0.3872832369942196,0.6820809248554913,-0.41040462427745666,0.8670520231213873,-0.42196531791907516,1.0,-0.1676300578034682,0.4624277456647399,-0.27167630057803466,0.5780346820809249,-0.2774566473988439,0.4797687861271676,-0.23699421965317918,0.3699421965317919,-0.023121387283236993,0.4797687861271676,-0.13872832369942195,0.5375722543352601,-0.13872832369942195,0.45664739884393063,-0.09826589595375723,0.35260115606936415,0.10404624277456648,0.47398843930635837,-0.011560693641618497,0.5086705202312138,-0.011560693641618497,0.42196531791907516,0.017341040462427744,0.34104046242774566
8,0.0,0.0,-0.2603550295857988,0.01775147928994083,-0.46153846153846156,0.11242603550295859,-0.6568047337278107,0.1893491124260355,-0.8165680473372781,0.15976331360946747,-0.3609467455621302,0.40828402366863903,-0.4260355029585799,0.7041420118343196,-0.44970414201183434,0.8757396449704142,-0.46153846153846156,1.0,-0.1893491124260355,0.47928994082840237,-0.30177514792899407,0.6035502958579881,-0.31952662721893493,0.5207100591715976,-0.2958579881656805,0.4260355029585799,-0.04142011834319527,0.48520710059171596,-0.15976331360946747,0.5502958579881657,-0.15976331360946747,0.47337278106508873,-0.1301775147928994,0.3905325443786982,0.08284023668639054,0.47337278106508873,-0.01775147928994083,0.5088757396449705,-0.023668639053254437,0.4319526627218935,0.0,0.3668639053254438
8,0.0,0.0,-0.23668639053254437,-0.011834319526627219,-0.44970414201183434,0.07692307692307693,-0.6331360946745562,0.15976331360946747,-0.7988165680473372,0.1301775147928994,-0.3668639053254438,0.40236686390532544,-0.42011834319526625,0.6804733727810651,-0.4437869822485207,0.863905325443787,-0.46745562130177515,1.0,-0.21301775147928995,0.47337278106508873,-0.26627218934911245,0.5384615384615384,-0.25443786982248523,0.41420118343195267,-0.21301775147928995,0.30177514792899407,-0.0650887573964497,0.48520710059171596,-0.11834319526627218,0.4970414201183432,-0.10650887573964497,0.38461538461538464,-0.08284023668639054,0.28402366863905326,0.0650887573964497,0.48520710059171596,0.011834319526627219,0.47928994082840237,0.01775147928994083,0.3668639053254438,0.03550295857988166,0.28402366863905326
8,0.0,0.0,-0.27058823529411763,0.0058823529411764705,-0.4764705882352941,0.10588235294117647,-0.6647058823529411,0.19411764705882353,-0.8176470588235294,0.16470588235294117,-0.38235294117647056,0.38235294117647056,-0.4470588235294118,0.6764705882352942,-0.4764705882352941,0.8588235294117647,-0.4823529411764706,1.0,-0.21764705882352942,0.4588235294117647,-0.34705882352941175,0.6,-0.37058823529411766,0.5117647058823529,-0.3411764705882353,0.4117647058823529,-0.07647058823529412,0.4764705882352941,-0.21176470588235294,0.5705882352941176,-0.21764705882352942,0.49411764705882355,-0.18235294117647058,0.4,0.047058823529411764,0.4823529411764706,-0.06470588235294118,0.5352941176470588,-0.07647058823529412,0.4647058823529412,-0.058823529411764705,0.38823529411764707
8,0.0,0.0,-0.2529411764705882,0.011764705882352941,-0.45294117647058824,0.1,-0.6352941176470588,0.18235294117647058,-0.788235294117647,0.16470588235294117,-0.36470588235294116,0.4176470588235294,-0.4235294117647059,0.6823529411764706,-0.4470588235294118,0.8588235294117647,-0.45294117647058824,1.0,-0.21176470588235294,0.48823529411764705,-0.3058823529411765,0.5764705882352941,-0.3058823529411765,0.4764705882352941,-0.27647058823529413,0.38235294117647056,-0.06470588235294118,0.5,-0.16470588235294117,0.5529411764705883,-0.16470588235294117,0.4647058823529412,-0.13529411764705881,0.3764705882352941,0.06470588235294118,0.5,-0.029411764705882353,0.5294117647058824,-0.029411764705882353,0.45294117647058824,-0.0058823529411764705,0.38235294117647056
8,0.0,0.0,-0.27011494252873564,0.011494252873563218,-0.45977011494252873,0.11494252873563218,-0.6436781609195402,0.19540229885057472,-0.7873563218390804,0.16091954022988506,-0.39080459770114945,0.39655172413793105,-0.4425287356321839,0.6896551724137931,-0.45977011494252873,0.867816091954023,-0.46551724137931033,1.0,-0.23563218390804597,0.47126436781609193,-0.3333333333333333,0.5747126436781609,-0.3448275862068966,0.4885057471264368,-0.3160919540229885,0.3850574712643678,-0.08045977011494253,0.4827586206896552,-0.1896551724137931,0.5402298850574713,-0.19540229885057472,0.45977011494252873,-0.16091954022988506,0.3735632183908046,0.04597701149425287,0.4827586206896552,-0.05172413793103448,0.5172413793103449,-0.05747126436781609,0.4425287356321839,-0.034482758620689655,0.367816091954023
8,0.0,0.0,-0.23976608187134502,0.0,-0.45614035087719296,0.08771929824561403,-0.6432748538011696,0.18128654970760233,-0.7953216374269005,0.16374269005847952,-0.38596491228070173,0.42105263157894735,-0.4444444444444444,0.6900584795321637,-0.4619883040935672,0.8654970760233918,-0.4619883040935672,1.0,-0.23391812865497075,0.49122807017543857,-0.28654970760233917,0.6198830409356725,-0.27485380116959063,0.5730994152046783,-0.23391812865497075,0.5087719298245614,-0.0935672514619883,0.52046783625731,-0.12280701754385964,0.6374269005847953,-0.07017543859649122,0.6198830409356725,0.0,0.5789473684210527,0.023391812865497075,0.52046783625731,0.03508771929824561,0.6081871345029239,0.07602339181286549,0.5847953216374269,0.13450292397660818,0.543859649122807
8,0.0,0.0,-0.24431818181818182,0.005681818181818182,-0.44886363636363635,0.09659090909090909,-0.625,0.18181818181818182,-0.7784090909090909,0.17045454545454544,-0.38636363636363635,0.4147727272727273,-0.4318181818181818,0.6818181818181818,-0.44886363636363635,0.8636363636363636,-0.4602272727272727,1.0,-0.23295454545454544,0.48863636363636365,-0.2897727272727273,0.5397727272727273,-0.29545454545454547,0.4431818181818182,-0.26704545454545453,0.3522727272727273,-0.07954545454545454,0.5,-0.11363636363636363,0.5340909090909091,-0.09659090909090909,0.44886363636363635,-0.056818181818181816,0.35795454545454547,0.05113636363636364,0.5,0.09090909090909091,0.5681818181818182,0.16477272727272727,0.5568181818181818,0.24431818181818182,0.5397727272727273
8,0.0,0.0,-0.24858757062146894,0.0,-0.4576271186440678,0.096045197740113,-0.6440677966101694,0.1694915254237288,-0.7853107344632768,0.1694915254237288,-0.3898305084745763,0.423728813559322,-0.4350282485875706,0.6949152542372882,-0.4463276836158192,0.8700564971751412,-0.4576271186440678,1.0,-0.23728813559322035,0.4971751412429379,-0.288135593220339,0.5310734463276836,-0.3050847457627119,0.4463276836158192,-0.288135593220339,0.3615819209039548,-0.0847457627118644,0.5084745762711864,-0.10734463276836158,0.519774011299435,-0.11299435028248588,0.4519774011299435,-0.0847457627118644,0.3785310734463277,0.05084745762711865,0.4915254237288136,0.096045197740113,0.5028248587570622,0.14124293785310735,0.4689265536723164,0.21468926553672316,0.4350282485875706
8,0.0,0.0,-0.24855491329479767,-0.023121387283236993,-0.4624277456647399,0.06936416184971098,-0.6473988439306358,0.16184971098265896,-0.8034682080924855,0.15606936416184972,-0.3988439306358382,0.3988439306358382,-0.4393063583815029,0.6820809248554913,-0.4508670520231214,0.8670520231213873,-0.4624277456647399,1.0,-0.24855491329479767,0.48554913294797686,-0.24855491329479767,0.5202312138728323,-0.23699421965317918,0.42196531791907516,-0.20809248554913296,0.32947976878612717,-0.08670520231213873,0.49710982658959535,-0.08092485549132948,0.49710982658959535,-0.07514450867052024,0.42196531791907516,-0.05202312138728324,0.35260115606936415,0.057803468208092484,0.4913294797687861,0.09248554913294797,0.48554913294797686,0.12138728323699421,0.42196531791907516,0.16184971098265896,0.3699421965317919
8,0.0,0.0,-0.2471264367816092,-0.017241379310344827,-0.47126436781609193,0.08045977011494253,-0.6494252873563219,0.1724137931034483,-0.7988505747126436,0.16666666666666666,-0.39080459770114945,0.43103448275862066,-0.4425287356321839,0.6896551724137931,-0.4540229885057471,0.8620689655172413,-0.46551724137931033,1.0,-0.2413793103448276,0.5,-0.27586206896551724,0.5287356321839081,-0.2471264367816092,0.40804597701149425,-0.20689655172413793,0.3160919540229885,-0.08620689655172414,0.5057471264367817,-0.10344827586206896,0.5,-0.08620689655172414,0.40229885057471265,-0.040229885057471264,0.3218390804597701,0.05747126436781609,0.4885057471264368,0.07471264367816093,0.47701149425287354,0.09770114942528736,0.39655172413793105,0.13793103448275862,0.3333333333333333
8,0.0,0.0,-0.23255813953488372,-0.029069767441860465,-0.45348837209302323,0.05232558139534884,-0.6395348837209303,0.1511627906976744,-0.7906976744186046,0.1511627906976744,-0.3953488372093023,0.3953488372093023,-0.42441860465116277,0.686046511627907,-0.436046511627907,0.8662790697674418,-0.4476744186046512,1.0,-0.2558139534883721,0.4883720930232558,-0.21511627906976744,0.5,-0.19767441860465115,0.4011627906976744,-0.18604651162790697,0.3081395348837209,-0.09302325581395349,0.5,-0.06395348837209303,0.47674418604651164,-0.05813953488372093,0.38953488372093026,-0.05232558139534884,0.3081395348837209,0.05232558139534884,0.5,0.06976744186046512,0.45930232558139533,0.06976744186046512,0.36627906976744184,0.06395348837209303,0.29069767441860467
8,0.0,0.0,-0.2619047619047619,-0.05357142857142857,-0.4880952380952381,0.041666666666666664,-0.6845238095238095,0.14285714285714285,-0.8452380952380952,0.13690476190476192,-0.4166666666666667,0.4107142857142857,-0.4642857142857143,0.6845238095238095,-0.47619047619047616,0.8690476190476191,-0.47619047619047616,1.0,-0.27976190476190477,0.5059523809523809,-0.2857142857142857,0.49404761904761907,-0.26785714285714285,0.3869047619047619,-0.23809523809523808,0.30952380952380953,-0.125,0.5238095238095238,-0.16071428571428573,0.48214285714285715,-0.14285714285714285,0.40476190476190477,-0.1130952380952381,0.3333333333333333,0.011904761904761904,0.5238095238095238,-0.023809523809523808,0.4880952380952381,-0.017857142857142856,0.4107142857142857,0.0,0.34523809523809523
8,0.0,0.0,-0.25595238095238093,-0.05357142857142857,-0.47023809523809523,0.03571428571428571,-0.6666666666666666,0.13690476190476192,-0.8273809523809523,0.13095238095238096,-0.4107142857142857,0.4166666666666667,-0.44642857142857145,0.6904761904761905,-0.4583333333333333,0.8690476190476191,-0.4642857142857143,1.0,-0.2619047619047619,0.5178571428571429,-0.25,0.49404761904761907,-0.23214285714285715,0.39285714285714285,-0.20833333333333334,0.30952380952380953,-0.09523809523809523,0.5297619047619048,-0.10714285714285714,0.47619047619047616,-0.10119047619047619,0.39880952380952384,-0.07738095238095238,0.3273809523809524,0.05357142857142857,0.5238095238095238,0.02976190476190476,0.47023809523809523,0.02976190476190476,0.3869047619047619,0.041666666666666664,0.3273809523809524
8,0.0,0.0,-0.24848484848484848,-0.05454545454545454,-0.4727272727272727,0.030303030303030304,-0.6787878787878788,0.1393939393939394,-0.8363636363636363,0.12727272727272726,-0.41818181818181815,0.38181818181818183,-0.44242424242424244,0.6787878787878788,-0.45454545454545453,0.8666666666666667,-0.45454545454545453,1.0,-0.2727272727272727,0.47878787878787876,-0.22424242424242424,0.5393939393939394,-0.2,0.4303030303030303,-0.18181818181818182,0.3333333333333333,-0.10909090909090909,0.503030303030303,-0.07878787878787878,0.5212121212121212,-0.06060606060606061,0.43636363636363634,-0.048484848484848485,0.3393939393939394,0.05454545454545454,0.5151515151515151,0.06666666666666667,0.509090909090909,0.07878787878787878,0.4121212121212121,0.07878787878787878,0.3333333333333333
8,0.0,0.0,-0.25903614457831325,-0.04216867469879518,-0.4759036144578313,0.03614457831325301,-0.6746987951807228,0.13855421686746988,-0.8253012048192772,0.13253012048192772,-0.40963855421686746,0.41566265060240964,-0.43373493975903615,0.6867469879518072,-0.4397590361445783,0.8674698795180723,-0.4457831325301205,1.0,-0.25903614457831325,0.5240963855421686,-0.21084337349397592,0.5060240963855421,-0.19879518072289157,0.40963855421686746,-0.18674698795180722,0.3192771084337349,-0.08433734939759036,0.5421686746987951,-0.0783132530120482,0.4879518072289157,-0.07228915662650602,0.40963855421686746,-0.06626506024096386,0.3313253012048193,0.06626506024096386,0.536144578313253,0.06626506024096386,0.4819277108433735,0.06626506024096386,0.39759036144578314,0.060240963855421686,0.3192771084337349
8,0.0,0.0,-0.23809523809523808,-0.047619047619047616,-0.4523809523809524,0.03571428571428571,-0.6428571428571429,0.13095238095238096,-0.8035714285714286,0.125,-0.39285714285714285,0.40476190476190477,-0.42857142857142855,0.6785714285714286,-0.43452380952380953,0.8690476190476191,-0.42857142857142855,1.0,-0.25595238095238093,0.4880952380952381,-0.20238095238095238,0.5238095238095238,-0.18452380952380953,0.4166666666666667,-0.18452380952380953,0.3273809523809524,-0.09523809523809523,0.5,-0.07738095238095238,0.5059523809523809,-0.05952380952380952,0.42857142857142855,-0.05952380952380952,0.34523809523809523,0.047619047619047616,0.49404761904761907,0.05952380952380952,0.5,0.06547619047619048,0.4107142857142857,0.05952380952380952,0.3333333333333333
8,0.0,0.0,-0.25157232704402516,-0.10062893081761007,-0.4968553459119497,-0.025157232704402517,-0.6981132075471698,0.09433962264150944,-0.8616352201257862,0.09433962264150944,-0.42138364779874216,0.3710691823899371,-0.46540880503144655,0.660377358490566,-0.4716981132075472,0.8553459119496856,-0.4716981132075472,1.0,-0.2830188679245283,0.48427672955974843,-0.22641509433962265,0.4716981132075472,-0.20125786163522014,0.36477987421383645,-0.18238993710691823,0.2830188679245283,-0.12578616352201258,0.5031446540880503,-0.10062893081761007,0.4591194968553459,-0.0880503144654088,0.3710691823899371,-0.07547169811320754,0.3018867924528302,0.031446540880503145,0.5031446540880503,0.03773584905660377,0.4528301886792453,0.0440251572327044,0.36477987421383645,0.0440251572327044,0.3018867924528302
8,0.0,0.0,-0.2545454545454545,-0.07878787878787878,-0.4909090909090909,0.0,-0.6848484848484848,0.12727272727272726,-0.8424242424242424,0.10909090909090909,-0.4121212121212121,0.3878787878787879,-0.45454545454545453,0.6727272727272727,-0.46060606060606063,0.8606060606060606,-0.45454545454545453,1.0,-0.28484848484848485,0.503030303030303,-0.22424242424242424,0.47878787878787876,-0.19393939393939394,0.37575757575757573,-0.18181818181818182,0.3090909090909091,-0.12727272727272726,0.5212121212121212,-0.10303030303030303,0.45454545454545453,-0.09090909090909091,0.3696969696969697,-0.08484848484848485,0.30303030303030304,0.030303030303030304,0.5151515151515151,0.030303030303030304,0.44242424242424244,0.03636363636363636,0.36363636363636365,0.030303030303030304,0.3212121212121212
8,0.0,0.0,-0.2625,-0.10625,-0.5,-0.025,-0.69375,0.1,-0.85625,0.06875,-0.41875,0.35,-0.45625,0.65,-0.4625,0.85,-0.4625,1.0,-0.2875,0.475,-0.23125,0.45625,-0.20625,0.3625,-0.19375,0.29375,-0.11875,0.4875,-0.1125,0.4375,-0.1,0.3625,-0.0875,0.3,0.0375,0.48125,0.03125,0.45,0.0375,0.36875,0.03125,0.31875
8,0.0,0.0,-0.21649484536082475,0.061855670103092786,-0.4742268041237113,0.20618556701030927,-0.6701030927835051,0.26804123711340205,-0.8350515463917526,0.2268041237113402,-0.4948453608247423,0.32989690721649484,-0.5257731958762887,0.6597938144329897,-0.5360824742268041,0.845360824742268,-0.5463917525773195,1.0,-0.35051546391752575,0.32989690721649484,-0.28865979381443296,0.7216494845360825,-0.25773195876288657,0.6288659793814433,-0.25773195876288657,0.4845360824742268,-0.18556701030927836,0.3402061855670103,-0.14432989690721648,0.6907216494845361,-0.12371134020618557,0.5979381443298969,-0.12371134020618557,0.4639175257731959,-0.010309278350515464,0.3402061855670103,-0.020618556701030927,0.6185567010309279,0.0,0.5360824742268041,0.010309278350515464,0.41237113402061853
8,0.0,0.0,-0.2375,0.075,-0.5375,0.2125,-0.7625,0.2875,-0.9625,0.275,-0.55,0.2875,-0.6,0.625,-0.625,0.8375,-0.65,1.0,-0.4,0.3125,-0.3375,0.7375,-0.3125,0.6625,-0.3125,0.5375,-0.2125,0.325,-0.175,0.725,-0.15,0.6375,-0.1625,0.5,-0.0375,0.3375,-0.025,0.6625,-0.0125,0.575,-0.0125,0.4625
8,0.0,0.0,-0.22784810126582278,0.0379746835443038,-0.5443037974683544,0.1518987341772152,-0.7974683544303798,0.16455696202531644,-1.0,0.10126582278481013,-0.5822784810126582,0.22784810126582278,-0.6455696202531646,0.569620253164557,-0.6835443037974683,0.7848101265822784,-0.7088607594936709,0.9493670886075949,-0.4050632911392405,0.24050632911392406,-0.379746835443038,0.6962025316455697,-0.3291139240506329,0.5822784810126582,-0.31645569620253167,0.4177215189873418,-0.21518987341772153,0.26582278481012656,-0.21518987341772153,0.6708860759493671,-0.16455696202531644,0.569620253164557,-0.16455696202531644,0.43037974683544306,-0.02531645569620253,0.3037974683544304,-0.0759493670886076,0.6455696202531646,-0.0379746835443038,0.5443037974683544,0.0,0.4050632911392405
8,0.0,0.0,-0.24390243902439024,0.024390243902439025,-0.5487804878048781,0.12195121951219512,-0.7926829268292683,0.12195121951219512,-0.9512195121951219,0.024390243902439025,-0.573170731707317,0.2804878048780488,-0.6707317073170732,0.6341463414634146,-0.7195121951219512,0.8414634146341463,-0.7560975609756098,1.0,-0.4268292682926829,0.32926829268292684,-0.4146341463414634,0.6951219512195121,-0.35365853658536583,0.5975609756097561,-0.32926829268292684,0.4634146341463415,-0.24390243902439024,0.36585365853658536,-0.2682926829268293,0.6951219512195121,-0.21951219512195122,0.5975609756097561,-0.1951219512195122,0.47560975609756095,-0.07317073170731707,0.4024390243902439,-0.12195121951219512,0.6585365853658537,-0.07317073170731707,0.5609756097560976,-0.04878048780487805,0.43902439024390244
8,0.0,0.0,-0.2839506172839506,0.0,-0.5925925925925926,0.04938271604938271,-0.8271604938271605,0.037037037037037035,-1.0,-0.024691358024691357,-0.6666666666666666,0.2716049382716049,-0.7654320987654321,0.6172839506172839,-0.8148148148148148,0.8271604938271605,-0.8518518518518519,0.9876543209876543,-0.5308641975308642,0.2962962962962963,-0.48148148148148145,0.7037037037037037,-0.41975308641975306,0.5925925925925926,-0.3950617283950617,0.4567901234567901,-0.345679012345679,0.32098765432098764,-0.30864197530864196,0.6790123456790124,-0.25925925925925924,0.5802469135802469,-0.25925925925925924,0.4444444444444444,-0.14814814814814814,0.3333333333333333,-0.14814814814814814,0.6296296296296297,-0.12345679012345678,0.5432098765432098,-0.1111111111111111,0.4074074074074074
8,0.0,0.0,-0.2597402597402597,0.09090909090909091,-0.4935064935064935,0.2727272727272727,-0.5844155844155844,0.45454545454545453,-0.5714285714285714,0.5844155844155844,-0.6233766233766234,0.33766233766233766,-0.7402597402597403,0.6493506493506493,-0.8051948051948052,0.8441558441558441,-0.8311688311688312,1.0,-0.4935064935064935,0.35064935064935066,-0.4805194805194805,0.7532467532467533,-0.4025974025974026,0.6883116883116883,-0.37662337662337664,0.5714285714285714,-0.3246753246753247,0.36363636363636365,-0.2987012987012987,0.7272727272727273,-0.24675324675324675,0.6493506493506493,-0.24675324675324675,0.5324675324675324,-0.12987012987012986,0.37662337662337664,-0.14285714285714285,0.6753246753246753,-0.11688311688311688,0.6103896103896104,-0.1038961038961039,0.5064935064935064
8,0.0,0.0,-0.25,0.039473684210526314,-0.5394736842105263,0.15789473684210525,-0.7763157894736842,0.17105263157894737,-0.9605263157894737,0.07894736842105263,-0.631578947368421,0.3026315789473684,-0.7236842105263158,0.6447368421052632,-0.7631578947368421,0.8552631578947368,-0.8026315789473685,1.0,-0.5,0.3157894736842105,-0.42105263157894735,0.75,-0.35526315789473684,0.6447368421052632,-0.35526315789473684,0.5131578947368421,-0.32894736842105265,0.3157894736842105,-0.25,0.7368421052631579,-0.21052631578947367,0.618421052631579,-0.21052631578947367,0.47368421052631576,-0.13157894736842105,0.32894736842105265,-0.11842105263157894,0.6842105263157895,-0.07894736842105263,0.5789473684210527,-0.06578947368421052,0.44736842105263160,0.0,0.0,-0.07317073170731707,-0.2804878048780488,-0.3170731707317073,-0.5365853658536586,-0.573170731707317,-0.6707317073170732,-0.7926829268292683,-0.725609756097561,-0.21951219512195122,-0.7378048780487805,-0.573170731707317,-0.8963414634146342,-0.8170731707317073,-0.9573170731707317,-1.0,-0.9878048780487805,-0.21951219512195122,-0.5914634146341463,-0.7012195121951219,-0.676829268292683,-0.6829268292682927,-0.5609756097560976,-0.5609756097560976,-0.5,-0.23780487804878048,-0.3780487804878049,-0.6890243902439024,-0.47560975609756095,-0.6402439024390244,-0.3780487804878049,-0.5060975609756098,-0.32926829268292684,-0.2682926829268293,-0.14634146341463414,-0.5975609756097561,-0.18902439024390244,-0.5792682926829268,-0.15853658536585366,-0.4817073170731707,-0.15853658536585366
0,0.0,0.0,0.1024390243902439,-0.15609756097560976,0.13170731707317074,-0.43902439024390244,0.1024390243902439,-0.7024390243902439,0.15609756097560976,-0.9121951219512195,0.16097560975609757,-0.35121951219512193,0.004878048780487805,-0.6682926829268293,-0.1073170731707317,-0.8585365853658536,-0.21951219512195122,-1.0,-0.06829268292682927,-0.24878048780487805,-0.1902439024390244,-0.47804878048780486,-0.0975609756097561,-0.34146341463414637,-0.03414634146341464,-0.1951219512195122,-0.25853658536585367,-0.12682926829268293,-0.3902439024390244,-0.33658536585365856,-0.2926829268292683,-0.18048780487804877,-0.2146341463414634,-0.03414634146341464,-0.4097560975609756,-0.00975609756097561,-0.526829268292683,-0.12195121951219512,-0.45365853658536587,-0.004878048780487805,-0.3902439024390244,0.01951219512195122
0,0.0,0.0,-0.05454545454545454,-0.32727272727272727,0.045454545454545456,-0.6454545454545455,0.23636363636363636,-0.8727272727272727,0.42727272727272725,-1.0,0.36363636363636365,-0.7,0.7454545454545455,-0.8727272727272727,0.8545454545454545,-0.8727272727272727,0.8636363636363636,-0.8454545454545455,0.4909090909090909,-0.5363636363636364,0.8909090909090909,-0.7090909090909091,0.9272727272727272,-0.6909090909090909,0.8727272727272727,-0.6454545454545455,0.5818181818181818,-0.34545454545454546,0.9181818181818182,-0.4727272727272727,0.8909090909090909,-0.45454545454545453,0.8090909090909091,-0.42727272727272725,0.6454545454545455,-0.14545454545454545,0.9454545454545454,-0.2909090909090909,0.9454545454545454,-0.3181818181818182,0.8909090909090909,-0.3181818181818182
0,0.0,0.0,-0.048,-0.296,0.04,-0.544,0.208,-0.736,0.36,-0.864,0.352,-0.616,0.656,-0.752,0.76,-0.744,0.8,-0.712,0.472,-0.472,0.792,-0.616,0.888,-0.6,0.912,-0.576,0.552,-0.304,0.84,-0.44,0.928,-0.44,0.952,-0.44,0.592,-0.128,0.848,-0.248,0.944,-0.288,1.0,-0.32
0,0.0,0.0,-0.04310344827586207,-0.3275862068965517,0.06896551724137931,-0.6120689655172413,0.25,-0.8189655172413793,0.4224137931034483,-0.9568965517241379,0.3793103448275862,-0.6637931034482759,0.6982758620689655,-0.8103448275862069,0.7758620689655172,-0.8103448275862069,0.7844827586206896,-0.7844827586206896,0.5086206896551724,-0.5086206896551724,0.7931034482758621,-0.646551724137931,0.8189655172413793,-0.603448275862069,0.7931034482758621,-0.5431034482758621,0.5862068965517241,-0.3275862068965517,0.8706896551724138,-0.47413793103448276,0.8706896551724138,-0.4396551724137931,0.8275862068965517,-0.3879310344827586,0.646551724137931,-0.14655172413793102,0.9224137931034483,-0.3017241379310345,0.9913793103448276,-0.31896551724137934,1.0,-0.3103448275862069
0,0.0,0.0,-0.016,-0.304,0.088,-0.544,0.256,-0.728,0.408,-0.848,0.376,-0.592,0.688,-0.72,0.808,-0.712,0.848,-0.68,0.488,-0.44,0.816,-0.584,0.904,-0.568,0.912,-0.536,0.56,-0.272,0.872,-0.408,0.944,-0.408,0.936,-0.392,0.608,-0.096,0.872,-0.224,0.968,-0.264,1.0,-0.288
0,0.0,0.0,0.07773851590106007,-0.24028268551236748,0.02120141342756184,-0.5512367491166078,-0.07773851590106007,-0.7985865724381626,-0.09187279151943463,-1.0,0.10954063604240283,-0.4558303886925795,-0.13074204946996468,-0.734982332155477,-0.26855123674911663,-0.8763250883392226,-0.3745583038869258,-0.9893992932862191,-0.038869257950530034,-0.3250883392226148,-0.2579505300353357,-0.6749116607773852,-0.2508833922261484,-0.7243816254416962,-0.20141342756183744,-0.7314487632508834,-0.19081272084805653,-0.20141342756183744,-0.3992932862190813,-0.5759717314487632,-0.3498233215547703,-0.5406360424028268,-0.26855123674911663,-0.4628975265017668,-0.34275618374558303,-0.0989399293286219,-0.49823321554770317,-0.392226148409894,-0.4416961130742049,-0.3957597173144876,-0.3710247349823322,-0.34275618374558303
0,0.0,0.0,0.08695652173913043,-0.1422924901185771,0.06324110671936758,-0.48221343873517786,0.019762845849802372,-0.7628458498023716,0.07509881422924901,-0.9802371541501976,0.25296442687747034,-0.32806324110671936,0.015810276679841896,-0.6758893280632411,-0.11857707509881422,-0.8656126482213439,-0.22924901185770752,-1.0,0.08695652173913043,-0.20553359683794467,-0.1857707509881423,-0.6324110671936759,-0.16205533596837945,-0.5335968379446641,-0.08695652173913043,-0.39920948616600793,-0.10276679841897234,-0.09881422924901186,-0.308300395256917,-0.525691699604743,-0.2845849802371542,-0.4150197628458498,-0.2134387351778656,-0.28063241106719367,-0.2845849802371542,-0.011857707509881422,-0.4426877470355731,-0.3438735177865613,-0.4150197628458498,-0.2766798418972332,-0.3557312252964427,-0.17391304347826086
0,0.0,0.0,0.09274193548387097,-0.14516129032258066,0.08064516129032258,-0.5,0.020161290322580645,-0.7943548387096774,0.0846774193548387,-1.0,0.24596774193548387,-0.3225806451612903,0.008064516129032258,-0.6854838709677419,-0.14112903225806453,-0.8669354838709677,-0.2701612903225806,-1.0,0.08064516129032258,-0.1975806451612903,-0.1975806451612903,-0.6653225806451613,-0.1693548387096774,-0.592741935483871,-0.0967741935483871,-0.4596774193548387,-0.0967741935483871,-0.08064516129032258,-0.3225806451612903,-0.5362903225806451,-0.28225806451612906,-0.4475806451612903,-0.20967741935483872,-0.3185483870967742,-0.2782258064516129,0.0,-0.4475806451612903,-0.35080645161290325,-0.3951612903225806,-0.31451612903225806,-0.33064516129032256,-0.2217741935483871
0,0.0,0.0,0.11160714285714286,-0.022321428571428572,0.049107142857142856,-0.4107142857142857,-0.0625,-0.7410714285714286,-0.03571428571428571,-1.0,0.16964285714285715,-0.26785714285714285,-0.10267857142857142,-0.625,-0.27232142857142855,-0.8169642857142857,-0.41517857142857145,-0.96875,-0.022321428571428572,-0.12053571428571429,-0.3125,-0.5535714285714286,-0.26785714285714285,-0.5223214285714286,-0.19196428571428573,-0.40625,-0.21875,0.0,-0.47767857142857145,-0.4375,-0.40625,-0.38839285714285715,-0.3080357142857143,-0.26785714285714285,-0.39732142857142855,0.0,-0.6071428571428571,-0.21875,-0.5357142857142857,-0.21875,-0.45089285714285715,-0.14285714285714285
0,0.0,0.0,0.11403508771929824,-0.013157894736842105,0.07456140350877193,-0.39473684210526316,-0.017543859649122806,-0.7236842105263158,0.05263157894736842,-0.9736842105263158,0.21929824561403508,-0.22807017543859648,-0.021929824561403508,-0.5964912280701754,-0.16666666666666666,-0.8201754385964912,-0.30701754385964913,-1.0,0.021929824561403508,-0.08771929824561403,-0.2412280701754386,-0.5745614035087719,-0.18421052631578946,-0.5087719298245614,-0.10526315789473684,-0.3508771929824561,-0.18421052631578946,0.0,-0.4166666666666667,-0.4342105263157895,-0.34210526315789475,-0.3508771929824561,-0.24561403508771928,-0.20175438596491227,-0.37280701754385964,0.0,-0.5657894736842105,-0.21929824561403508,-0.4956140350877193,-0.18859649122807018,-0.42105263157894735,-0.08333333333333333
0,0.0,0.0,0.13991769547325103,-0.04526748971193416,0.12757201646090535,-0.43209876543209874,0.05761316872427984,-0.7489711934156379,0.11934156378600823,-0.9876543209876543,0.25925925925925924,-0.2880658436213992,0.03292181069958848,-0.654320987654321,-0.09465020576131687,-0.8518518518518519,-0.205761316872428,-1.0,0.06584362139917696,-0.15637860082304528,-0.17695473251028807,-0.6419753086419753,-0.11934156378600823,-0.5637860082304527,-0.0411522633744856,-0.4074074074074074,-0.12757201646090535,-0.0411522633744856,-0.3168724279835391,-0.5061728395061729,-0.2551440329218107,-0.4156378600823045,-0.18518518518518517,-0.2757201646090535,-0.31275720164609055,0.0,-0.4732510288065844,-0.32510288065843623,-0.3991769547325103,-0.2962962962962963,-0.32098765432098764,-0.20164609053497942
